3.325924474588123347e-01,3.346830889108818874e-01,3.330716902867054130e-01,3.007957295205981874e-01,2.917786750235810689e-01,2.921591445741343884e-01,2.924520710715962646e-01,2.954851555977944244e-01,2.978308106851015880e-01,3.034209562866156396e-01,2.929150191887024968e-01,2.958488066480135514e-01,2.972810235492727715e-01,2.965033818293274503e-01,2.966233806044975552e-01,2.959935796926785878e-01,2.949965587675799639e-01,3.018534798646625994e-01,2.974816801093015939e-01,3.038469376712756853e-01,3.086896651953047743e-01,3.001618703228323692e-01,2.968068543343931887e-01,2.962899239175725286e-01,2.952969151580916440e-01,2.939510850872413261e-01,2.940384748273730531e-01,3.036528909654742092e-01,3.167876534136245259e-01,3.248048467974397613e-01,3.221831626086778533e-01,3.278415043606929258e-01,3.174718506503946269e-01,3.154180075539700367e-01,3.108865037091647632e-01,3.076435140319019323e-01,2.900386968214218042e-01,2.651909182464692871e-01,2.795102210110748109e-01,2.813732389201656914e-01,2.878773109137413577e-01,2.811577836440447564e-01,2.594866933164360900e-01,2.455946066581388143e-01,2.328356395206310492e-01,2.361358340365750930e-01,2.270120311249010370e-01,2.269948765016189529e-01,2.488270801648416186e-01,2.343353611259565150e-01,2.444937902867368451e-01,2.498583197321987415e-01,2.683867868450318106e-01,2.590225309991983083e-01,2.553794498137059166e-01,2.576986474626399848e-01,2.838449047789882718e-01,2.791009573998628479e-01,2.819178794209397654e-01,2.680649081995324923e-01,2.724256424773720542e-01,2.703766176824740630e-01,2.862238056483254467e-01,2.736493238238938419e-01,2.831472693816911579e-01,2.793050929548999695e-01,2.730229150636520052e-01,2.934728478738304891e-01,2.909698908805068429e-01,2.959218731916695710e-01,3.110040674011451123e-01,3.142835014711790054e-01,3.194241405374216858e-01,3.329310596467663363e-01,3.343904915279351520e-01,3.275805973762769274e-01,3.262128486451368881e-01,3.273121708288569964e-01,3.418441138960794934e-01,3.386066660579866161e-01,3.234432624019715763e-01,3.231461542008545740e-01,3.217353166700611666e-01,3.196853896324137190e-01,3.214353794524218988e-01,3.141534868484902043e-01,3.187074943467795296e-01,3.215798650548683524e-01,3.183192722590059143e-01,3.273471875283911481e-01,3.273450921349117526e-01,3.296200839597799304e-01,3.283099598751668680e-01,3.275301606602727955e-01,3.246432400669316265e-01,3.253057919524409147e-01,3.381999545437378019e-01,3.344079214199849881e-01,3.445103028465724693e-01,3.123818988559201593e-01,3.165536669201864384e-01,3.228236108006065086e-01,3.183998367128246243e-01,3.199988104263394306e-01,3.185064866299884834e-01,3.164293048939789132e-01,3.241857089023740812e-01,3.177606659811791356e-01,3.225082929027899836e-01,3.060834603949249555e-01,2.999680726986513335e-01,3.027598508882292649e-01,3.254803404973554692e-01,3.226886444332078829e-01,3.451954970855083404e-01,3.448209765255616510e-01,3.631605704923716038e-01,3.620012396248101227e-01,3.683614360553035816e-01,3.766808409853846240e-01,3.470707891524156818e-01,3.562849605063957426e-01,3.826368157959987304e-01,3.968981062285171224e-01,3.995168946644123698e-01,4.071892384733515335e-01,3.853418359190926012e-01,3.943551199687499453e-01,3.856596152020171364e-01,3.791914811429586973e-01,3.836546582300555674e-01,3.780478441935980483e-01,3.709231982303875519e-01,3.703019950201626997e-01,3.832319904925727272e-01,3.886388904341834816e-01,3.959452707616770151e-01,4.020639798144589605e-01,3.862286732404471845e-01,4.037464658926752659e-01,4.071209754399064407e-01,4.289250807584523151e-01,4.201899058692575850e-01,4.028599147781672940e-01,4.130371227277847557e-01,4.311492144423497708e-01,4.352411982013547620e-01,4.041831861569363804e-01,4.354934045244714946e-01,4.551831181248990887e-01,4.308350117658283351e-01,4.313177096654488007e-01,4.186969913852570668e-01,4.187921393618159183e-01,4.065410641576100992e-01,4.092823610030035808e-01,4.175948341476400927e-01,4.215071008543022635e-01,4.564117716037772166e-01,4.360539584330276330e-01,4.544326411844523683e-01,4.507484688677828033e-01,4.000103236845740651e-01,4.108813209980407555e-01,4.244965963821074051e-01,4.422936131751420974e-01,4.470348579965077174e-01,4.443236310336992068e-01,4.289343183148202621e-01,4.482880945999413447e-01,4.554929576733344754e-01,4.904903713541433063e-01,4.815511438242146003e-01,4.913018458764037977e-01,4.926804657181885205e-01,4.861986193648869525e-01,4.951302945891575269e-01,4.727740432107656599e-01,4.650890798153354821e-01,4.795172388251976447e-01,4.994132981795568194e-01,5.175098233939525727e-01,5.451203334774851195e-01,5.550055516511179787e-01,5.906944571076655492e-01,5.961446314297266236e-01,5.863805685799262646e-01,5.713930297107292500e-01,5.739199475566634234e-01,5.890445712763848762e-01,5.912365829468491096e-01,5.995028717336879920e-01,6.012426951348852633e-01,6.012059921592511902e-01,6.252755236584204290e-01,6.309357397940752454e-01,6.215440372557322624e-01,6.229469451438096606e-01,6.186568294112712030e-01
1.038814626229893068e-01,1.047052704909320758e-01,1.082609832301523606e-01,1.102309981640827441e-01,1.195706555335194488e-01,1.195028661914305373e-01,1.112346597086669026e-01,1.185745043926287462e-01,1.002465566507183825e-01,9.868680308810695578e-02,8.639860648789378372e-02,8.344788126375544957e-02,8.381469183174397597e-02,8.816372066572901456e-02,9.292210284358906613e-02,9.918687818611408857e-02,9.043472172486667626e-02,1.046870280273989734e-01,1.160223876294765033e-01,1.212875293648709718e-01,1.193502201366843374e-01,1.323809230704912354e-01,1.227641896684604078e-01,1.237204166119027227e-01,1.106348505245696306e-01,1.194130015474009210e-01,1.192432326681725496e-01,1.151679902387173632e-01,1.091206203651443607e-01,1.121445094842587475e-01,1.033407951497410521e-01,9.634090365034272962e-02,9.288971510181817659e-02,9.738649331834089984e-02,9.822216470685900258e-02,1.013821591224181307e-01,8.630751867412590761e-02,1.038996308985300210e-01,1.146437786688395272e-01,1.240224044833991429e-01,1.256541386936231852e-01,1.296171706396754553e-01,1.400385412529172591e-01,1.408621449509856738e-01,1.544532392078403760e-01,1.487996467345396867e-01,1.677448030689636382e-01,1.514491631055482068e-01,1.493499735052231658e-01,1.407425440150405216e-01,1.421097668683311277e-01,1.130829315314917649e-01,1.390054192604784078e-01,1.273470324161005141e-01,1.062780677786876737e-01,1.285855797556560431e-01,1.227739022761590859e-01,1.076470059088556336e-01,9.431874767373879531e-02,7.814750529696148917e-02,7.121384481749748474e-02,7.086908891937283850e-02,7.995944837879793987e-02,7.622271241600402092e-02,6.628208264955486040e-02,6.877462798004521649e-02,7.724827183541774223e-02,7.514672191338979401e-02,8.547213886877039202e-02,7.860925785345403149e-02,7.963577383635211948e-02,7.983352940059208758e-02,7.778837637554492090e-02,6.940160689943390693e-02,7.699618494397143798e-02,7.867585580918062815e-02,6.540046980719169123e-02,7.256098283553183426e-02,8.220381147411090494e-02,9.643199596769963522e-02,9.186468374210725318e-02,8.467852191834228381e-02,9.598012865037261476e-02,1.067022770008102667e-01,1.170494970221058750e-01,1.147927708150784931e-01,1.220997903205808394e-01,1.144618191398762003e-01,1.261546539538335177e-01,1.177827030126006036e-01,1.107487356365405295e-01,1.047160708820123881e-01,1.067243413448978884e-01,9.720634667548237740e-02,7.820187244982795827e-02,7.678735841804343321e-02,7.566267980529681192e-02,7.544600854413162361e-02,6.138610838399114616e-02,6.360604696331804975e-02,5.817096950517608445e-02,6.462526376340314849e-02,5.907460858455078345e-02,5.651173286444417798e-02,6.065856661311794240e-02,4.957741642437323015e-02,3.776551377401265314e-02,5.302312523793489829e-02,4.325344232977347547e-02,1.285976892792612195e-02,5.653743124961497016e-03,-1.030833709202067829e-02,-3.926079821751005811e-02,-2.058787215144693844e-02,-1.724149501664685308e-02,-1.206488117378603370e-02,-1.997846407368033400e-02,-2.921272748530846092e-02,-6.332380768445144970e-02,-4.583009119317792146e-02,-5.376953167968807901e-02,-5.740596477236703521e-02,-5.740155548018129744e-02,-4.491615986074518063e-02,-5.953240870160139003e-02,-3.629983848607266916e-02,-4.934463121993447332e-02,-7.252057891636358444e-02,-7.087641976801489774e-02,-4.907242601262298831e-02,-3.825495614961657576e-02,-2.341798002270764623e-02,-3.067772072540477651e-02,-1.387141095540852034e-02,-4.752895448013351454e-02,-6.388556157652891532e-02,-4.228633690334697437e-02,-3.405214290794807835e-02,-5.028401634841282719e-02,-2.910097734345934439e-02,-3.923214543263636028e-02,-2.549770228216265838e-02,-3.096431904593058976e-02,-4.000194842686857766e-02,-5.182463752826605569e-02,-8.087695150429591306e-02,-9.388832249099079985e-02,-1.143480334886138178e-01,-9.819754886364011337e-02,-9.497135480385282547e-02,-9.323191683833291499e-02,-6.088047343835938097e-02,-5.836809497372049543e-02,-4.505751208901692673e-02,-6.616395249893372577e-02,-8.084196403915568097e-02,-6.294975134191491128e-02,-1.108666739080899494e-01,-1.074148297476138630e-01,-1.063981341108920509e-01,-9.859980645593705018e-02,-9.829466652632594392e-02,-9.008287503972628452e-02,-1.244653019932775023e-01,-1.569642480426957920e-01,-1.477700759091275240e-01,-1.746998230980048861e-01,-1.980862879364455043e-01,-1.644305720927971282e-01,-1.770496192845286698e-01,-1.610917063010948169e-01,-1.718054508080437137e-01,-1.727531854553265855e-01,-1.907292943715113431e-01,-2.266730226251407743e-01,-2.249715506113569297e-01,-1.819712817870595689e-01,-1.968621086130407649e-01,-2.293004777400123595e-01,-1.909695781182421948e-01,-2.189535058554276103e-01,-2.062395199472862040e-01,-1.974470616845498683e-01,-1.733896327429218231e-01,-1.681513209694752709e-01,-1.924287503630686680e-01,-2.217226568907589845e-01,-1.963866831194768792e-01,-2.033831657536023241e-01,-1.704694154003025264e-01,-1.949517634930510168e-01,-1.525265214535019564e-01,-1.590430629409357866e-01,-1.497261693463636245e-01,-1.326344066435186930e-01,-1.249225892381348318e-01,-1.344099591460569953e-01,-1.264379445219837861e-01,-1.495900990635229411e-01
0.000000000000000000e+00,0.000000000000000000e+00,0.000000000000000000e+00,0.000000000000000000e+00,0.000000000000000000e+00,0.000000000000000000e+00,0.000000000000000000e+00,0.000000000000000000e+00,0.000000000000000000e+00,0.000000000000000000e+00,0.000000000000000000e+00,0.000000000000000000e+00,0.000000000000000000e+00,0.000000000000000000e+00,0.000000000000000000e+00,0.000000000000000000e+00,0.000000000000000000e+00,0.000000000000000000e+00,0.000000000000000000e+00,0.000000000000000000e+00,0.000000000000000000e+00,0.000000000000000000e+00,0.000000000000000000e+00,0.000000000000000000e+00,0.000000000000000000e+00,0.000000000000000000e+00,0.000000000000000000e+00,0.000000000000000000e+00,0.000000000000000000e+00,0.000000000000000000e+00,0.000000000000000000e+00,0.000000000000000000e+00,0.000000000000000000e+00,0.000000000000000000e+00,0.000000000000000000e+00,0.000000000000000000e+00,0.000000000000000000e+00,0.000000000000000000e+00,0.000000000000000000e+00,0.000000000000000000e+00,0.000000000000000000e+00,0.000000000000000000e+00,0.000000000000000000e+00,0.000000000000000000e+00,0.000000000000000000e+00,0.000000000000000000e+00,0.000000000000000000e+00,0.000000000000000000e+00,0.000000000000000000e+00,0.000000000000000000e+00,0.000000000000000000e+00,0.000000000000000000e+00,0.000000000000000000e+00,0.000000000000000000e+00,0.000000000000000000e+00,0.000000000000000000e+00,0.000000000000000000e+00,0.000000000000000000e+00,0.000000000000000000e+00,0.000000000000000000e+00,0.000000000000000000e+00,0.000000000000000000e+00,0.000000000000000000e+00,0.000000000000000000e+00,0.000000000000000000e+00,0.000000000000000000e+00,0.000000000000000000e+00,0.000000000000000000e+00,0.000000000000000000e+00,0.000000000000000000e+00,0.000000000000000000e+00,0.000000000000000000e+00,0.000000000000000000e+00,0.000000000000000000e+00,0.000000000000000000e+00,0.000000000000000000e+00,0.000000000000000000e+00,0.000000000000000000e+00,0.000000000000000000e+00,0.000000000000000000e+00,0.000000000000000000e+00,0.000000000000000000e+00,0.000000000000000000e+00,0.000000000000000000e+00,0.000000000000000000e+00,0.000000000000000000e+00,0.000000000000000000e+00,0.000000000000000000e+00,0.000000000000000000e+00,0.000000000000000000e+00,0.000000000000000000e+00,0.000000000000000000e+00,0.000000000000000000e+00,0.000000000000000000e+00,0.000000000000000000e+00,0.000000000000000000e+00,0.000000000000000000e+00,0.000000000000000000e+00,0.000000000000000000e+00,0.000000000000000000e+00,0.000000000000000000e+00,0.000000000000000000e+00,0.000000000000000000e+00,0.000000000000000000e+00,0.000000000000000000e+00,0.000000000000000000e+00,0.000000000000000000e+00,0.000000000000000000e+00,0.000000000000000000e+00,0.000000000000000000e+00,0.000000000000000000e+00,0.000000000000000000e+00,0.000000000000000000e+00,0.000000000000000000e+00,0.000000000000000000e+00,0.000000000000000000e+00,0.000000000000000000e+00,0.000000000000000000e+00,0.000000000000000000e+00,0.000000000000000000e+00,0.000000000000000000e+00,0.000000000000000000e+00,0.000000000000000000e+00,0.000000000000000000e+00,0.000000000000000000e+00,0.000000000000000000e+00,0.000000000000000000e+00,0.000000000000000000e+00,0.000000000000000000e+00,0.000000000000000000e+00,0.000000000000000000e+00,0.000000000000000000e+00,0.000000000000000000e+00,0.000000000000000000e+00,0.000000000000000000e+00,0.000000000000000000e+00,0.000000000000000000e+00,0.000000000000000000e+00,0.000000000000000000e+00,0.000000000000000000e+00,0.000000000000000000e+00,0.000000000000000000e+00,0.000000000000000000e+00,0.000000000000000000e+00,0.000000000000000000e+00,0.000000000000000000e+00,0.000000000000000000e+00,0.000000000000000000e+00,0.000000000000000000e+00,0.000000000000000000e+00,0.000000000000000000e+00,0.000000000000000000e+00,0.000000000000000000e+00,0.000000000000000000e+00,0.000000000000000000e+00,0.000000000000000000e+00,0.000000000000000000e+00,0.000000000000000000e+00,0.000000000000000000e+00,0.000000000000000000e+00,0.000000000000000000e+00,0.000000000000000000e+00,0.000000000000000000e+00,0.000000000000000000e+00,0.000000000000000000e+00,0.000000000000000000e+00,0.000000000000000000e+00,0.000000000000000000e+00,0.000000000000000000e+00,0.000000000000000000e+00,0.000000000000000000e+00,0.000000000000000000e+00,0.000000000000000000e+00,0.000000000000000000e+00,0.000000000000000000e+00,0.000000000000000000e+00,0.000000000000000000e+00,0.000000000000000000e+00,0.000000000000000000e+00,0.000000000000000000e+00,0.000000000000000000e+00,0.000000000000000000e+00,0.000000000000000000e+00,0.000000000000000000e+00,0.000000000000000000e+00,0.000000000000000000e+00,0.000000000000000000e+00,0.000000000000000000e+00,0.000000000000000000e+00,0.000000000000000000e+00,0.000000000000000000e+00,0.000000000000000000e+00,0.000000000000000000e+00,0.000000000000000000e+00,0.000000000000000000e+00,0.000000000000000000e+00,0.000000000000000000e+00,0.000000000000000000e+00,0.000000000000000000e+00
1.141222399024550277e-01,1.235318431844481257e-01,1.167434668827564692e-01,1.160260876636648175e-01,1.202319817604207558e-01,1.160060383041889159e-01,1.164411487169766807e-01,1.198410813916807455e-01,1.134339861925852261e-01,1.136840384673650922e-01,1.100763170039814193e-01,1.191383529877604042e-01,1.116523263628832752e-01,1.005153714741877785e-01,1.083535585153969083e-01,1.154056448732733026e-01,1.194126609653582555e-01,1.045700111908782204e-01,1.130320558164123607e-01,8.808564410671002043e-02,9.096181661421806619e-02,1.237750379997127059e-01,1.114005243969506259e-01,1.022233656950165409e-01,1.233965420886731501e-01,1.085298205772694535e-01,1.143886610540873899e-01,1.067792211889373594e-01,8.727348071577102628e-02,7.863927008378819583e-02,6.743625322782659248e-02,6.984872868935952661e-02,9.270912443605947018e-02,9.335207422169396196e-02,8.319720441277668466e-02,9.300694746367776933e-02,1.129377628000076822e-01,1.060884382359277289e-01,1.087451373502486690e-01,1.173086994902485386e-01,1.084730793949153504e-01,1.139123913143018918e-01,9.957881693101192089e-02,8.726701593981699145e-02,8.008999401994414125e-02,6.538951687291456871e-02,6.534733133568458585e-02,7.165932613888263691e-02,7.131941576256060900e-02,6.775842572308728162e-02,6.655552434870273815e-02,4.838837227020099940e-02,3.544179599551885995e-02,3.428268299985312573e-02,2.545820065141732313e-02,2.672628453799055781e-02,1.572986999123502511e-02,3.328126337461386614e-02,2.816183459906640429e-04,-2.396122537429016403e-02,-3.322604129656031580e-02,-3.950357196087778133e-02,-4.193431787999497146e-02,-4.390057860467392464e-02,-5.510059513651274776e-02,-6.445532832190134509e-02,-2.863050437154392169e-02,-1.974498832147461927e-02,-9.976745702316103248e-03,1.007040886230898408e-02,1.232547693457573118e-02,3.320791918175319823e-02,4.047633957372163277e-02,3.126589478287825768e-02,3.090051851751270118e-03,-1.267429420528878858e-02,2.354874598368226352e-04,-1.211804120631398626e-02,4.591836685295863640e-03,2.253593626415309817e-02,7.469594383477613786e-03,2.687971541192372624e-02,4.964828230616386701e-02,7.737799825525233655e-02,4.099397378949588833e-02,3.484378092855679870e-02,4.915549239740672760e-02,7.424203726986566831e-02,5.773159089241466924e-02,5.217755127675769572e-02,8.318991351290980218e-02,9.030446775647692215e-02,6.812705502012605940e-02,9.596470620861054235e-02,1.125164673847958291e-01,1.061178873125390026e-01,1.189406362362539632e-01,1.451171324764691239e-01,1.426695658595580063e-01,1.595127057341206578e-01,1.778239186657172011e-01,1.581185566453760794e-01,1.360877781398663333e-01,1.374362042908496562e-01,1.405348128831311882e-01,1.281085054963460035e-01,1.423542667105696657e-01,1.022403920092635338e-01,9.529016371666601537e-02,1.248061728075437748e-01,1.071554892836347750e-01,9.053676047380020131e-02,1.307312011453096723e-01,1.686207110211027649e-01,1.417542448017149181e-01,1.346636961404794608e-01,1.725395424171127512e-01,1.499610117902674122e-01,1.535551618148999486e-01,1.296967770552934773e-01,1.343680257946158751e-01,1.601244386072773473e-01,1.505770536393441217e-01,1.511206706771729136e-01,1.372947169403024026e-01,1.445410808323371044e-01,1.314181926699246050e-01,1.434761092401360960e-01,1.510631586691991435e-01,1.470958370965010920e-01,1.389489154238363611e-01,1.125041047552655521e-01,1.133446887835953126e-01,1.216462990814645012e-01,1.373398317789282230e-01,1.147118402278876348e-01,1.419034681950779309e-01,1.175025963454524730e-01,9.206013708490311254e-02,5.456597307981322920e-02,2.028880859601504133e-02,1.421295189786655339e-02,-1.804803361238385695e-02,-3.585344557907269025e-02,-3.906897305652569374e-02,-4.293804789745769845e-02,-1.330031694957110530e-02,5.963497134466897581e-03,-1.192019366018596052e-02,-8.267311103951641843e-03,1.163459468077736661e-03,7.975132567851338228e-03,9.320418192687295392e-03,-4.876106716684544887e-03,-1.454212261794848859e-02,-2.546345027007701142e-02,-4.526389422885501029e-02,-5.481492165595530652e-02,-8.109331607561373612e-02,-4.061563313893486182e-02,-3.741179932101816596e-02,-5.367682640761194113e-02,-3.790512379979416036e-02,-1.632219445308877998e-02,-3.325299260476004964e-02,-4.471398775935898906e-02,-4.058220638084833465e-02,-2.889362394451645832e-02,-2.761065136778092718e-02,-5.376810588541518221e-02,-9.891687116193856322e-02,-7.995534377132776371e-02,-9.172026142054823250e-02,-7.217068345380049654e-02,-8.493885875568993327e-02,-3.216379817653511330e-02,-1.292058934452685465e-02,-9.162357686494371212e-05,1.910083379952913843e-02,3.007040012960494890e-02,1.065811133714108377e-02,-1.628415798719443086e-02,1.209757270861757869e-02,1.597570006979865537e-02,5.199867960567832251e-03,-1.622515000734126023e-02,1.456165157477067734e-02,1.698772138543590965e-02,-7.357892036195478463e-03,-1.452492299763312109e-02,-3.551813417035595832e-02,-6.803120650998585595e-02,-6.405915165820486035e-02,-4.893745355201870040e-02,-5.114232387841174260e-02,-7.534971781939164837e-02,-7.281291786274045330e-02,-4.953143745009079557e-02,-4.671498857045386366e-02
3.313887809044177013e-01,3.319637437735979413e-01,3.367853112212821354e-01,3.348826420424935169e-01,3.336691798185547619e-01,3.322989628946804164e-01,3.332720650905555138e-01,3.282893781760096164e-01,3.339819391431783635e-01,3.339540522707050152e-01,3.316294624511237354e-01,3.348176651081815058e-01,3.286959298757825554e-01,3.236196347090387060e-01,3.287858459908493680e-01,3.186947058979582859e-01,3.316182194230697378e-01,3.242540086568380664e-01,3.404236041885048691e-01,3.192074480206549270e-01,3.430159418392518256e-01,3.489437338049088400e-01,3.628907685341282718e-01,3.563670857627362354e-01,3.506611957304038296e-01,3.598513489852336322e-01,3.508549623181650423e-01,3.469133233818398887e-01,3.593698297629100979e-01,3.410200145824649476e-01,3.489365178591691818e-01,3.467821839205890155e-01,3.623648559809961034e-01,3.615784268207637986e-01,3.634455674341710019e-01,3.710612382221726846e-01,3.937122305366483332e-01,3.804043598171468754e-01,3.571925288279828026e-01,3.419248098047988904e-01,3.558209625261315456e-01,3.513384744085775724e-01,3.754643493380674935e-01,3.613789574642433111e-01,3.429524075386348181e-01,3.505035185783892948e-01,3.531305362215721999e-01,3.519608441940785815e-01,3.407913273356769635e-01,3.310539014745292330e-01,3.458806735811150168e-01,3.589172278914225522e-01,3.693051773834273299e-01,3.918177905385412663e-01,4.135028440976040720e-01,3.789054192420903133e-01,3.724420449968771085e-01,3.563470532381519118e-01,3.388376672143578183e-01,3.559978177808872934e-01,3.791481939322357553e-01,3.927438166520296758e-01,4.119694660954381638e-01,4.004623654146071132e-01,3.975435771831594134e-01,4.002259106646544606e-01,4.084387391936035172e-01,4.081278094505331189e-01,4.045203910521944501e-01,3.993588431250080784e-01,4.016314036211666161e-01,3.958757545028296909e-01,3.967339595189832147e-01,3.943346524653943974e-01,3.967571943978710491e-01,3.832272632824743064e-01,3.861198721470046613e-01,3.854372855961408773e-01,3.897083769961013355e-01,3.877267882376879138e-01,3.863701122929559806e-01,3.865090081715022996e-01,3.886017474671726313e-01,3.827707715378629860e-01,3.965565814969803093e-01,4.016355970575570256e-01,4.046780547607431999e-01,4.042440852701563170e-01,3.983746710189522422e-01,3.998503324478697163e-01,3.933939054506994104e-01,3.737739224608515598e-01,3.715736348720202198e-01,3.817834645607306454e-01,3.840907506842086150e-01,3.849249788275754258e-01,3.866980599663643603e-01,3.898744961198440384e-01,3.848036679343911359e-01,3.861501551721520098e-01,3.880613087012456108e-01,3.926623607224449253e-01,3.903920271857926894e-01,3.974415306665461389e-01,3.998512856213737310e-01,3.991714737193608475e-01,3.998487770619613690e-01,3.969920836895621807e-01,4.028344003119420647e-01,4.000450865017544100e-01,4.073250622896598117e-01,4.101013606623634677e-01,4.042041883097029498e-01,4.062858904213744182e-01,4.003625246234442936e-01,3.919197320445202970e-01,3.884178779068299669e-01,3.812753660406324463e-01,3.796135381623363947e-01,3.783769586633629611e-01,3.791913178099763360e-01,3.844279891836100416e-01,3.846346252046156655e-01,3.788219788080716133e-01,3.808884425505891791e-01,3.594719098845998717e-01,3.470081271393437583e-01,3.467811529949624827e-01,3.527925555413095604e-01,3.508695778043770530e-01,3.282103325267528016e-01,3.299423703630924298e-01,3.208949157512686057e-01,3.236919683959548766e-01,3.268495475131548700e-01,3.261711062774163006e-01,3.266080658617884214e-01,3.261123599951183394e-01,3.292859425588096633e-01,3.302544146497243815e-01,3.298346057524257913e-01,3.342768281671322783e-01,3.284124326652934633e-01,3.225124564435499774e-01,3.181224975296951252e-01,3.038252758540107568e-01,3.019021836086143162e-01,3.186740046066494636e-01,3.309747043343264639e-01,3.162005115144446155e-01,3.148870351422375924e-01,3.167646532794894942e-01,3.149937915270372146e-01,3.171764994165464091e-01,3.216725557892005094e-01,3.362777477254099701e-01,3.267325175231493573e-01,3.431233847614351129e-01,3.527571072767846649e-01,3.451032574750928505e-01,3.369810436493692052e-01,3.404710945429239022e-01,3.394250740386887677e-01,3.345002395293629749e-01,3.579254344746793937e-01,3.573124906460213857e-01,3.412130638670834992e-01,3.327224343836694964e-01,3.295282214385786279e-01,3.285506719788887087e-01,3.334714256785787923e-01,3.316431706659556111e-01,3.297592206610867605e-01,3.383005389686947750e-01,3.377353204560502031e-01,3.337252011381139361e-01,3.283784614132257418e-01,3.184411512604432004e-01,2.972167310179771871e-01,3.000629406812722055e-01,2.939971841333313129e-01,2.872367936245766029e-01,2.901823715187939468e-01,3.016535546199726192e-01,3.045884779518225338e-01,3.190735721661822066e-01,3.107311500430670059e-01,3.145999478657868775e-01,3.178542467794042148e-01,3.197199892690364420e-01,3.211552796291143874e-01,3.357856190800628249e-01,3.392458914291436867e-01,3.386639808451469280e-01,3.110386264749101515e-01,3.088958580385527397e-01,2.983432429687456477e-01,3.010151746897922753e-01,3.045118765517316195e-01
1.143864565709408060e-01,1.082315031066485439e-01,1.167209804455910938e-01,9.897510587367194801e-02,1.014544752248656700e-01,7.660408246578105651e-02,7.394058634125889873e-02,7.207769536666627785e-02,7.606731678320857726e-02,6.615223040012864486e-02,7.220603232764051527e-02,8.176664760331876780e-02,9.389118262771563306e-02,1.001265862593723327e-01,7.840272099308365217e-02,7.712869299240547594e-02,6.392377067006627112e-02,4.587603253461894348e-02,3.953825959730075668e-02,3.079330476134821415e-02,4.187532679922917334e-02,6.060848309132114975e-02,6.350412238975976231e-02,6.772895567140781170e-02,7.565202225303530037e-02,7.489000584418359363e-02,8.328084479589027700e-02,8.246944445670061075e-02,8.441222199985386199e-02,8.954557666194166987e-02,7.084001437016178293e-02,8.019033553977485129e-02,6.202099658131220855e-02,9.948787779267553866e-02,1.194207273564491384e-01,1.167649974550232644e-01,1.627175908910291069e-01,1.667914569347798692e-01,1.834296391091110590e-01,1.762422445973300666e-01,1.925371829079154939e-01,1.973758424869524186e-01,1.742396884022259507e-01,1.914829392248244555e-01,1.665738130753037227e-01,1.864771635970440822e-01,1.649961382266096344e-01,1.284395268645620591e-01,1.398871241164408030e-01,1.313579695949764203e-01,1.203497911820632926e-01,9.508374057132723545e-02,1.103891414917441971e-01,1.034288964176990205e-01,8.365922467960920650e-02,1.101908325558124957e-01,1.475647532783158355e-01,1.912187197378827364e-01,1.646351968954943290e-01,1.730860875835649737e-01,2.481315064255397163e-01,2.735572908534523728e-01,2.825603086043467216e-01,2.783391078603823510e-01,2.906493032914742591e-01,3.109085550443112522e-01,2.940273569318197500e-01,3.017015379111480655e-01,2.770608140039884648e-01,2.668652865996937185e-01,2.066667532367345017e-01,2.151444384591345571e-01,2.107007297445249727e-01,2.182297344882529189e-01,1.782386413028332339e-01,2.073158850694566402e-01,1.731000182183089764e-01,1.980509830552827089e-01,1.553754610369021960e-01,1.613622097894527596e-01,1.871064359791370091e-01,1.865670687642169978e-01,2.235755008822602474e-01,1.952710056025531993e-01,1.980450031942682099e-01,1.415044004781935705e-01,1.459176517394171479e-01,1.842862056839862095e-01,2.162091983199415646e-01,2.620053986885115815e-01,2.643776949097358386e-01,2.729725927065417279e-01,2.721789330305356414e-01,3.033022356063218017e-01,2.868981394263367957e-01,2.982011266442739506e-01,3.239268325568373519e-01,3.495012142792750520e-01,3.633443045444414432e-01,4.181555792227554802e-01,3.736676681973483682e-01,3.570238587730306667e-01,3.765217707168782013e-01,3.319943363653822255e-01,2.995972141281194601e-01,3.294549951759740969e-01,3.314930016133890156e-01,3.567875828828112605e-01,3.879678082976728004e-01,3.863088895362412067e-01,3.541909622408063174e-01,3.569272741177066943e-01,3.527091877544678566e-01,3.123839868759112903e-01,3.163105198961469466e-01,3.004439175923834804e-01,3.021876298245385062e-01,2.778556423043473389e-01,2.767757178752638936e-01,2.831318568501532962e-01,2.565320157179590277e-01,2.562983695555544617e-01,2.158061392343522400e-01,2.122260159503656096e-01,2.228710504788618263e-01,2.208149830251570078e-01,2.281236558134948911e-01,1.841773474607675543e-01,2.240683520823141539e-01,2.474772943254019419e-01,2.355111426655947804e-01,2.297430091694831200e-01,2.414710932031615964e-01,2.967039549324701486e-01,2.912084327703283737e-01,3.008331653947206585e-01,2.975020553380111621e-01,3.334362085108306673e-01,3.062853953504180438e-01,3.083457450605260886e-01,3.197396236315941387e-01,2.996892667331815252e-01,3.302583354433957230e-01,3.213144401474576917e-01,3.024133858570187128e-01,3.025646462043942719e-01,2.782756525206701581e-01,2.822043613893594483e-01,2.652365721448838309e-01,2.533292806747753367e-01,2.415874566446423177e-01,2.113619208420629836e-01,2.318058660574939256e-01,2.348725677283665658e-01,2.508709187662587214e-01,2.018807759120810896e-01,2.021410426706357344e-01,1.835165620522186403e-01,1.790676603148508017e-01,1.876809808626380971e-01,2.122236256196842752e-01,1.933801317363133543e-01,2.069078558323462491e-01,2.084060352756967049e-01,2.446776967398339164e-01,2.469347739414813891e-01,2.491703326276031305e-01,3.201190391118370338e-01,3.363980037298709980e-01,3.156738884981847848e-01,2.995517363375035935e-01,2.889148216873290154e-01,2.602454372397602356e-01,2.253501931126717928e-01,2.333514939034273816e-01,2.314151371348531772e-01,2.200575071614259137e-01,2.307348922764522192e-01,2.637330574832441599e-01,2.170428934642462393e-01,2.221793088941602934e-01,2.119064268367550907e-01,2.368680700752348878e-01,2.467358787440466217e-01,2.508344999518314355e-01,2.469210161743590481e-01,2.755989645339443905e-01,2.499700339372581126e-01,2.417900494347127449e-01,2.580942394907927984e-01,2.734054927385988765e-01,2.775940755201017351e-01,2.829202421311616256e-01,2.774439960194443056e-01,2.922762115121600446e-01,2.818030542891625245e-01,2.951574021767475742e-01,3.014681089065953112e-01,2.806995538279331570e-01
1.108939998299353774e-01,1.150783054852505816e-01,1.180153669543631823e-01,1.262441263728452667e-01,1.091311827689350478e-01,1.319351213631283770e-01,1.302203323788376499e-01,1.313604744537325841e-01,1.402831709471580313e-01,1.659760229093500128e-01,1.645229118137337410e-01,1.581744554240550049e-01,1.670238975037504070e-01,1.657809375267510765e-01,1.763574269155372687e-01,1.637731596533175127e-01,1.368836170630116922e-01,1.376784619399262222e-01,1.352314288301694201e-01,1.360579368779649412e-01,1.362679931248862719e-01,1.632769005049766742e-01,1.623776720623264780e-01,1.697016668836298925e-01,1.728852866003388888e-01,1.613306318427364383e-01,1.644890812914143186e-01,1.742160306338901843e-01,1.679378887460198644e-01,1.646619604783071400e-01,1.734832849436959978e-01,1.727119683203932055e-01,1.749420466452487333e-01,1.745263468595835421e-01,1.788694835636994163e-01,1.717030436560856299e-01,1.750166857348986194e-01,1.677584741169483584e-01,1.547477179103706746e-01,1.562247327058455537e-01,1.645404937506545484e-01,1.617492423585510097e-01,1.540018083795729464e-01,1.584971679391328492e-01,1.637643461950941681e-01,1.567071079402799771e-01,1.572698531118877363e-01,1.567595281074151692e-01,1.368301363447851082e-01,1.339035679237831067e-01,1.291095851695252539e-01,1.513579949088855459e-01,1.385923212450708153e-01,1.466607221687508955e-01,1.453355682231435020e-01,1.577997828515747269e-01,1.538176556324614697e-01,1.496418565749887131e-01,1.558694914936003817e-01,1.635320786547715954e-01,1.668310520318374290e-01,1.754674679296203965e-01,1.746856798370942931e-01,1.764949263999632534e-01,1.729596735946025421e-01,1.722132111778067742e-01,1.729929144477544700e-01,1.847777670133786410e-01,1.893411935905436327e-01,2.033205328607017859e-01,2.029219418101663175e-01,2.014239415117738130e-01,1.986327294364032825e-01,1.941273213578477985e-01,1.868964365797177174e-01,1.703071638913662700e-01,1.751084097113740357e-01,1.814891009177431180e-01,1.906796922564319430e-01,1.907603226413562003e-01,1.893194037116086026e-01,2.047589577997207533e-01,2.028750788807826555e-01,2.084247400870725964e-01,1.880475254514328842e-01,1.913071234718009550e-01,2.105030710095253110e-01,2.145699636043232050e-01,2.039721314025059462e-01,2.082832649285158155e-01,2.332990125598707332e-01,2.300439344167311828e-01,2.200940978240001067e-01,2.277730593838118156e-01,2.381619519275941232e-01,2.559909823174164600e-01,2.697726842281069626e-01,2.655206733872984559e-01,2.676718639487795093e-01,2.735056771088978933e-01,2.699774250905922490e-01,2.829708830637193140e-01,2.936530282365762967e-01,2.943100072421441782e-01,2.873405369577073376e-01,2.990034499690510383e-01,2.956198652564070994e-01,3.039175623723608943e-01,3.023680672436671046e-01,2.917629342284706051e-01,3.035678699842229711e-01,3.134103891236380557e-01,3.061478201460761661e-01,3.030885357112644285e-01,2.807659594430146899e-01,3.013637677061786202e-01,3.031307310554722245e-01,2.886638179428836493e-01,2.874617103359680681e-01,2.888000710706191687e-01,2.805929378550983122e-01,2.907639952720753040e-01,3.021348888738970562e-01,2.721925693041676864e-01,2.967361552005152170e-01,2.490319702608037311e-01,2.381436026923591243e-01,2.282820608059770440e-01,1.939318802338489411e-01,2.034335420622781498e-01,2.280254574105795851e-01,2.208646567846693498e-01,1.910596905749997187e-01,2.054122575862745714e-01,2.041516332356975161e-01,1.945207883289711837e-01,2.112397820861450504e-01,2.165720283697417925e-01,2.202528208165480117e-01,2.241772079668688245e-01,2.456958708657868973e-01,2.707652448090744901e-01,2.472756030483160561e-01,2.101542800629579433e-01,2.193619299742765871e-01,1.940297123037126314e-01,1.812132809217701646e-01,1.840757223338816140e-01,1.928811356018464984e-01,1.910126475013410041e-01,1.997626196894204398e-01,2.102358669468721852e-01,2.116371610876130738e-01,2.250136914700724411e-01,2.252970284797152223e-01,2.368589183048498414e-01,2.572975988027321192e-01,2.706898909355349159e-01,2.737923618250639457e-01,2.549613827897855844e-01,2.595793757373774380e-01,2.330301299944957105e-01,2.324244642830116392e-01,2.440308661920589095e-01,2.333365886377696818e-01,2.412368076580987397e-01,2.366457675695164964e-01,2.499771637401086155e-01,2.286614426911535158e-01,2.170444707324279410e-01,2.086398706310265139e-01,2.050223667179864040e-01,2.144304841638652315e-01,2.161841955060516962e-01,2.392654314546085459e-01,2.176219191066922076e-01,2.023697517779325661e-01,2.029002551834605816e-01,1.940238959486854931e-01,1.830281572989176930e-01,1.774419310095163294e-01,1.677926398245861428e-01,1.721272328214814851e-01,1.681257919676729939e-01,1.699295430151480379e-01,1.769694496744322609e-01,1.933183700895831914e-01,2.054348588824222999e-01,1.947255828625092389e-01,1.976084637486583973e-01,1.959867379712420254e-01,1.984938586002941430e-01,1.751120978879054380e-01,1.576999296476773449e-01,1.577407833966850692e-01,1.543572992299377111e-01,1.566512467983530443e-01,1.637391219068944637e-01,1.688699472699179693e-01
0.000000000000000000e+00,0.000000000000000000e+00,0.000000000000000000e+00,0.000000000000000000e+00,0.000000000000000000e+00,0.000000000000000000e+00,0.000000000000000000e+00,0.000000000000000000e+00,0.000000000000000000e+00,0.000000000000000000e+00,0.000000000000000000e+00,0.000000000000000000e+00,0.000000000000000000e+00,0.000000000000000000e+00,0.000000000000000000e+00,0.000000000000000000e+00,0.000000000000000000e+00,0.000000000000000000e+00,0.000000000000000000e+00,0.000000000000000000e+00,0.000000000000000000e+00,0.000000000000000000e+00,0.000000000000000000e+00,0.000000000000000000e+00,0.000000000000000000e+00,0.000000000000000000e+00,0.000000000000000000e+00,0.000000000000000000e+00,0.000000000000000000e+00,0.000000000000000000e+00,0.000000000000000000e+00,0.000000000000000000e+00,0.000000000000000000e+00,0.000000000000000000e+00,0.000000000000000000e+00,0.000000000000000000e+00,0.000000000000000000e+00,0.000000000000000000e+00,0.000000000000000000e+00,0.000000000000000000e+00,0.000000000000000000e+00,0.000000000000000000e+00,0.000000000000000000e+00,0.000000000000000000e+00,0.000000000000000000e+00,0.000000000000000000e+00,0.000000000000000000e+00,0.000000000000000000e+00,0.000000000000000000e+00,0.000000000000000000e+00,0.000000000000000000e+00,0.000000000000000000e+00,0.000000000000000000e+00,0.000000000000000000e+00,0.000000000000000000e+00,0.000000000000000000e+00,0.000000000000000000e+00,0.000000000000000000e+00,0.000000000000000000e+00,0.000000000000000000e+00,0.000000000000000000e+00,0.000000000000000000e+00,0.000000000000000000e+00,0.000000000000000000e+00,0.000000000000000000e+00,0.000000000000000000e+00,0.000000000000000000e+00,0.000000000000000000e+00,0.000000000000000000e+00,0.000000000000000000e+00,0.000000000000000000e+00,0.000000000000000000e+00,0.000000000000000000e+00,0.000000000000000000e+00,0.000000000000000000e+00,0.000000000000000000e+00,0.000000000000000000e+00,0.000000000000000000e+00,0.000000000000000000e+00,0.000000000000000000e+00,0.000000000000000000e+00,0.000000000000000000e+00,0.000000000000000000e+00,0.000000000000000000e+00,0.000000000000000000e+00,0.000000000000000000e+00,0.000000000000000000e+00,0.000000000000000000e+00,0.000000000000000000e+00,0.000000000000000000e+00,0.000000000000000000e+00,0.000000000000000000e+00,0.000000000000000000e+00,0.000000000000000000e+00,0.000000000000000000e+00,0.000000000000000000e+00,0.000000000000000000e+00,0.000000000000000000e+00,0.000000000000000000e+00,0.000000000000000000e+00,0.000000000000000000e+00,0.000000000000000000e+00,0.000000000000000000e+00,0.000000000000000000e+00,0.000000000000000000e+00,0.000000000000000000e+00,0.000000000000000000e+00,0.000000000000000000e+00,0.000000000000000000e+00,0.000000000000000000e+00,0.000000000000000000e+00,0.000000000000000000e+00,0.000000000000000000e+00,0.000000000000000000e+00,0.000000000000000000e+00,0.000000000000000000e+00,0.000000000000000000e+00,0.000000000000000000e+00,0.000000000000000000e+00,0.000000000000000000e+00,0.000000000000000000e+00,0.000000000000000000e+00,0.000000000000000000e+00,0.000000000000000000e+00,0.000000000000000000e+00,0.000000000000000000e+00,0.000000000000000000e+00,0.000000000000000000e+00,0.000000000000000000e+00,0.000000000000000000e+00,0.000000000000000000e+00,0.000000000000000000e+00,0.000000000000000000e+00,0.000000000000000000e+00,0.000000000000000000e+00,0.000000000000000000e+00,0.000000000000000000e+00,0.000000000000000000e+00,0.000000000000000000e+00,0.000000000000000000e+00,0.000000000000000000e+00,0.000000000000000000e+00,0.000000000000000000e+00,0.000000000000000000e+00,0.000000000000000000e+00,0.000000000000000000e+00,0.000000000000000000e+00,0.000000000000000000e+00,0.000000000000000000e+00,0.000000000000000000e+00,0.000000000000000000e+00,0.000000000000000000e+00,0.000000000000000000e+00,0.000000000000000000e+00,0.000000000000000000e+00,0.000000000000000000e+00,0.000000000000000000e+00,0.000000000000000000e+00,0.000000000000000000e+00,0.000000000000000000e+00,0.000000000000000000e+00,0.000000000000000000e+00,0.000000000000000000e+00,0.000000000000000000e+00,0.000000000000000000e+00,0.000000000000000000e+00,0.000000000000000000e+00,0.000000000000000000e+00,0.000000000000000000e+00,0.000000000000000000e+00,0.000000000000000000e+00,0.000000000000000000e+00,0.000000000000000000e+00,0.000000000000000000e+00,0.000000000000000000e+00,0.000000000000000000e+00,0.000000000000000000e+00,0.000000000000000000e+00,0.000000000000000000e+00,0.000000000000000000e+00,0.000000000000000000e+00,0.000000000000000000e+00,0.000000000000000000e+00,0.000000000000000000e+00,0.000000000000000000e+00,0.000000000000000000e+00,0.000000000000000000e+00,0.000000000000000000e+00,0.000000000000000000e+00,0.000000000000000000e+00,0.000000000000000000e+00,0.000000000000000000e+00,0.000000000000000000e+00,0.000000000000000000e+00,0.000000000000000000e+00,0.000000000000000000e+00,0.000000000000000000e+00,0.000000000000000000e+00,0.000000000000000000e+00
3.302649396240455171e-01,3.207420935538430329e-01,3.400454715045123089e-01,3.174757788235886835e-01,3.099214141331177452e-01,3.169882395365398731e-01,3.179086904187012896e-01,3.276418438592867965e-01,3.400529626270990535e-01,3.391106888151365628e-01,3.412951857161899416e-01,3.434415927390375156e-01,3.408033226154097428e-01,3.617172335158608254e-01,3.653085949455917025e-01,3.657671754223237870e-01,3.641091828727446300e-01,3.644505487962515500e-01,3.626663060632094315e-01,3.852122455834362524e-01,3.779597922950008182e-01,3.792976099212439500e-01,3.913586108766013427e-01,4.120271052577378912e-01,4.110106179728924003e-01,4.051281077497039806e-01,4.147819776890087073e-01,4.285007331536184738e-01,4.348485308021755036e-01,4.261154250569080260e-01,4.391132368467381419e-01,4.499729700791507137e-01,4.522361344340633527e-01,4.466354593873934076e-01,4.435005359183838980e-01,4.244853881317559030e-01,4.331548967748209411e-01,4.322745499896228916e-01,4.267567854519781489e-01,4.277742486025720159e-01,4.329943139215335357e-01,4.284843315450740375e-01,4.164564743741214214e-01,4.248922790314942910e-01,4.299055144330812817e-01,4.290076941527093402e-01,4.369368051023677646e-01,4.343020549600826175e-01,4.271724078206570741e-01,4.221405681894552786e-01,4.350473095059113615e-01,4.197965389705221595e-01,4.174596885687191783e-01,4.011868124910212274e-01,4.085804764996745497e-01,4.071842518463723581e-01,3.936522383617210297e-01,4.033491829515570837e-01,3.930983116747894246e-01,3.911211893395283301e-01,3.752339833106683176e-01,3.797441432716647247e-01,3.814184642775947376e-01,3.652634423830585786e-01,3.284970718900305786e-01,3.431878150023943141e-01,3.253644662327019321e-01,3.442519949769465293e-01,3.560947628429145806e-01,3.636400892606488355e-01,3.588225924097794839e-01,3.576035948430834610e-01,3.435021727693279292e-01,2.859702695612208467e-01,2.943733570742931849e-01,2.747103172011317040e-01,2.516395877217427746e-01,2.391149450610258187e-01,2.438472720059602639e-01,2.595849855007756335e-01,2.416779946448282812e-01,2.561295270114408718e-01,2.700952345275099420e-01,2.852304638888542021e-01,2.700697916802403675e-01,2.977078620993580116e-01,2.775444771083880324e-01,2.846994742361704800e-01,2.926757109359484077e-01,2.998837047639898445e-01,2.767145122878169050e-01,3.057622233250280597e-01,2.931937943939278424e-01,2.718069788339363968e-01,2.492109057218032109e-01,2.748395374141842096e-01,2.423815919204043434e-01,2.066050122697820068e-01,2.307307254532404428e-01,2.176983405218010648e-01,2.127725271349912572e-01,2.187830837526273109e-01,2.518205039466784867e-01,2.118325485885136916e-01,2.158652215179449052e-01,2.337734279474788235e-01,2.301389539260725314e-01,2.332640392381934713e-01,2.403826346247774637e-01,2.589608895362906504e-01,2.533238929912834392e-01,2.819062711640464847e-01,2.748403452319889695e-01,2.601253967998520267e-01,3.038110620719391974e-01,3.101880449788648186e-01,3.297050613976099109e-01,3.562110199882866368e-01,3.602992216184163210e-01,3.494508712582035659e-01,3.619520285025588646e-01,3.712572866935522908e-01,3.610755357789081077e-01,3.849537577629389418e-01,3.601398173976425587e-01,3.725804880587615942e-01,3.372630700820312133e-01,3.527087007918116579e-01,3.199589203683418925e-01,3.279673570666997717e-01,3.784110803704741066e-01,3.770500745448368551e-01,3.685518654731144705e-01,3.769690391923697925e-01,3.455525523634928042e-01,3.741946322489252408e-01,3.632284155803351400e-01,3.970337858374514139e-01,3.909378704370852775e-01,4.134638127778422212e-01,4.285177112365159413e-01,4.592159699951535168e-01,4.881613280018306522e-01,4.613356088292099311e-01,4.601110873238863364e-01,4.403361357191151182e-01,4.716172164829040558e-01,4.575603342192532397e-01,4.623445782960661221e-01,5.027241781440473511e-01,5.177529431833265416e-01,5.431647051647264801e-01,5.349667906954665986e-01,5.617353852144016946e-01,6.063202960290162702e-01,6.308647678358745292e-01,6.491074799136899998e-01,6.592073057502306765e-01,6.850761398066012031e-01,6.558033793179600668e-01,6.691925900273471006e-01,6.692653391909310079e-01,6.571524172315169610e-01,6.270567589021427413e-01,6.231014051782433061e-01,6.485381801584809702e-01,6.650653570556881444e-01,6.701058255826158883e-01,6.813049636619187277e-01,6.836912760674470624e-01,7.041302478487160288e-01,7.083945539144266279e-01,7.219399159690359502e-01,7.143070367746893190e-01,7.114706641879968707e-01,7.092261705067535171e-01,7.252531750735858873e-01,7.214468365237474146e-01,7.059331761410582162e-01,7.691025506887129159e-01,7.268355318032875267e-01,7.065500037132071975e-01,6.782542775615130193e-01,6.734082997400975268e-01,6.714561822277977932e-01,6.853222483512249052e-01,7.144687190563075996e-01,7.381491576999660298e-01,7.330829385152264344e-01,7.404450689534999297e-01,7.107358051760265250e-01,6.944775365432936942e-01,7.134544765695616242e-01,7.125561022590206628e-01,7.350536747402867110e-01,7.571814154270199992e-01,7.924266768119991866e-01,8.105855860187713979e-01,7.943897626809630630e-01
