3.589900517383298739e-01,3.481515996535841651e-01,3.358886132504080857e-01,3.349683300982414513e-01,3.266219297127053722e-01,3.178896331273892706e-01,3.226771694520819134e-01,3.128567712621169172e-01,3.170609751610315996e-01,3.210158911912917579e-01,3.303614374198041714e-01,3.338903055022472421e-01,3.279533280553822427e-01,3.251685927615937666e-01,3.461361545536881801e-01,3.362826360202397225e-01,3.242813785301427720e-01,3.248407457809269205e-01,3.238952082753920880e-01,3.417987887756002707e-01,3.222065205280317257e-01,3.325602181538316326e-01,3.582552997594024013e-01,3.483516410519358342e-01,3.344120677144601372e-01,3.377745320790558892e-01,3.374726334729086230e-01,3.262246219456612639e-01,3.158669298805757419e-01,2.884250943394019995e-01,3.094886208445685738e-01,2.945610223538533412e-01,3.043335092150980525e-01,2.693911427313282481e-01,2.535232818303874702e-01,2.400237282154367713e-01,2.387196882498401895e-01,2.380621292412591905e-01,2.582863562322784690e-01,2.484198765453531355e-01,2.431519764408301698e-01,2.390647321088755217e-01,2.278521226895436347e-01,2.131729102970522927e-01,1.790089019771106960e-01,1.827584779452108565e-01,1.898687798738448729e-01,1.669861198064821473e-01,2.116147168024375136e-01,2.068871174198539387e-01,1.614236928353960654e-01,1.248810867268094482e-01,1.114497060107271093e-01,1.147845777665028877e-01,1.394510084511547399e-01,1.279369256473963101e-01,1.156362539160312314e-01,1.151009300983681372e-01,1.079773678558904326e-01,1.114474263740772297e-01,1.202185908731428082e-01,1.148269176594798463e-01,5.974618874869676299e-02,3.988082574773979538e-02,1.310441619406661762e-02,3.314262596215000745e-02,7.876070470926838096e-03,7.648131440469110691e-03,3.900784343230340873e-02,2.506469827455090268e-02,9.397879990897587549e-03,3.460193817075693512e-02,1.836254881768479771e-02,2.985283157800117104e-02,4.232374102215716305e-02,5.520686094810145494e-02,7.388383200587905764e-04,2.113935182461672280e-02,6.390771931741359713e-02,5.802605587900214884e-02,2.902843757122466548e-02,5.232344480934544850e-02,2.900024389881863257e-02,6.292025361121938998e-02,9.733909837433676882e-02,8.126923309679434659e-02,5.160517082553176677e-02,1.058297031574586405e-01,1.618605135815600060e-01,1.705844235513780671e-01,1.696020796605389735e-01,1.462553007567578556e-01,1.383652655491235117e-01,1.833582310598780574e-01,1.980380762127767480e-01,2.115787661136134534e-01,1.884535467513227536e-01,2.264143341630952821e-01,2.521508476958895240e-01
-8.012591562065164303e-11,-9.579003206052146304e-11,-1.385939369388229636e-10,-3.717003991783544582e-10,-3.592366508594727194e-10,-4.238023205678907371e-10,-1.961835895944351092e-10,-7.454902898326969584e-11,1.861089398481197905e-10,5.838518518615402163e-11,1.054633768140660523e-10,2.075344670917604958e-10,5.024915005445378065e-10,3.331849780094809870e-10,2.553574413450532746e-10,3.332259206842633637e-10,3.015818108984869468e-10,4.072705026270605211e-10,2.202178248226760720e-10,2.254958483972737332e-10,2.110013569704159078e-10,4.986539605288871763e-10,3.924336314222141727e-10,6.213233198649863236e-10,7.279442344752890590e-10,4.964846814159254713e-10,4.111419317107669853e-10,4.109349789952698789e-10,6.572246932550924402e-10,4.360502465419651790e-10,3.363816377013671272e-10,4.636161563009910449e-10,3.965399747438773268e-10,6.616080093550089985e-10,6.407278347001903429e-10,6.897186827484248231e-10,4.024833253305462479e-10,8.097932131620815071e-10,8.322162790451486298e-10,7.741682602142849934e-10,4.515469505275289728e-10,2.652172554684663097e-10,4.747773332235584006e-10,6.161947179377798524e-10,9.713328923246102133e-10,1.441519311332414909e-09,1.717217431996033470e-09,1.599257637298094713e-09,1.558974401580170983e-09,1.403194610289200180e-09,1.561795655784634065e-09,1.416268624786505601e-09,1.339932493578112502e-09,1.462135722932110673e-09,1.289918716648083123e-09,1.318706785853050415e-09,1.192770658881132809e-09,7.321753337780623816e-10,9.245952869399925620e-10,1.250081786101744687e-09,8.304913416688222721e-10,8.609506490492683928e-10,6.005180272714052900e-10,7.505279024255897332e-10,3.621753518594611241e-10,5.945608960311228386e-10,7.218060163618973993e-10,6.660805526305674299e-10,6.187302410530828381e-10,7.073799397065265892e-10,5.086923813822775146e-10,9.915685243345737959e-10,1.382986773213361846e-09,1.412433254709382060e-09,1.029013421216287283e-09,1.249237525323917886e-09,1.155331124898838424e-09,1.742094265869065734e-09,1.858015059482843039e-09,1.869144109453231885e-09,2.321589688931736055e-09,1.809537914222796664e-09,2.214940920885318349e-09,1.850486772276025683e-09,1.634427912672614672e-09,1.235591678491708850e-09,1.206031656647339549e-09,1.221921108735151546e-09,1.061660888959049723e-09,2.414517602531716662e-10,3.493954233402306087e-10,6.046372343557588380e-10,1.022279997370524261e-09,9.832607760445988462e-10,9.881300937641250476e-10,7.891806148687908617e-10,8.027601847011235395e-10,6.463223517248791188e-10,1.427796113697351147e-10
-6.308700035591202208e-11,-5.983218081949077324e-11,-1.508648523288131268e-10,-1.288765622104458027e-10,-3.569312566823690787e-10,-3.436226119478306304e-10,-2.489830586018375857e-10,-2.748513602706825474e-10,-2.539037517539492505e-10,1.951042590036234000e-10,-9.192300738734134673e-11,-1.267939835667945094e-10,-1.092569559491513529e-10,-3.445804876045006359e-10,-2.265598692247003946e-10,-1.611839969210066100e-10,1.801597778832873642e-10,3.483912928717158304e-11,3.435083093498254969e-10,4.447275712271140682e-10,6.572072290115366568e-10,7.151286780617842035e-10,7.777437493455744047e-10,5.685743675894799511e-10,3.878131395080427636e-10,8.868556413801556000e-10,5.032980238556699656e-10,4.846334304903917389e-10,6.794873857871485156e-10,8.639072185431218293e-10,8.601121470007456727e-10,9.933824497664464760e-10,9.130080598437723371e-10,8.683147242373995800e-10,5.767210644870269812e-10,5.473395201855815129e-10,6.500404014653621229e-10,6.856931423263496905e-10,9.051990290485937730e-10,1.131743728603654122e-09,1.035137730914374367e-09,9.942758601213690752e-10,1.159215389443613084e-09,1.463723751847492123e-09,1.549022514528934525e-09,1.243880705798593237e-09,1.353785586075481016e-09,1.311744822073792075e-09,1.387478212407477469e-09,1.789491749571915142e-09,1.791956140152245749e-09,2.017191092862275533e-09,1.998042658419833690e-09,1.951855556904539177e-09,1.731257870425604380e-09,1.752023524409691450e-09,1.372962505827674724e-09,9.179992238522324046e-10,1.062213868698697729e-09,1.302536514858251660e-09,9.889284814880880657e-10,1.153995976565918976e-09,1.182713736240149018e-09,1.124061893300083259e-09,1.290473355664064468e-09,1.688080758887698192e-09,1.700061364861689199e-09,2.026618953085826903e-09,1.894432496352091739e-09,2.236006742508182813e-09,2.044560390677865103e-09,2.031314918151775852e-09,2.043916170553625996e-09,2.197070452192705962e-09,2.200500669787190714e-09,2.769720781881547193e-09,2.907582519875262053e-09,2.984684414287491019e-09,2.966629028327717227e-09,3.027064420961638750e-09,3.199758121882626287e-09,3.143114696885775593e-09,3.338891055539073276e-09,3.155981980449309438e-09,2.929099450646191404e-09,2.856827454568972192e-09,2.681920106929496522e-09,2.784454558459893802e-09,2.144296958762726226e-09,1.842162133166402668e-09,2.112436411340044721e-09,1.668170563546070194e-09,1.495227066657619562e-09,4.454183448531391158e-10,2.745379059566986806e-10,7.147889506870213160e-10,8.384814072474453163e-10,1.003997569229151605e-09,7.643870522926681467e-10
1.112441764175165632e-01,1.157602735927464738e-01,1.124152295423001963e-01,1.064351707767509508e-01,8.951037080050217032e-02,9.830928643170799841e-02,9.298826437706389503e-02,1.117030433744868462e-01,1.198607480136295728e-01,1.122456514342135003e-01,1.064921385160448042e-01,1.248963414949617323e-01,8.716590987068964513e-02,9.824337467706939497e-02,7.170681199109281423e-02,6.177903734169727656e-02,7.117649976341985929e-02,8.372976960174090266e-02,7.317282801659751035e-02,8.778786101851906998e-02,1.002348852427833031e-01,1.003306444384737400e-01,1.065850929157475951e-01,1.017369614602682548e-01,1.045559088382586183e-01,1.157867603735523165e-01,1.165758176588810729e-01,1.193723189449701766e-01,1.179747125087606263e-01,1.149147161254028965e-01,1.105526882545457418e-01,1.104201599015142976e-01,1.157177178700386638e-01,1.109315816014056211e-01,1.170333137979090166e-01,9.878290176944312662e-02,8.408344222464628204e-02,1.016346939513261272e-01,1.014542829824503639e-01,9.935322874447788388e-02,9.718242729103400424e-02,8.752003068613199710e-02,9.758535745800674122e-02,1.275859416635024279e-01,1.311250023816880605e-01,1.346063270796264144e-01,1.427507668697653997e-01,1.602593986105736446e-01,1.388791254555080124e-01,1.534104635341722311e-01,1.314644579329923568e-01,1.378774467477524579e-01,1.403285025321629187e-01,1.396632671386526525e-01,1.380260890199675461e-01,9.468413233955284836e-02,8.941558363338675264e-02,7.765383151801341644e-02,9.069815037533970892e-02,5.029172342526119083e-02,4.817863852273279734e-02,2.406626178671014346e-02,3.700316681971088650e-02,4.908326642999477629e-02,5.560649801468198900e-02,7.468823746166625144e-02,6.907371195859172974e-02,7.946057480019949604e-02,9.784309108805747113e-02,1.212840797300731716e-01,1.193904114261017252e-01,1.171631415277400168e-01,1.012224817685677403e-01,6.418887632509173713e-02,8.446102826015700060e-02,8.470441045783497214e-02,1.201030566013016332e-01,1.158863646066684988e-01,9.240787377789541623e-02,1.304315011836633120e-01,1.236653201359198817e-01,1.463128607496511913e-01,1.866470627510200542e-01,1.458973602396188840e-01,1.522271225461013233e-01,9.578363071287088193e-02,1.084934818656881766e-01,1.255101917611324835e-01,1.183550362231492736e-01,1.079208456853400222e-01,4.573291329994411125e-02,5.336187859084946805e-02,8.583433867216340440e-02,9.871819246951366034e-02,9.658775747663722600e-02,1.428332936338984338e-01,1.359937558032232874e-01,1.104628004630327648e-01,1.068231683860913772e-01
1.136582913478290241e-01,1.087556302185708201e-01,1.127237011348922180e-01,1.132868509015225594e-01,1.231447752666562784e-01,1.272942127472579399e-01,1.194557901962749885e-01,1.038172677126793925e-01,1.089639717191183688e-01,9.907311338267606182e-02,1.017899201510865242e-01,9.899755161151750638e-02,1.046216021285523295e-01,7.958942982658767651e-02,6.490234001016756404e-02,3.896018631084106898e-02,4.411129588583027894e-02,4.119501002570449821e-02,5.107483073139010982e-02,6.980906889953372718e-02,6.889663140355488380e-02,6.479057645087220318e-02,5.391932031270369602e-02,7.234891888309881447e-02,5.865608885709830411e-02,8.799162038378227635e-02,8.494422211187234451e-02,9.093571070337627682e-02,1.231152468209622403e-01,1.275267282573890881e-01,1.430202568988604150e-01,1.699142923970855812e-01,1.745492119955291133e-01,1.610899751412689929e-01,1.504987609786878067e-01,1.398290768936077122e-01,1.560058060533102142e-01,1.691142145230905003e-01,1.725528003211573846e-01,1.749079022606544187e-01,1.742592798369062834e-01,1.786833343861560508e-01,1.727117769752691545e-01,1.662403362747322255e-01,1.696617695108605661e-01,1.757051280109157287e-01,1.744427326072797158e-01,1.752634353096591269e-01,1.680763329653607308e-01,1.669968614436782850e-01,1.614226923758369514e-01,1.585272899863655327e-01,1.643411464034538194e-01,1.724860439130335987e-01,1.884668527709362496e-01,1.809088691492638790e-01,1.850877842885281788e-01,1.885023388594753158e-01,2.039392226416492648e-01,2.018661090104789668e-01,2.064603183449430779e-01,2.034520900784236586e-01,2.068350935978876259e-01,2.049119282188302249e-01,2.215017117860432205e-01,2.245803158574143088e-01,2.217622271427645564e-01,2.327749487914558546e-01,2.498504964771611214e-01,2.442338308328576846e-01,2.522052751493759626e-01,2.501872075100315951e-01,2.574056006729030233e-01,2.583527666532159928e-01,2.604908164154624006e-01,2.578075201626053303e-01,2.268352727991324314e-01,2.067376398525032077e-01,1.965801884723496484e-01,1.981177806150154208e-01,2.067306707595625570e-01,2.078928573253117640e-01,2.089160673228337428e-01,2.060634092598845890e-01,2.084349761645237775e-01,2.021851041908107049e-01,1.965215413634386066e-01,1.964179816901807096e-01,1.989283336340839647e-01,2.021995657198563390e-01,2.058373004604987788e-01,2.026489598128357883e-01,1.988652636084845549e-01,1.953251986529836448e-01,1.982540186999339482e-01,2.026884730131312817e-01,2.304471546387875380e-01,2.366405555858076826e-01,2.375683382828069623e-01
9.385095873983648056e-11,2.256642453488563283e-10,3.062992552088634742e-10,2.206974112544153296e-10,2.272785065625282529e-10,5.065184224923113852e-11,4.986688543866550755e-11,7.949002174747998416e-11,1.801525743823841090e-10,4.002121945958150093e-10,3.221602690913451115e-10,-7.825608939973317698e-11,-1.330193862027023839e-11,-9.046449181868747559e-11,-1.514403214586059603e-10,-8.079689503531229422e-11,-2.897429264064314928e-10,-5.581611089128526986e-10,-2.942944629457731638e-10,-2.548481947221089600e-10,-4.373379604918535579e-10,-6.259619371648817074e-10,-5.702665904550485419e-10,-7.834595126032345715e-10,-1.074601280732150077e-09,-9.479723218105999060e-10,-1.020390282956833857e-09,-9.472152534983071782e-10,-7.807087633710201553e-10,-8.645076155455944462e-10,-8.004961560839953888e-10,-7.584807140615675565e-10,-7.890609490889251329e-10,-8.204159623307307238e-10,-7.311922774937545766e-10,-9.957127420295145910e-10,-1.109157470151380694e-09,-9.437154220196050913e-10,-1.004564655165558802e-09,-9.876739918592385109e-10,-9.851679121170089422e-10,-8.300818629389373598e-10,-8.100916470148519423e-10,-1.290207606540149726e-09,-1.165447085477078159e-09,-1.380826222734867546e-09,-1.587094802210397023e-09,-1.413767780223483320e-09,-1.567385290023257021e-09,-1.447926418322961370e-09,-1.443842276062831704e-09,-1.224376797984396881e-09,-1.272718877777988044e-09,-1.558404959975045909e-09,-1.497112629471760128e-09,-1.702588602239896717e-09,-1.458406883996288924e-09,-1.373472497853688393e-09,-1.525944662499334785e-09,-1.762850418372370540e-09,-1.737832168660739926e-09,-1.770195404068690223e-09,-1.483900540447810707e-09,-1.560315083808488689e-09,-1.316207578229709330e-09,-1.535258535748640764e-09,-1.400911337475109191e-09,-7.860185635532633405e-10,-8.890601437379963407e-10,-1.058807475331672965e-09,-1.273312895189334811e-09,-1.239835799742041489e-09,-1.571281781397743169e-09,-1.924859877406416334e-09,-2.205302612699149140e-09,-2.071829555236131581e-09,-1.560223389425499304e-09,-1.476338867421305823e-09,-1.788579037533160992e-09,-2.180969285001870448e-09,-2.362654315662584693e-09,-2.218565524721250413e-09,-2.292285239088140126e-09,-2.229976216900130626e-09,-2.527308638222410963e-09,-2.830195442573271992e-09,-2.869345450592359773e-09,-2.856808963096800536e-09,-2.955854300166927952e-09,-2.956636831095938191e-09,-3.049305781719734455e-09,-3.231476737661947991e-09,-3.467690613648447672e-09,-3.606985140152370838e-09,-3.719553051930863905e-09,-3.873228510489227757e-09,-3.700151939389887964e-09,-3.186387986720580563e-09,-3.151673055951555280e-09
-9.348263248631042028e-11,-3.203119109208181632e-10,-3.945333278103162042e-10,-3.908307208356182019e-10,-4.305869703766121842e-10,-4.417199450653728219e-10,-5.914962143292425165e-10,-7.569772278449454939e-10,-4.930374609937664564e-10,-4.563787362488669282e-10,-5.974567358956493049e-10,-1.050467542679008249e-09,-1.076946551353109103e-09,-1.099413362100875292e-09,-1.118522023422851127e-09,-1.148050700596074618e-09,-1.293254376445520873e-09,-1.323159409498549120e-09,-1.455022830359380403e-09,-1.389183894782695554e-09,-1.406433536295989776e-09,-1.473227846718254211e-09,-1.521667641178273920e-09,-1.466522696725315877e-09,-1.442159140323885471e-09,-1.804056602576718712e-09,-1.917567272522769827e-09,-1.836845964871512832e-09,-1.951748144937735132e-09,-1.861071938112196436e-09,-1.859035846577744678e-09,-2.075550976485107906e-09,-1.967916311467805389e-09,-2.230358770099469957e-09,-2.223843380573569732e-09,-1.912569966317166728e-09,-1.854391422785935578e-09,-1.902304639088044053e-09,-2.064975028198088805e-09,-2.150205789702082448e-09,-2.585402253250006771e-09,-2.150523529086096885e-09,-2.269781609232612479e-09,-2.648742933250915056e-09,-2.356613609051326765e-09,-1.962376929101342063e-09,-1.967021727160090175e-09,-2.214725389855948772e-09,-1.952413017404005827e-09,-1.683626763489023574e-09,-1.680411521728726147e-09,-1.704294731080035967e-09,-1.717879583048874680e-09,-1.749098475978406618e-09,-1.731691660147196785e-09,-1.978760305048107908e-09,-2.223788557913491939e-09,-2.076746297215947406e-09,-1.904238792997303652e-09,-2.100232557211159039e-09,-2.089297429037774025e-09,-2.346248238683786752e-09,-2.296831822801991255e-09,-1.774722662614776966e-09,-1.921492533612382986e-09,-2.129650510203723397e-09,-2.249539439987475717e-09,-2.382135184171063864e-09,-2.516986188893663504e-09,-2.633999099652315646e-09,-2.715439719250915863e-09,-2.577674176824615612e-09,-2.623579340161823523e-09,-2.805985998395114218e-09,-3.194060711905859379e-09,-3.365274125330311389e-09,-3.293611727463079885e-09,-3.716035179357819112e-09,-3.639715204899772554e-09,-3.653865498620903938e-09,-3.633994728611935055e-09,-3.578950897337581690e-09,-3.895170049753644022e-09,-3.619935312195735019e-09,-3.652389999852563368e-09,-3.503116662869413658e-09,-3.094767070650028750e-09,-2.681057699330257020e-09,-3.172739301966606738e-09,-3.023221485205602076e-09,-2.641705941757118232e-09,-2.805172517530957895e-09,-3.019627664908201237e-09,-2.831272068505834091e-09,-3.118231265066893729e-09,-2.745977025247415456e-09,-2.813552433695905364e-09,-2.448555238185964341e-09,-2.425001318516271130e-09
-7.364767120134211230e-11,-2.286655378905590483e-11,1.850166028774295740e-10,1.384146940859654936e-10,4.904119804337466253e-11,9.305167935423360692e-11,5.938172458398803200e-11,2.648214419047248864e-10,1.901135409895062562e-10,3.327173133789296895e-10,3.151416455154746559e-10,5.122550684006086564e-11,2.983313031719565043e-10,2.833865444866019832e-10,4.285749606280120324e-11,1.601713397047052317e-10,3.670668990844334323e-10,7.954875663654188889e-10,5.849481049016433315e-10,4.921476643335150841e-10,4.863551287419873101e-10,3.422668762806493318e-10,4.389413575979457683e-10,5.912198544918447794e-10,6.955004830096308929e-10,4.649295050868284599e-10,1.664686920689214019e-10,4.333414809379573133e-10,3.744494716516632732e-10,5.121493511844056264e-10,3.658530069949254209e-10,3.224336511089423872e-10,4.337232548501134265e-10,4.375773646838222052e-10,7.829290149857266475e-10,9.160006228187006677e-10,6.927132286066368974e-10,9.220277537373337112e-10,7.898895115545938732e-10,8.580990033301088491e-10,9.690715674359138179e-10,8.242869628131109377e-10,1.032744745611260867e-09,1.371933615089291367e-09,1.734412968102440650e-09,1.974538259155533992e-09,1.844005353951770891e-09,1.732305741442543673e-09,1.596664162397533445e-09,1.552984783219507858e-09,1.663170738133608959e-09,1.804989776274126480e-09,1.768343060033038937e-09,1.787501145128813231e-09,1.751209983236451999e-09,1.698355947420901584e-09,1.757242865505374543e-09,1.361861952018391306e-09,1.545972361948207579e-09,1.368379109170250939e-09,1.333523246626818223e-09,1.382833677898817444e-09,1.731925434840868511e-09,1.675837322692584903e-09,2.053862345886735736e-09,2.084693474760699581e-09,2.096620984340487127e-09,1.819557494621663696e-09,1.767885513701623355e-09,1.750895724400136586e-09,1.877999297735505094e-09,1.609348867165447216e-09,1.926724285626508770e-09,2.123929256856180696e-09,2.160203053944605744e-09,1.954975795613576303e-09,2.308492812732269446e-09,2.354077711377323276e-09,2.510008879688661703e-09,2.623657965407325187e-09,2.454919864611474668e-09,2.346594635297420988e-09,2.032445926312240452e-09,1.844947135684158479e-09,1.929138487454511635e-09,2.156821244015062051e-09,2.752330951497459993e-09,2.107509903529406652e-09,1.662768313300705991e-09,1.664092597961328585e-09,1.063802362197473906e-09,1.095644633692456810e-09,1.282766274436508807e-09,1.692981468412736578e-09,1.732405936122913609e-09,1.575404159958362087e-09,9.284486256117614918e-10,9.241264552254095290e-10,1.407265506479325232e-09
3.270434246881242513e-01,3.195584820998443876e-01,3.135551523443455002e-01,3.172325568070360480e-01,3.121028726719142776e-01,2.958903701197150293e-01,2.903460069832680124e-01,2.959276291608923248e-01,3.020113167442013968e-01,3.004292063971983895e-01,3.062196654571719967e-01,3.064397303480367318e-01,3.143838196730206480e-01,3.137578512432227518e-01,3.049043072134008936e-01,3.049016704145558476e-01,3.190337828797836783e-01,3.087641932017751722e-01,2.973252728842420978e-01,2.908797428998873280e-01,3.026700434975587162e-01,2.799143593795313523e-01,2.749484422496401015e-01,2.593744491194704960e-01,2.642018483611592305e-01,2.657054521385677215e-01,2.694878934710819296e-01,2.880924191221614361e-01,2.923207166723392758e-01,2.872884780859497056e-01,2.809706186040898945e-01,2.630201770599168709e-01,2.426963101102209974e-01,2.474472677001531284e-01,2.657879782073320207e-01,2.952228639950584266e-01,3.140584928133218767e-01,3.076618917132898368e-01,2.988729505149728127e-01,2.880549079038988713e-01,2.751171093472642437e-01,2.734079099069119945e-01,2.822741289873880177e-01,2.665201710019720061e-01,2.674300795921148444e-01,2.458783183886223689e-01,2.604167138187015729e-01,2.338193423490579625e-01,2.475726437340019515e-01,2.329989362781152984e-01,2.382024873723236069e-01,2.221012750445861550e-01,2.154612514620010688e-01,2.070697745876861062e-01,2.272267450094685726e-01,2.433384629729966331e-01,2.588869182016880210e-01,2.483438519274088208e-01,2.481728635745966971e-01,2.481148402169443268e-01,2.544847129929869722e-01,2.584564290395038322e-01,2.585328712413560992e-01,2.628390358911766866e-01,2.669357802714288352e-01,2.683511833470230146e-01,2.687295699458061571e-01,2.590423944509142595e-01,2.505053173627027618e-01,2.609071975335789939e-01,2.606079612357062869e-01,2.652325168873183592e-01,2.716024685073500367e-01,2.731304286926022895e-01,2.763343212274871341e-01,2.770717474908117595e-01,2.685449425790775169e-01,2.715803148340054651e-01,2.793018018079064246e-01,2.622612407132952628e-01,2.664171908201987682e-01,2.729010560461389567e-01,2.751149651999731938e-01,2.536630190315831701e-01,2.476049907431085717e-01,2.381800870616616050e-01,2.275608279420670288e-01,2.253540756263447964e-01,2.027695414653397366e-01,2.197714762150607126e-01,2.098598620803767967e-01,2.028715630204922515e-01,1.895080574247840488e-01,1.786590564689889415e-01,1.831662279840890195e-01,1.870185962699142945e-01,2.068490403324664273e-01,2.042994183932926588e-01,1.932432705972887133e-01
-1.393757706484809999e-10,-2.294382860546406471e-10,-2.496240289495263494e-10,-3.879356177905191438e-10,-2.205284389536838282e-10,-3.865020447518985176e-10,-1.184406578095394526e-10,-1.848883654310915356e-11,-1.632377116991308567e-10,-2.304012582821579144e-10,-4.397560304475534482e-11,1.799844011120580632e-11,-6.710467620357840697e-11,3.708847744127857885e-11,-3.185058508532690514e-10,-1.553359653850210588e-10,-3.316241835138139702e-10,-3.215644435636810764e-10,-3.821193197639752207e-10,-4.062628981946859079e-10,-7.313129928807795392e-10,-8.260299055940461479e-10,-6.385353802671326488e-10,-4.675502864535019525e-10,-5.238555094137458161e-10,-5.642287515880332713e-10,-8.398671656539488318e-10,-1.184180047467753185e-09,-8.400075806023438763e-10,-6.855806604241604004e-10,-8.219131838975680385e-10,-1.159672895821655419e-09,-9.667113364826469217e-10,-8.713434918808462215e-10,-9.859596916309501935e-10,-1.106565128009267696e-09,-1.096106298158827594e-09,-1.111647799865452564e-09,-1.030550015173806661e-09,-1.467657088574150665e-09,-1.617278372705115522e-09,-1.620347786207650659e-09,-1.796653759654311496e-09,-1.837965606445874465e-09,-1.677838895278429623e-09,-1.842406689105560494e-09,-1.773173089681663575e-09,-1.642556456427790447e-09,-1.532862532997232824e-09,-1.472946719826747470e-09,-1.067840960983754365e-09,-1.092418391248115974e-09,-6.723411042275241886e-10,-1.026840812405180900e-09,-1.103199997346849076e-09,-1.239566397518535898e-09,-1.384569932418030709e-09,-1.789300383967957327e-09,-1.719683770417385869e-09,-1.933237404866695869e-09,-1.770913401086245812e-09,-1.938246077251162929e-09,-2.209176581201504739e-09,-2.130948394421892934e-09,-1.883810266058673076e-09,-1.536913106904838853e-09,-1.739842894728734011e-09,-1.933104523062058585e-09,-1.793358107964586813e-09,-1.412277610314277255e-09,-1.516052898607079595e-09,-1.351113250728068144e-09,-1.541587555196427287e-09,-1.471437529603068280e-09,-1.403619875121237298e-09,-1.364988788877195009e-09,-1.475020738071845847e-09,-1.252803255037570109e-09,-1.223852567383175399e-09,-1.337026479254933109e-09,-1.080308038582234682e-09,-1.532745226343942090e-09,-1.230199906098311022e-09,-9.947020158622738215e-10,-1.743722071659669626e-09,-1.639581621880457002e-09,-1.442341702475827601e-09,-1.562868885798292878e-09,-1.872143939727414917e-09,-1.721510000288000491e-09,-1.209964589032322556e-09,-1.765500848751795639e-09,-1.606343386789248886e-09,-1.614973553574650421e-09,-1.686329212037343681e-09,-1.281117764548423583e-09,-1.123329265396546271e-09,-9.921150509701630791e-10,-1.014414305483004886e-09
-1.374816378531861448e-10,9.833040986426030979e-11,1.193274953123565289e-10,1.589598205645300747e-10,1.686387107578513650e-10,2.740232338308876737e-10,4.062329784448274921e-10,5.460870242117152872e-10,3.725585428021367912e-10,5.925092335886716336e-10,5.456761866810153475e-10,3.259667546967026292e-10,3.127923978513170907e-10,7.208642835756710771e-11,1.256457638517095070e-10,1.424411023343839411e-10,1.308844227705886872e-11,1.536323592236717461e-10,2.973301104005541672e-10,2.616808599543263179e-10,3.202909374180408008e-10,3.373308281219016065e-10,3.589640886628746788e-10,4.881595776826654958e-10,4.092762833072628696e-10,2.556202709513445124e-10,5.129223469867146672e-10,5.218386702843745607e-10,8.524794254560056048e-10,6.562682773888762237e-10,7.836618590426424322e-10,9.036610757333742897e-10,9.729605896231485695e-10,1.291922809578437459e-09,1.342736941007762489e-09,1.241798232427569923e-09,1.217707265028824187e-09,1.364550499545223711e-09,1.285756691707611653e-09,1.678090106849831340e-09,1.636826472214217344e-09,1.469670782203740997e-09,1.411283984743238153e-09,1.516240232636401545e-09,1.260276273223863485e-09,1.180974557982802154e-09,1.322175016881407519e-09,1.043931230091147892e-09,1.051959692459154007e-09,1.329172954222066519e-09,1.278368159623752219e-09,1.510807975180021233e-09,1.764590751244683106e-09,1.580053733170903208e-09,1.742433512173880975e-09,1.805059895863286237e-09,1.643898105549968624e-09,1.305116799204220146e-09,1.165424726239782387e-09,9.960514812506409048e-10,1.263590766895606561e-09,1.401832301025897950e-09,1.352375896993780161e-09,1.500092659120608158e-09,1.767173780478842547e-09,1.687765649667391620e-09,1.911730032377613111e-09,2.094043812548252871e-09,2.407348641050823063e-09,2.549139096238946520e-09,2.412415331594930686e-09,2.189159728929759968e-09,2.619642756689993097e-09,2.780887733548452544e-09,2.660140739369873523e-09,2.408024921768298862e-09,2.468436780764230860e-09,2.696675952073416496e-09,2.885381945305522568e-09,2.872332428495598778e-09,2.716342308075399181e-09,2.968081005218260064e-09,2.850783659482886098e-09,2.494394384687241458e-09,2.873468929436058858e-09,2.792463590098744436e-09,2.654668361467037107e-09,2.264191331346732492e-09,2.616262282257375109e-09,2.181542478520087217e-09,2.209615340870713463e-09,1.989679107913735997e-09,1.612836126651072139e-09,1.609000530333776073e-09,1.353244849779182138e-09,7.822176109544398856e-10,1.309604661951380879e-11,2.129404124735474547e-10,1.168612011544226128e-10
5.567265433088625596e-11,1.810870566001740752e-10,1.921270412788402364e-11,1.629539890392781405e-10,1.785270140294188575e-10,2.776224524107586217e-10,3.478382723954518852e-10,2.795573630936088487e-10,2.835626805810465561e-10,4.788530592223416972e-10,6.097934531472020809e-10,9.106504996343698405e-10,1.356082241147023630e-09,1.377749456574564224e-09,1.399824676004014325e-09,1.691841814683833725e-09,1.625108028241750989e-09,1.679177194209131584e-09,1.571080007328437984e-09,1.574245239473987897e-09,2.011833754075216984e-09,2.011047399126309086e-09,2.126414388667948682e-09,2.408634094533992010e-09,2.393094538853716697e-09,2.607547537419010743e-09,2.315259733990059088e-09,2.341713663851816092e-09,2.478548337574840794e-09,2.491881431984586039e-09,2.762133122411454924e-09,2.857863285443109432e-09,2.814192519606870249e-09,2.839184894140535046e-09,2.576471935123719680e-09,2.435916180633835357e-09,2.427043782495498661e-09,2.307841541570195183e-09,2.228984812789338238e-09,2.216353502896715349e-09,2.548520694648359420e-09,2.478891623836922857e-09,2.575597706717567430e-09,2.486921465768263166e-09,2.185002754460403381e-09,2.190063855598197676e-09,2.556480893357366750e-09,1.849247498569858724e-09,1.869048202862038010e-09,1.870189442195252268e-09,1.954588448812926639e-09,1.834657460000895431e-09,1.921550257595147491e-09,1.730986756081097718e-09,1.954873938731581466e-09,1.794539045461889873e-09,2.273155544806615453e-09,2.193637583890810957e-09,2.294753745238913951e-09,2.367229105629395056e-09,2.584691022079582197e-09,2.272100147683683445e-09,2.289071078530419022e-09,2.596417050613504459e-09,2.948644802527685843e-09,3.035944889147875994e-09,2.912089337389187180e-09,2.765655491598713591e-09,2.825159324366028083e-09,2.281591051630020299e-09,2.306618970517496811e-09,2.213817972861864146e-09,2.360840826254393903e-09,2.193819409491306089e-09,1.834873431585652781e-09,1.902486779545407840e-09,1.921873532254008347e-09,1.626671912379175297e-09,1.563317070969479161e-09,1.902101640052043870e-09,1.738384910181798688e-09,1.721545813435747886e-09,1.629360301395940219e-09,1.618912360076121207e-09,1.880650780628486737e-09,1.714040190940540986e-09,1.790881069961496741e-09,1.839085443550437508e-09,1.633520572004536367e-09,2.036829599628922810e-09,2.509064361804251731e-09,2.896528229063663289e-09,3.050206112723216092e-09,3.206252706771176623e-09,2.533206505153634556e-09,2.670199468763438250e-09,2.408408669803457367e-09,2.118400048551316056e-09,1.965797420119958621e-09
-1.383066917703484912e-10,-2.377321605141063692e-10,-4.788814203400232122e-11,-7.467558744516269122e-11,-9.114688434053268156e-12,-2.009327499908683352e-10,-1.025551013089081587e-10,-2.152576017708968071e-10,1.745729615438158263e-10,2.449451427217649399e-10,2.761238807755352188e-10,2.967876891401314468e-10,1.710831141312759348e-10,3.606244007842226916e-10,5.995303112511264263e-10,6.092453092578003402e-10,6.090605665101215004e-10,6.639459741742690490e-10,6.199096427813925677e-10,5.849294572669641738e-10,6.170784384192940201e-10,6.721969305861982796e-10,7.590932242328066351e-10,5.783614321101258698e-10,3.028746713436082142e-10,1.912078252865704768e-10,9.271680208165724700e-11,2.233122726471137285e-10,5.962436677419602051e-11,-1.131349953409865144e-10,-1.432485011620603503e-10,2.825377545080579738e-10,2.181620862585221447e-10,5.210485770856202494e-10,4.385995957115212935e-10,6.187993817626047382e-10,4.798725877192424802e-10,4.633398328921982813e-10,2.579226847860887593e-10,1.405094835377816073e-10,1.727163804884323189e-10,1.630282135139409378e-10,4.256552212602142259e-10,4.355597191788900525e-10,6.151251764810406621e-10,1.226662024059787024e-09,1.295522713522587273e-09,1.141496343518619189e-09,1.148526453873347736e-09,8.417105265342930059e-10,9.098768418614824435e-10,7.468037894619081282e-10,5.510961264767329720e-10,3.522534229136701227e-10,2.621304393819083633e-10,2.341183347773330508e-10,2.146343092169787666e-10,6.776558690584572439e-10,8.307625689078107843e-10,9.821452827623667912e-10,1.013552567420953164e-09,1.024661005243724513e-09,1.538023409560943409e-09,1.605992258526108171e-09,1.603732902027937390e-09,1.361268739149242637e-09,1.274027858807653035e-09,1.337360605868225240e-09,1.160487395816997056e-09,1.602849263803899766e-09,1.891602328899017436e-09,2.122643414174878691e-09,2.039831398741452565e-09,2.243472705295343041e-09,2.258670711857218250e-09,2.200737583328820009e-09,1.844885660048975842e-09,2.023918820328522941e-09,1.762704924942909484e-09,1.742295475214591616e-09,1.433791311440185049e-09,9.982528439727410424e-10,6.045791255433087959e-10,9.054845528964693462e-10,7.733017261744297300e-10,9.010318410512072479e-10,1.098260511991281905e-09,7.725243152993744752e-10,7.563221068031900415e-10,5.014493178881717387e-10,7.212052103126276367e-10,6.809202271643481938e-10,6.150366884632794891e-10,5.852465352046709452e-10,2.036193118818604952e-10,2.809511637842692506e-10,8.600927374994363989e-11,2.093036909238408688e-10,-1.019707778910802249e-10
4.296583445613410550e-11,1.580170820796075226e-10,3.278778140626095601e-10,1.338434224718365114e-10,-2.651955334780780814e-11,-4.339645242514388734e-11,9.426077320583145516e-11,-7.129468200276867210e-11,-1.236814260839880571e-10,-8.888358782229990161e-11,-2.609574677593527986e-11,2.574834723711071243e-11,-9.663631161716857825e-11,-8.343828789455083976e-11,1.415528829592905988e-11,3.547095925767232794e-10,5.512506771117561650e-10,4.016693299829824473e-10,5.725547881592541892e-10,6.775581747667714864e-10,4.999711612304751867e-10,4.876914676857361384e-10,3.079661020228490123e-10,3.806921449000295329e-10,3.070148427972475812e-10,-1.333985878651333825e-10,-2.818148318816178704e-10,-2.337928700035560919e-10,-2.813043982534267037e-10,-5.647974027887755894e-10,-6.303705750648759233e-10,-4.927595798309673508e-10,-4.496665220457263943e-10,-4.318413265512854613e-10,-6.012983764389508627e-10,-4.044301918491813743e-10,-4.151151873167054368e-10,-2.957360039173449062e-10,8.846030000752627346e-11,2.486623939596615775e-11,-2.545026031346653496e-10,-1.863378727343014767e-10,-3.941963584618304690e-10,-3.763619335960013423e-10,-3.197075001384266639e-10,-4.546699420336333422e-10,-1.725078200458526529e-10,-2.524421173877268600e-10,-3.132683591329665795e-10,-5.307376209609379052e-10,-7.862846995880099232e-10,-8.305810457576974848e-10,-6.671304036895279433e-10,-7.182494912115016281e-10,-8.282168494648167170e-10,-7.290782581984915460e-10,-5.760670675562270572e-10,-5.716258027550461346e-10,-2.825626001031098272e-10,-2.188751612068566645e-10,-1.396303111597668774e-11,1.329529199066599018e-10,1.129123306111984185e-10,1.074195102064509335e-10,-2.698080791897849135e-10,-3.480582172823312537e-10,-5.109465903678719172e-10,1.333085792179752908e-11,-3.813538140583359544e-10,-5.950176197545966312e-10,-3.093527932591242271e-10,-3.076413747959094260e-10,-1.771361617164299647e-10,-4.404610713837592794e-10,-6.950860439915925796e-10,-1.197462815293078308e-09,-1.032795445077534189e-09,-1.160086766206138144e-09,-1.075351380651446876e-09,-1.369053525990328164e-09,-1.501488615823380840e-09,-1.678554642187771279e-09,-1.444663380064535613e-09,-1.594379117630938842e-09,-1.591444375406090038e-09,-1.483679406136566350e-09,-1.438649574565036855e-09,-1.163158832074540751e-09,-1.284115284237130502e-09,-1.186183948982410010e-09,-1.005214597568528133e-09,-6.992400634240053871e-10,-1.273462402971980123e-09,-1.793001639651386362e-09,-1.238834914276895693e-09,-8.585470763866561063e-10,-6.612837647152264646e-10,-5.761935602998807759e-10,-4.956428674093092212e-10
-1.447332286136079063e-10,-2.768767817610503669e-10,-2.127445702916112240e-10,-1.251855451598138952e-10,-7.781015721535498049e-11,-1.406555687743165686e-11,-9.831938176185809578e-11,3.890692152364582114e-10,3.515911423622466089e-10,2.229592411722982768e-10,1.691155381236664252e-10,-4.788352398490104476e-11,3.848007106154324712e-11,-2.383670186938745090e-10,8.901196505238214445e-11,1.133675667129586756e-10,2.392111732593078021e-10,1.435705908045907168e-10,3.036527950828058691e-10,3.010420376014531384e-10,5.207842041618187653e-10,5.850328587797698544e-10,9.171985967032953107e-10,9.254352141414570889e-10,8.173186602448132563e-10,5.462077848773765497e-10,5.617258370315961565e-10,5.061918306256288235e-10,4.706553746021726338e-10,7.573646925193702179e-10,6.349084422127850784e-10,4.610653684016652623e-10,4.710185526619270224e-10,1.063152886827942930e-10,2.992486041041393210e-11,-1.685376352553441979e-10,5.914650601298739143e-11,1.310301411840419827e-10,-1.063474222598693598e-11,-1.019741798543447455e-10,-1.289393788568469661e-10,-1.777562439157184302e-10,-3.238989080393527595e-10,-1.591248431485600608e-10,-2.588531242735268216e-10,4.149883417399263172e-12,6.231421065618744191e-11,2.115442952763944190e-10,3.541733675840030722e-10,-3.965907464966136245e-11,1.719193239582133009e-10,8.925751247634454010e-12,-1.365141697144614843e-10,-3.504785930155554641e-10,-3.761351898362778297e-10,-5.173838796123237551e-10,-2.545265235559517489e-10,-4.318087510354219829e-10,-6.198217458471528408e-10,-4.216764583805360095e-10,-4.364974685707747372e-10,-5.043829599791018216e-10,-4.534630800759134389e-10,-2.270802566083991455e-10,1.443539812497117279e-10,2.740591789164379101e-10,-1.205015505620486247e-10,1.414720809054720579e-10,6.003864574157888981e-13,-1.943228392702130985e-10,-1.834285922035184791e-10,-2.066895498376471911e-10,-6.143676268725965311e-11,-2.830366999750507018e-10,4.644338070316567186e-11,-1.588562081584057753e-10,-5.372767990790449645e-10,-3.260949988350118528e-10,-3.329483051846777089e-10,-2.816038551662491873e-10,-1.735167574815036902e-10,-4.515971108219068407e-10,-8.139759353932954323e-10,-7.218411107540076401e-10,-7.679589747291870513e-10,-1.164836010391199035e-09,-4.659121051337629280e-10,-9.630444034226597266e-10,-8.075300600742368342e-10,-8.693847860063209110e-10,-1.053687925662534104e-09,-5.795926613125218280e-10,-4.776441472323562369e-10,-2.983284515213821859e-10,-1.430553922464412453e-11,6.939149001423953903e-11,1.713276663671249359e-10,1.324154402974925583e-10,-1.993694116788077863e-10
-1.182225537645235943e-10,-1.024481307632490238e-10,-9.789314923682169243e-11,-1.070934909362313098e-10,-1.698258874612657726e-10,-2.679973778350603188e-10,-1.685247486102171391e-10,2.931461867637102419e-11,-2.052710694095709152e-11,2.781036632732188963e-10,7.065803726987167098e-12,3.962868493014366797e-10,6.492356159117887110e-10,7.696818505734745412e-10,6.148860183667300053e-10,6.648283429166498174e-10,5.472702540012488024e-10,5.524402614624888519e-10,4.535872834781634334e-10,7.301621237078027916e-10,8.383831975812624093e-10,5.445274410648223142e-10,3.409857680597492362e-10,4.376519153737696080e-10,4.523543554571209516e-10,3.832517049482848136e-10,6.515892697906656875e-10,6.890041166967845555e-10,8.089591370835507511e-10,9.302834000467730986e-10,1.145489688936341691e-09,9.229038212243854484e-10,9.600585721798694103e-10,1.090301089399103065e-09,1.166439955461498604e-09,1.200651013743130552e-09,1.457620798233520052e-09,1.657143761370994507e-09,1.728789506380105720e-09,1.732215770495126757e-09,1.914790392081757633e-09,1.722472121766630192e-09,2.035984723670784956e-09,1.916854386216789759e-09,2.262572512217611033e-09,2.124420633176634636e-09,2.041457347757879059e-09,2.380127000074642716e-09,2.420338186981124470e-09,2.393936618331143618e-09,2.785305151209416095e-09,2.574212422523103912e-09,2.898541886219967557e-09,2.859499880374823849e-09,3.457379659632238852e-09,3.731956634862348468e-09,3.603126948618534350e-09,3.817916919199043821e-09,4.017294550778140479e-09,4.124066694403632628e-09,4.309109600210266932e-09,4.079399122771959165e-09,4.214432791272673325e-09,4.190421529891634049e-09,4.036596592948930117e-09,3.835442570684434276e-09,3.520311576775435550e-09,3.480866097818486283e-09,3.502660783040710700e-09,3.238171421824987404e-09,3.120910218642991467e-09,3.120550480770338013e-09,2.740749370022033566e-09,3.073727015078634202e-09,3.000905245341661932e-09,2.928962916316718139e-09,3.069969794302820659e-09,3.474554206369664039e-09,3.913462222458410365e-09,4.281231616064698462e-09,4.093252281067402473e-09,4.175333944133852553e-09,3.917891882538234007e-09,3.219745025352200930e-09,3.597834675716959224e-09,3.597306674123640640e-09,3.676266884149444755e-09,4.161027025805239580e-09,4.290269442768511368e-09,4.398195064366620991e-09,4.219850387755929662e-09,4.348607195581171675e-09,3.706090086415503968e-09,4.105848943564109993e-09,3.644725081253110478e-09,3.357115007660482164e-09,3.582994911883549403e-09,3.508749236468413413e-09,3.390234217545978841e-09
3.213183156037355825e-01,3.215818046663517782e-01,3.283472154231394380e-01,3.194466352355487815e-01,3.181894182823738482e-01,3.155928887141219996e-01,3.122087519235967057e-01,3.127507040352312528e-01,3.150881108463504110e-01,3.176502714807502015e-01,3.171453183845730495e-01,3.127967780076778559e-01,2.983007802203296865e-01,3.086863874840968802e-01,3.115715706785340822e-01,3.101576417108817263e-01,3.147930448060125563e-01,3.004446850284779869e-01,3.022732476726457951e-01,2.918940266701722241e-01,2.932237098002093423e-01,2.914550580006072811e-01,3.041767534813213381e-01,3.176280446760803011e-01,3.321860919743110929e-01,3.290436495931948202e-01,3.233903068121371516e-01,3.248996669273848115e-01,3.292656117695749174e-01,3.499476182375053646e-01,3.260681059056825259e-01,3.381406724746746084e-01,3.485657236415207749e-01,3.361396229022543536e-01,3.194980333269857864e-01,3.471816651192951020e-01,3.334343980649948080e-01,3.509469307803703697e-01,3.619004711861896761e-01,3.627835137792222997e-01,3.617954610971494955e-01,3.368696831001203318e-01,3.377801894680390049e-01,3.508541474849008468e-01,3.682409051658332988e-01,3.854993284275646803e-01,4.077384568158364808e-01,3.877702039922801824e-01,3.866375375696415873e-01,4.019368332218930528e-01,4.023206706912384467e-01,4.196135121909612131e-01,4.010523019980418713e-01,4.036799807900823267e-01,4.202646229568807179e-01,3.818705761314986624e-01,3.870170880450906070e-01,3.707846596978366382e-01,3.291567535577042403e-01,3.282091655184873891e-01,3.294129931552884916e-01,3.511920757549170657e-01,3.605198152800156430e-01,3.638475835887364784e-01,3.892225910735399586e-01,4.276177738698067610e-01,4.532294058115328150e-01,4.574421988655300586e-01,4.784462268552553965e-01,4.628487368551940651e-01,4.360431413273205270e-01,4.277400818869526722e-01,3.940490579952079520e-01,3.511415228084812101e-01,3.161899611603703475e-01,3.374300739535049942e-01,3.253652848463242653e-01,3.388552027546094525e-01,3.318253023930491930e-01,3.179289283523537568e-01,3.362482048237113164e-01,3.365586193570289653e-01,3.636357958798199230e-01,3.685301731296982686e-01,3.485713452112028099e-01,3.587988243587432180e-01,3.720414824549475585e-01,3.773266092944483341e-01,3.691770225085668766e-01,3.712906816746925354e-01,3.694895229081501253e-01,3.569245893728486552e-01,3.842113277548345751e-01,3.724503803832664439e-01,3.595955637257721715e-01,3.730264644207845204e-01,4.033213341907178617e-01,3.787126892403408496e-01,3.823296598401872970e-01
-7.181865255017435719e-11,-9.417254218539799731e-11,-1.350135455913247227e-10,-6.003632509542960266e-11,-1.091376063140447790e-11,-4.367202574646951967e-11,-1.766247434592169792e-11,6.468432767910937630e-11,1.406332566260235505e-10,1.144920032138467998e-10,2.190531644671385927e-10,1.910585291451090455e-10,1.238003326411128601e-10,2.760125535796516535e-10,4.969341317549475277e-11,6.153451773040276502e-11,2.581995334101701271e-10,3.410548409791291707e-10,1.033424292124896524e-09,8.165280614831713520e-10,7.896998076190018148e-10,4.036312551149497100e-10,3.431612505597003539e-10,1.241108491802580010e-10,1.411246051465032139e-10,9.127265305853000622e-11,1.879567051132139816e-10,1.491682516893290947e-10,1.613801294273877624e-11,-2.242193792521365665e-11,4.055954106138760007e-11,5.269264645297674072e-11,1.621299735469428496e-10,2.320586705765365044e-10,2.429893821587815816e-10,3.883728984407209819e-10,4.884957308680914375e-10,5.545631115725052874e-10,6.140858255484284068e-10,5.463067765211473590e-10,7.095023724957493793e-10,5.006085913008185614e-10,1.025919304647590263e-09,7.541538926981217988e-10,8.137639887104667637e-10,1.097806979035332608e-09,1.051205889305478504e-09,1.108131225280105437e-09,1.321405328564661281e-09,1.119013911605391814e-09,8.551811784283864303e-10,6.777296522923110249e-10,5.171823032291932486e-10,2.125385777156893027e-10,1.335280124483921399e-10,1.941731333978601542e-10,-2.065768254404439961e-10,1.226256037392989237e-10,3.265817153656808448e-10,3.267848456995443241e-10,1.254006106576305634e-10,1.404139145324282241e-10,3.582097559081830403e-10,1.663852465529170307e-10,4.320448853445252592e-10,6.963472328276786104e-10,8.556316281257680613e-10,5.880956889845071685e-10,7.280750154550625113e-10,7.757421135526359289e-10,6.528213284409689166e-10,4.603921815998607673e-10,2.170999878039414167e-10,2.489926447210381783e-10,1.385388353197753071e-10,5.151943077773813331e-10,1.365738758308292747e-10,1.093702058525344107e-10,1.849231360676229138e-10,-7.536697587707137705e-11,-4.081993228764474440e-10,-6.864068262122825411e-10,-1.018178228351834221e-09,-1.400402339832058269e-09,-1.009341593680062854e-09,-4.508013702253036676e-10,-4.858220888213546753e-10,-1.981405949386191285e-10,7.920053375735153672e-11,3.763819081218157995e-11,-5.589607940897140261e-10,-7.305882949571488507e-10,-8.835558039741849127e-10,-6.613829981552873210e-10,-4.218563550063832239e-10,-2.306762822168422029e-10,-2.998700831216182945e-11,1.873571371786675047e-10,-4.135525800481314677e-11
1.119242590681767818e-01,1.087530476047527256e-01,1.060760808280423878e-01,1.140591959448222781e-01,1.164812106384818663e-01,1.150320382598679914e-01,1.171716352693953633e-01,1.176863110226707559e-01,1.252601559339696635e-01,1.141309162658875331e-01,1.308204250956158110e-01,1.418179386084699178e-01,1.477687228801825570e-01,1.503660943008014172e-01,1.562672749135413652e-01,1.542577548432630397e-01,1.492927660879825313e-01,1.391162201161892376e-01,1.349838447866930080e-01,1.393438955070037955e-01,1.251448040848359700e-01,1.152310622930931144e-01,1.016198215691400258e-01,9.376640935783217556e-02,1.014081041015239548e-01,1.020812608628316465e-01,1.090381182587119163e-01,1.060822855977004708e-01,1.004646202028851576e-01,1.047351049136922008e-01,1.100879979499759104e-01,1.216921609530755566e-01,1.080094763487406961e-01,1.071993369130457563e-01,1.077148330295816386e-01,9.799361634714447156e-02,9.245267363715149733e-02,1.041044744784147408e-01,8.577633626457867311e-02,8.246528719452694833e-02,8.103932149065493085e-02,8.432025177932914173e-02,8.964761706801667451e-02,8.653978365769809944e-02,8.700267930934979521e-02,8.308667955464626997e-02,7.307521561256931364e-02,8.023152450030367200e-02,7.394397691094480030e-02,8.013782003855000891e-02,8.862865778399375838e-02,9.552999028770035872e-02,9.326898782536720278e-02,9.590395698187001439e-02,8.138367418293533662e-02,9.516328684246608272e-02,9.961372389338211952e-02,1.012561526617786894e-01,1.009545044624632210e-01,1.015970468990810005e-01,9.899252106176435750e-02,9.975295676741859074e-02,1.014616862622121224e-01,1.009277008235358875e-01,9.705315870803501999e-02,9.050503745879294459e-02,8.343076777210946260e-02,8.375895209791070495e-02,6.995720940749750039e-02,5.214673106128209223e-02,3.959293605491596979e-02,4.019192645864966273e-02,5.815794235285569325e-02,6.429076503451906788e-02,7.333293026457690655e-02,5.768598414401655827e-02,6.054732034753877723e-02,2.752180672910981701e-02,2.464582119350996331e-02,4.136179957111554839e-02,4.457108349566466649e-02,2.862335257729870658e-02,4.917343719075333713e-02,5.967151365756877962e-02,3.870122909304907211e-02,2.571680479126954577e-02,-3.501865949034448089e-04,-2.942084545369856238e-03,7.782721357441008472e-03,1.117187008999457470e-02,-1.268770291797411548e-04,-6.563288331716361432e-03,3.925768682929231534e-02,3.754357431540646106e-02,5.702736204682612442e-02,5.390498240493824672e-02,2.737618337249252826e-02,2.799348469786016799e-02,4.224737220963165757e-02
4.396766176720784503e-11,1.048290718614664233e-10,1.871713950814629915e-10,1.698438944421760566e-10,5.754183398116003226e-11,-6.333798413196160681e-11,-1.088833059140352792e-10,-1.952261152179772591e-10,-2.592826413268834005e-10,-1.526882864965388124e-10,2.579298331205413684e-11,-4.355229596805454469e-11,-3.165349023635335399e-11,-5.825373123344006984e-11,2.247027129112000085e-10,1.771153833662657866e-10,2.986228570308159804e-10,4.170821160227433593e-10,5.702070549513529402e-10,8.447170194796418898e-10,9.910995004612506601e-10,1.178882254062888306e-09,7.625220725264966095e-10,4.400142819288194452e-10,1.926351347614885799e-10,1.070252907644927939e-10,7.875352434787343490e-11,2.966341500365377751e-11,-2.350377066595313722e-10,-9.213106985706523865e-11,-1.801114249400788822e-10,-8.586576384308246186e-11,4.565580685414897166e-11,1.673463297790126606e-10,-4.092161372138945304e-11,-1.837950326445278203e-11,-1.363616566391126549e-10,-1.250739765244065381e-10,-8.661767206550146726e-11,-5.708239123556272623e-11,8.073203484683541906e-11,1.760026424495630725e-10,2.735864411233539189e-10,4.754184112268235660e-10,3.348842286579610911e-10,1.885393249886931071e-10,4.118401010703715859e-10,3.941809038863887407e-10,1.523391726222160886e-10,1.991922252660801159e-10,4.095933774830178583e-10,3.981545365736966949e-10,6.388910734033422582e-10,6.473828385228110677e-10,7.654202350058468663e-10,1.032732792066334838e-09,1.115469614895558229e-09,1.149903980284576473e-09,9.705765633030344998e-10,6.010469000155127921e-10,-1.698131438774287503e-11,-1.979905255671268852e-10,-3.208445502181988752e-10,-3.211096417925081831e-10,-3.427996206653938641e-10,-4.217324545468948906e-10,-1.968156339451178574e-10,-4.558926321707524990e-10,-3.780337909897023864e-10,-7.082433179254034478e-10,-7.796490794505842875e-10,-7.757705753422616715e-10,-1.090780192490804864e-09,-1.494149584953962608e-09,-1.940499309331637751e-09,-1.429232052634273984e-09,-1.421160498005609264e-09,-1.499666576966291237e-09,-1.314565634554655714e-09,-1.559112318585341862e-09,-1.050310481220839726e-09,-6.773538436295168299e-10,-5.497016652316510490e-10,-1.625945323830998697e-10,-2.887141436121981271e-10,-6.023662371320310819e-10,-7.693010069631101633e-10,-1.189332208510669567e-09,-1.363909799639681817e-09,-1.821382681010959380e-09,-2.544088632241599849e-09,-2.813223337548982285e-09,-2.840193724607749547e-09,-2.877121909939908757e-09,-2.581492177284114315e-09,-2.591506940286744532e-09,-2.207781528920889116e-09,-2.135348491010527850e-09,-2.013756196600965878e-09
-9.611436632464422594e-11,-2.355563461133403483e-10,-4.078632293956811712e-10,-3.146267626797039852e-10,-2.503381920457154047e-10,-2.868941372613145573e-10,-1.909763125063565825e-10,3.223114274470362423e-11,-1.254319565723509439e-10,1.324000827706177035e-11,-3.302190237974093059e-12,6.323659096749863528e-11,9.772647993239315066e-11,7.645609270184806039e-11,7.302862875833216172e-11,-5.253737555062393884e-11,2.436788449596644028e-11,1.998111968248391728e-10,7.608453115550808966e-11,-6.242300914877334579e-11,2.217027188960043138e-10,4.840325185686245300e-10,5.208042932879012629e-10,3.150252526518710773e-10,4.681348456419915093e-11,-1.344400942883822444e-10,3.867827739583786947e-11,-3.235418816009096422e-10,-2.162319715766835364e-10,-3.399407138544855432e-10,-1.025803904753990528e-10,-1.006252429824885925e-10,1.763256926391525021e-10,-1.238268752518216048e-10,-7.443609439049166009e-11,-7.175683005379571548e-11,1.207065420383026725e-10,2.643093969915958164e-10,7.193849896327985510e-11,8.256884431036998918e-11,2.871296401152456661e-10,5.931069370205616585e-10,1.177894844101330227e-09,1.001391573327121797e-09,1.033591987116811019e-09,1.252856329803537721e-09,1.165597805112081971e-09,1.337897937185734094e-09,1.136948011706272924e-09,1.127995347435409642e-09,1.250224611988489162e-09,1.157648795753987058e-09,8.933669095928930058e-10,1.041333204190902454e-09,6.637649553249010751e-10,5.326696471105320519e-10,5.622413666908197225e-10,8.372901133484097329e-10,9.917865824560737844e-10,7.672614027666070198e-10,8.860021650809047453e-10,9.581407427374081884e-10,1.064586961327872463e-09,1.420741428853280507e-09,1.507684277275669846e-09,1.454018813916229724e-09,1.433490345828837213e-09,1.682443529187324456e-09,1.744487572703787661e-09,2.016577944932337376e-09,2.126402584419823227e-09,1.818542315074370860e-09,1.755355757607014421e-09,1.975540301708318709e-09,2.010667727526802829e-09,2.117269772268033368e-09,2.079718026324200067e-09,2.080578309212600555e-09,1.862573685466583928e-09,1.682603730409762766e-09,1.658817789866183006e-09,1.388849637101090397e-09,1.333078251259006914e-09,1.454571930474195336e-09,1.782464255703412573e-09,1.558763105711018584e-09,1.822001931918637810e-09,1.873987645012651120e-09,1.829103730188948412e-09,1.862001046803943173e-09,2.385630281032408846e-09,2.795589806136261322e-09,3.609818015637415659e-09,3.871344868033205186e-09,4.233924603952310340e-09,4.761325793421525276e-09,5.149090900412746921e-09,5.829143001404815433e-09,5.680719844603880406e-09
1.771978732383227022e-11,-7.670087598215744836e-11,-7.188427877102263817e-11,-2.903192902156213021e-10,-6.202497414407622357e-11,6.410042685232477448e-11,9.368373885624998098e-11,4.138682402032955393e-11,2.133038807726189458e-10,2.243439305110842735e-10,1.974128124140587631e-10,1.544984135429063122e-10,7.304765620070298073e-13,1.039805457672404142e-10,3.158274097944657035e-10,-9.218148129958817781e-11,8.819324267246354099e-11,3.745692178994189020e-11,5.643042980767108093e-11,2.400579628827562371e-10,2.672718835277850516e-10,-7.829929223403427091e-11,3.518525003745702070e-11,6.021578921267698130e-11,1.358714042066285291e-10,-1.018730728982204561e-10,-8.679003881928390787e-11,2.582570725089457856e-10,2.077961317307250637e-10,2.019652297601230258e-10,3.538994086973121785e-10,5.454842167350575760e-10,3.221166651888027878e-10,5.326654778993532331e-10,5.948378640797805804e-10,4.849847544250172439e-10,5.541821066390822812e-10,6.132332629622598214e-10,5.104332681427479684e-10,7.154422752945640454e-10,7.960815333268298443e-10,8.003331920340232809e-10,1.018062107674325448e-09,1.198841890092930754e-09,1.337002131559389115e-09,1.176499176080241597e-09,8.411433780662686713e-10,4.577643100103838029e-10,3.683946387333508879e-10,5.336497755298575138e-10,7.322368779339424068e-10,8.869653892718743976e-10,1.066775585869211304e-09,9.740812991369373384e-10,1.228846283572965632e-09,1.678910671751592824e-09,1.507410071648848863e-09,1.239508197151597810e-09,1.240918700994151042e-09,1.112201049861146018e-09,9.583009293430884122e-10,1.202833515644727230e-09,1.241867748094964668e-09,1.469023568003153266e-09,1.890242225333687311e-09,1.981839221078600188e-09,1.499491619295509647e-09,1.493373970619958518e-09,1.362561455639379249e-09,1.308458705194381828e-09,1.540873756689082703e-09,1.570684262504902609e-09,1.950823437151661165e-09,1.687544257627076178e-09,1.891929601354065688e-09,1.575917042705514968e-09,1.753735455814379066e-09,1.784893370000464612e-09,2.093759474186051644e-09,2.433449082078086297e-09,2.571291043447617035e-09,2.790333105134660348e-09,2.125294246393247187e-09,1.798594473904024018e-09,1.516047176514681522e-09,1.375695752968680500e-09,1.200933361829345891e-09,1.370360339848695923e-09,9.859809672270787459e-10,1.319994663718490753e-09,1.556642869838633273e-09,1.782775044230051262e-09,2.192320785776399805e-09,1.641290057157513026e-09,1.827903799037430432e-09,2.256841843442827207e-09,2.889305423426968427e-09,2.825602467085065033e-09,2.552946780458772241e-09
4.797533202225019443e-11,9.151106816379605459e-13,-8.940660254738883293e-11,-9.956081743028767369e-11,-2.250665381348777277e-10,3.119843271337506735e-11,-2.908188865245330369e-10,-2.873757767587325914e-10,-2.775728409321521996e-10,-4.708343797078519950e-10,-4.358777765884348396e-10,-5.419351532880538917e-10,-7.632918812090373313e-10,-8.056187909858376202e-10,-9.544635262321452005e-10,-8.863144080143668078e-10,-8.068089118652335850e-10,-9.487020111577367725e-10,-1.151840685575717992e-09,-1.276919641486125738e-09,-8.820214884784828849e-10,-1.066894969581203870e-09,-1.242667842377930750e-09,-1.231183520821008653e-09,-1.127909775941964968e-09,-8.911545872677859827e-10,-7.613497654378790689e-10,-6.651425435866215149e-10,-7.545046321102530077e-10,-7.181467002795306221e-10,-8.489421767045193247e-10,-7.915433188297488567e-10,-5.548119519380761839e-10,-3.716628997348914373e-10,-4.819555794911974991e-10,-5.706882177174648437e-10,-6.313115502084523500e-10,-5.614393865493389907e-10,-4.938893748543587695e-10,-5.268778325095845998e-10,-1.281263229622759416e-10,-2.508015890236198924e-10,-3.666921520541407845e-10,-6.188914032497658259e-10,-6.100977897060255639e-10,-4.858215863956088023e-10,-3.733764187093373551e-11,-5.173734363278818697e-10,-3.581661894515440989e-10,-3.275738247529147572e-10,-5.426728854777252154e-10,-1.000410698998824714e-09,-1.119443784042053734e-09,-1.336267374700845757e-09,-9.782696150796486164e-10,-9.799236717628669260e-10,-1.282874385505882909e-09,-1.383422549371995123e-09,-1.493871717757335456e-09,-1.209703134151039181e-09,-1.255407119241844407e-09,-1.134150222678495821e-09,-1.205820191288725988e-09,-9.650451877764555566e-10,-8.898402174262970568e-10,-6.291759082521382818e-10,-7.611508665536106571e-10,-4.728120696582472922e-10,-2.075033925959394296e-10,-4.203258700000724217e-10,-6.162773715898853242e-10,-7.989639254131828265e-10,-6.785146037110618440e-10,-5.285965939743277265e-10,-7.368213630822249969e-10,-7.621740114634777615e-10,-8.987415048657367211e-10,-1.127327258208464177e-09,-1.446810577427769378e-09,-1.528138761146630027e-09,-1.577353485675544191e-09,-1.931064863896662460e-09,-2.356993303930916915e-09,-2.164957748561826196e-09,-2.158650847856636943e-09,-2.206144549072700545e-09,-1.794604116410226948e-09,-1.577094242367591760e-09,-1.325875816968807778e-09,-1.643390780432223593e-09,-1.531457768544378425e-09,-1.582375924475461833e-09,-1.549560488083174246e-09,-1.574447616673919188e-09,-1.379618297665953683e-09,-1.270388593299005270e-09,-1.296727281413451292e-09,-1.474011221514671736e-09,-1.126279389032817760e-09
1.584614811421227187e-10,1.203870253496982737e-10,2.176800953398291390e-10,1.195180971841829801e-10,1.453898591224018743e-10,8.060210834806431538e-11,-2.993101465567797085e-12,9.915728638982502637e-11,6.285643687926278695e-11,5.000185814068144538e-11,1.664227896778266452e-10,2.905068669393510088e-10,1.623175309464561251e-10,2.814463596803662576e-10,3.543221269300073022e-10,1.671245513752508053e-10,-1.863412050156557540e-10,-5.297206993982065857e-10,-9.007152806446866120e-10,-7.734228533975638003e-10,-7.507938492705653936e-10,-8.600454568518595521e-10,-1.091989801949132422e-09,-1.296166302976635223e-09,-1.456208534350863467e-09,-1.472879616974935305e-09,-1.207028069620226908e-09,-8.239065101958325961e-10,-6.098873576149019171e-10,-4.266528908785146360e-10,-2.599492905292531701e-10,-5.248686541837027821e-10,-4.493168893487705850e-10,-5.360686834547281040e-10,-2.558113374341456502e-10,-3.481672519542100099e-10,-5.780533222488508525e-10,-4.040085518045448471e-10,-3.659218993358217375e-10,-3.680824847800570600e-10,-2.963031404839539892e-10,-4.320252631404492893e-10,-5.045804897214093332e-10,-1.884159778010094497e-10,-4.728059748655241136e-10,-2.845873794092456585e-10,-3.941797956122743273e-10,-3.440851788392150495e-10,-5.203692420201250431e-10,-2.382901941040494021e-10,1.953991305514044064e-11,5.867646284041178549e-10,1.101923086916192268e-10,1.262751379465711638e-10,2.148829298553478085e-11,3.077093222525952640e-11,-1.758531088196831797e-10,-5.051658724195285524e-10,-5.052458224184825290e-10,-5.971743369491233069e-10,-7.143346144825846055e-10,-6.277653066513700024e-10,-4.806327192269730848e-10,-5.773977665758937995e-10,-8.224032974935366485e-10,-2.561926830274640513e-10,-5.197709276656090043e-10,-1.344192152973677131e-10,-1.300517251813558725e-10,-2.764581767576410133e-11,9.246089127214566604e-11,3.438267391613949330e-10,3.968046350079635094e-10,3.464793867273359024e-10,2.077410175176400214e-10,1.369249656681782175e-10,4.265358125877391680e-10,8.667680197375386582e-10,4.952841672848465742e-10,4.289109996406038055e-10,-1.119463157347535551e-12,-6.018257817882221038e-10,-3.956632662033568399e-10,-3.799155546644607676e-10,-4.688772771481230116e-10,-2.605556269397358781e-10,1.509292658344580942e-10,2.274751983172610458e-10,1.742505072750169852e-10,2.375417464920412022e-10,3.765798659190602933e-10,1.069723338371544720e-09,7.156842623465686131e-10,4.837269930082367630e-10,5.676113920441478126e-10,1.163824185946242249e-09,7.600754595193369947e-10,6.367277479286022675e-11,1.582035376001242908e-10
3.406500850178895701e-01,3.429619754681868526e-01,3.551677980929046075e-01,3.622946752669445325e-01,3.660555168707732565e-01,3.589071963482088345e-01,3.719689654757940001e-01,3.386180614251875221e-01,3.447162169799242171e-01,3.373666099020183329e-01,3.603769962862269360e-01,3.693401392527922433e-01,3.726526247151470406e-01,3.770644773091711421e-01,3.778916666038834027e-01,3.874397195403586625e-01,3.908960243656313671e-01,3.993970319926758439e-01,3.992518757645722172e-01,3.896716815360350972e-01,3.912757232492755088e-01,3.893172019291887831e-01,3.894300861153697224e-01,3.921016314405116887e-01,3.955824380004842045e-01,4.034673802042527124e-01,4.006689186549733939e-01,3.997458042871001593e-01,3.995583336085934412e-01,3.974711632885261636e-01,4.104961946676272677e-01,4.029311753195039536e-01,4.137660495822312878e-01,3.989069945774922354e-01,4.165580162023946875e-01,4.218239318743764454e-01,4.091970189281994297e-01,3.949878390833855835e-01,3.883762702533558042e-01,4.049126308956734754e-01,4.116855371080859194e-01,4.165571274783935185e-01,4.068328860895804033e-01,4.135362138596065384e-01,4.191966119394834878e-01,4.205650969286908181e-01,4.254231355328361719e-01,4.304728072477712608e-01,4.457158758721931346e-01,4.509382962075355605e-01,4.470670014939089887e-01,4.505860814443783391e-01,4.554742563851411075e-01,4.516571436726547484e-01,4.507594641562031601e-01,4.448541114453104517e-01,4.440960634012220409e-01,4.417943665691828614e-01,4.375665860615111091e-01,4.388816831529944174e-01,4.373951651794548146e-01,4.361847573450797211e-01,4.334693489047415915e-01,4.399566594478524495e-01,4.445940159493426136e-01,4.415136968112207128e-01,4.317298499881944696e-01,4.445862948963714145e-01,4.475941897608541331e-01,4.719547560450930712e-01,4.848755355729664207e-01,4.949727345042670423e-01,4.953289762319212364e-01,4.901792902472594804e-01,4.840394261446620550e-01,4.839564980374645997e-01,4.832462167012823717e-01,4.821543571068487299e-01,4.794284510584954639e-01,4.795673005889930507e-01,4.849037641029087520e-01,4.917884866642974195e-01,4.787004714846675446e-01,4.771348199261345457e-01,4.703781347989729467e-01,4.796669825733421710e-01,4.808861770443370598e-01,4.759783773933303208e-01,4.786254025758887032e-01,4.739833996206745947e-01,4.672419464389410693e-01,4.725296063827370552e-01,4.673551528068375371e-01,4.612641998579009028e-01,4.786269143905153012e-01,4.825858950097255962e-01,5.119455684746588853e-01,5.093797907614910914e-01,5.201172621610083979e-01
9.765265035773540436e-02,1.004969391044796267e-01,1.245950810926290536e-01,1.245198904732611189e-01,1.110112162082243364e-01,1.155539333300510535e-01,1.116924758574214666e-01,1.209902453669628036e-01,1.261967723867418734e-01,1.186771531089532983e-01,1.149306574308699980e-01,1.091931567054457708e-01,1.101762822479648574e-01,1.048629480811044956e-01,1.021138608977836953e-01,1.083797519480621946e-01,1.065031252112688953e-01,9.823375167988385170e-02,9.807634785353436246e-02,1.025290812707663757e-01,9.557954993839055946e-02,8.356537186955066698e-02,8.392790748904949139e-02,7.864248622631860031e-02,8.521837455207614820e-02,8.630012630283454000e-02,8.317461216110569322e-02,8.629261401358369332e-02,7.657077153622370014e-02,8.007663890767303949e-02,8.398812099587357749e-02,8.771024812397856807e-02,8.330819169923839307e-02,9.075323195764274653e-02,8.083468452962344619e-02,8.380377489390596069e-02,8.601316666875638561e-02,8.357804635330647047e-02,8.398717512324939405e-02,9.132716030905312088e-02,9.261071416400426526e-02,9.799388350086840616e-02,8.685493660067399035e-02,8.293232041740289384e-02,7.912563943447535608e-02,8.433595727755985316e-02,9.020624355917924997e-02,8.632501101951772782e-02,8.118853688347259234e-02,8.005418882346042320e-02,8.668264704994012304e-02,8.910546846071408511e-02,8.915038944549273647e-02,8.878045231244770241e-02,9.251060887168011115e-02,9.319150754591896957e-02,9.607263097881364733e-02,8.827123357906538348e-02,9.209853204697789064e-02,9.465273768747785310e-02,9.837321866567970419e-02,1.122908470970126471e-01,9.539401739858631435e-02,1.006668671246853664e-01,8.762885019767246986e-02,1.072379432086542350e-01,1.154761525028598357e-01,1.486997952179749394e-01,1.371127854772759835e-01,1.568419737863082919e-01,1.651879723526943344e-01,1.904775474963007198e-01,2.149157728644514320e-01,2.453085805276339071e-01,2.399411654028409946e-01,2.459326241158182047e-01,2.427393105822062414e-01,2.166189472980497854e-01,2.304363077619730471e-01,2.451350803576207715e-01,2.333050320057587779e-01,2.271662564679872987e-01,2.720461632699764376e-01,2.840689939381387252e-01,2.881855291099751915e-01,2.858898581716058929e-01,3.022676135745550052e-01,3.055847978366493245e-01,2.909761206985065352e-01,2.876317685761696219e-01,2.920532865395613631e-01,2.860431436824354412e-01,2.802201502041971604e-01,2.640885456261291564e-01,2.733740264780530338e-01,2.643971483865589778e-01,2.621208548989313880e-01,2.870281836590936053e-01,2.718939716394183082e-01
-2.773529589461527840e-11,-1.995289275867370857e-10,-1.349203463796735913e-10,2.885319691037949111e-11,1.634214589452430588e-10,3.597348703853803858e-10,2.147973680264646130e-10,5.999128699941946544e-11,-2.685856883513176606e-10,7.356189384042406154e-11,-6.887553627884533148e-11,1.720068520748991893e-10,-7.666229108325113499e-11,8.963916079597922404e-11,-1.244298409195725657e-11,-4.498311046015006190e-11,-8.399345891152509658e-11,-1.973946681628057491e-10,-2.957188472798416128e-10,-7.781176045897931508e-10,-1.733489492378901731e-10,-1.735464231069818480e-10,1.186389612514880623e-10,3.901520712078151749e-10,6.547094928245863651e-10,4.501365960030871758e-10,-5.007186941492178374e-11,-3.696594649609387747e-11,-1.284648500523580091e-10,-1.539050701463621121e-10,1.440807270561496868e-10,-1.447316088931314885e-10,-4.499378638684106159e-10,-4.890523201830701418e-10,-4.195025679124344873e-10,-5.702266105655007844e-10,-7.047988864310064149e-10,-7.351312452028674800e-10,-8.103439529489701592e-10,-9.417979839385624722e-10,-8.195317075875198120e-10,-3.881743440487930474e-10,-4.510609666382175020e-10,-4.424825488915517083e-10,-3.648275481421057276e-10,-4.948315993551162732e-10,-6.962841450730130163e-10,-7.494427314429488642e-10,-8.097633224443080675e-10,-8.429991426805111172e-10,-7.589247841026487427e-10,-8.053859052604368902e-10,-4.305239235193944093e-10,-5.277600403922209407e-10,-5.388888909071467525e-10,-3.644597648979847336e-10,-4.186369782268996375e-10,-1.368493016377376164e-10,-1.509114311515167451e-10,1.316984054690947958e-10,-2.944276285821153139e-10,-3.017479564756111206e-10,-4.225266055907748866e-10,-1.083341304624530753e-10,-1.698514431211902570e-11,-1.240284381887161388e-10,-3.924078707919911248e-11,4.499489535298774676e-10,1.975637575189019834e-10,5.459151612777308588e-10,9.583840868917065908e-11,5.198374491243576151e-10,6.721122654220117562e-10,1.183724127709281818e-09,1.257454115617367764e-09,9.341514826004640448e-10,1.177872636766961847e-09,8.374580824591956042e-10,1.284045755119179912e-09,7.646948382853089000e-10,5.074524523648396767e-10,7.845663361958576180e-10,9.994243789966922849e-10,1.195221968485986532e-09,1.293278793908273393e-09,1.405903247382881478e-09,9.111411884763933297e-10,4.399839595116543061e-10,-6.084376290246010390e-11,-4.408574600099931923e-10,-2.693265221028534316e-10,-6.631458364264350051e-10,-2.465748078847128827e-11,3.239059829029442981e-10,6.328735559368193944e-10,4.293377996316457301e-10,-9.806963426244542109e-11,-5.429825131841403355e-11,5.440054055692904815e-10
1.113309251912728420e-01,1.084947616734346504e-01,1.103626097059432487e-01,1.114633507600374662e-01,1.105497045932826161e-01,1.070214277542826525e-01,9.567451025918512209e-02,8.977609938024877501e-02,8.923627188555750822e-02,7.959809154257915798e-02,7.690958173186318581e-02,8.662090409184082518e-02,9.131901484041900219e-02,8.426264030754812562e-02,7.863333032221435370e-02,7.805997683890487926e-02,7.857147532259459166e-02,6.043269610818018112e-02,8.354873364106481237e-02,9.023314021164002829e-02,6.560266895743895044e-02,8.432013294877532816e-02,1.008885534700988684e-01,8.421400216233843050e-02,8.294806475402362322e-02,7.905417623316225717e-02,5.090044655195530288e-02,4.847492213226360647e-02,3.876289359452556732e-02,1.831325765838063765e-02,2.038527519830919676e-03,-1.063449575036778429e-02,-2.606340641538616026e-02,-1.864594357374671496e-02,-9.540280851113268346e-03,-2.636577369862315445e-03,1.284354670593621482e-02,3.778901797185962863e-02,4.778330625429700468e-02,4.941773862890009444e-02,1.509992424067744393e-02,5.018505384385382392e-03,-3.504061784292224202e-03,-1.489294380880168758e-02,-1.520313616278723412e-02,-2.152546353405937474e-02,-2.495254980882093826e-02,-2.906053896470752601e-02,-2.722367320816388575e-02,-2.500290091735410045e-02,-2.293510833112568509e-02,-2.070989757487198477e-02,-2.476706738014729930e-02,-2.483929187842002714e-02,-3.375404814166257234e-02,-3.209049076210451074e-02,-3.131468456182832233e-02,-3.413599884290768882e-02,-2.892443788264852100e-02,-2.581172465548939310e-02,-2.966626121580428696e-02,-2.441866708928770377e-02,-2.393124432295846288e-02,-2.167627748380547559e-02,-1.038749330862261122e-02,-2.754869753451742037e-03,1.520827153703542892e-02,2.922545011545604754e-02,3.810401424527758846e-02,5.503551193427199534e-02,5.669527140217305028e-02,9.039524222437073098e-02,9.297262952964405192e-02,1.060607626116925745e-01,6.600359144451740934e-02,6.488110736636838738e-02,5.902929490525237605e-02,6.812026271045554249e-02,6.339203788830309605e-02,6.164761834262981466e-02,6.784804488803687639e-02,5.158454669935377823e-02,4.172357079666710877e-02,4.157138130168622908e-02,4.878126874440260469e-02,5.855863053113709998e-02,4.882536984658361612e-02,3.928741802050465109e-02,2.879100721288375964e-02,2.684928385598760181e-02,3.843353912909953235e-02,3.315250182826600528e-02,2.286368939979827042e-02,2.543863620034638937e-02,2.544985594722469491e-02,2.032660648757736443e-02,1.768225077808552315e-02,-1.026112495454877330e-02,-2.585575272705186584e-02
-1.211757222797736160e-10,-1.603302230601069079e-10,-1.921512299603805845e-11,-9.076250144595905455e-11,-4.368840182571719524e-11,-8.686700424536917854e-11,-1.243095335793496660e-10,-6.768667374121298491e-11,-2.229793309891571584e-10,-1.982814907745307797e-10,-1.760540919294460552e-10,-2.477346438348347268e-10,-3.152303357451498862e-10,-4.083911727836735514e-10,-1.718080963855404940e-10,-2.981271736869659236e-10,-2.713472639160052591e-10,-7.348309755274096714e-11,-5.739381092645474282e-11,-3.823254438047473313e-11,-1.440803829196988084e-10,2.474129553015718097e-11,1.530872622039129401e-10,1.612004002290102723e-11,-1.499581600021869000e-10,1.244820178993542800e-10,1.437405350374107858e-10,1.892438404640581504e-10,-1.502268433993688754e-10,-2.820595572098508901e-10,-3.271343557288364882e-10,-2.308079825459451889e-10,-3.924175243949245291e-10,-2.348605122962275836e-10,-3.357324283335543971e-10,-3.792692169488685862e-10,-1.313499183520970616e-10,7.934766299322724315e-11,2.401279118059813869e-10,5.018834549157538394e-10,8.731435446765648519e-10,8.611297522271218910e-10,7.701484919988286667e-10,5.385900569918256190e-10,3.791526263736905591e-10,1.318900555704539254e-10,2.972339624633177844e-10,-2.594844462136634531e-11,1.743330281892668313e-10,3.793374771426322681e-10,5.528981736230377853e-10,1.774165420720092522e-10,2.799502686061087611e-10,2.510120500104959673e-10,2.529391676906919841e-10,6.314543563081403220e-10,9.406337433934716540e-10,1.355988700166680603e-09,1.527660835602058625e-09,1.116962557565280997e-09,1.431145617593277574e-09,1.341251189809996843e-09,1.477462798023645949e-09,1.485474953544263749e-09,1.836614194527968869e-09,1.176275010835731072e-09,1.668883222969876601e-09,1.740617880321653730e-09,1.662111071322437604e-09,1.485579188523467575e-09,1.287645088150604931e-09,1.531192681338101239e-09,1.881641313349135157e-09,2.254913074468810016e-09,1.631958832039191678e-09,1.485922339942798036e-09,1.643520417374331594e-09,1.660106675771885805e-09,1.683967726411059309e-09,2.165331106646640598e-09,2.020894248572779829e-09,2.074342583806504864e-09,2.090574174156170967e-09,2.394910108774437033e-09,2.797984907245883584e-09,2.993075014808446881e-09,2.713441628463632483e-09,3.141622152510771109e-09,3.124890986174304159e-09,3.304856610732861855e-09,3.643406381530131455e-09,3.320853527651586236e-09,3.439121856640276926e-09,3.612703807728810563e-09,3.631364497594656745e-09,3.522685150049995279e-09,3.409755509140849762e-09,3.540261792458706944e-09,3.455044710731679493e-09
1.716905588269279374e-10,1.309710412191137735e-10,1.337706441654096566e-10,2.415174238836076447e-10,2.886422380536123259e-10,1.305977850244432398e-10,1.197553719844395170e-10,4.205361459018017843e-10,3.530138952121767228e-10,6.458859324750472240e-10,1.015537955031992740e-09,1.242267088775667388e-09,1.249982042973681472e-09,1.622665654176468621e-09,1.505543771935151402e-09,1.625817003711733893e-09,1.558665374902513797e-09,1.469926158927695545e-09,1.634213539460344201e-09,1.801028645008933547e-09,1.765351113493130882e-09,1.852250386074399925e-09,1.917414156960672720e-09,1.717257410016496012e-09,1.904974660573269216e-09,1.800357366036203697e-09,1.788016288579195713e-09,1.848898942593368931e-09,1.999845614019861165e-09,1.987112086559356491e-09,2.047498030411095451e-09,1.959585241479133088e-09,1.905914412915686845e-09,1.836892059400579772e-09,1.642952451602096804e-09,1.518883360650478815e-09,1.575873113606189065e-09,1.543964297169312502e-09,1.481945519805661499e-09,1.495021761212938830e-09,1.298841380776333592e-09,1.272234027475582106e-09,1.170371655501133718e-09,4.664893201646556563e-10,7.823627715683522352e-11,-2.818501364211947220e-10,-5.003524637134032276e-12,2.147427293484603715e-10,3.559171989895705861e-11,1.477685705719917608e-10,2.636013535937645113e-10,4.586003044705375226e-10,3.423757150896842139e-10,6.848737489466746081e-10,8.895446024470392340e-10,9.246780845884845785e-10,9.681109347403943361e-10,1.085821287014744706e-09,1.222071516400997796e-09,1.291246722040014469e-09,1.524667710824817774e-09,1.355704842076528603e-09,1.002328195826511336e-09,1.133229506761731535e-09,1.269099467045986460e-09,1.282325489409447457e-09,1.506019438932232793e-09,1.436967994801569828e-09,1.745997261382471884e-09,2.194023651460393745e-09,2.188249303544686423e-09,2.188999354032806155e-09,2.203339971581630578e-09,2.004615650785292093e-09,2.132891429352728301e-09,2.382827271190708469e-09,2.803063046490607852e-09,2.459290606274365826e-09,2.730236611148990544e-09,2.632892507697077277e-09,2.727403708838585165e-09,2.947374861210094994e-09,2.644864220018578565e-09,2.652639713455402049e-09,2.153620726101354256e-09,1.846941131642118024e-09,2.062579460559111021e-09,2.049263003292262113e-09,2.004649898158481788e-09,2.139701202781393501e-09,2.575240121650282406e-09,2.866262094322199429e-09,2.831638077174338706e-09,2.669419924802204621e-09,2.487031430132603467e-09,2.461161482577027623e-09,2.429635000193234309e-09,2.697754617416555321e-09,3.088662984329564244e-09
-3.757309353500419437e-11,-1.740092564885534836e-10,-1.571698891994462923e-10,-2.041013259621893169e-10,-2.068717187813579362e-10,-2.690483077305868059e-10,-2.529491957538085776e-10,-6.751397029439509113e-11,-1.846288855337919625e-12,-7.914699324575504526e-11,6.124527506521503710e-11,4.181182200050922074e-11,2.645498009373175602e-10,6.983589470719194758e-11,-1.605751482376225655e-11,-3.237941038510195158e-11,8.666542250686549601e-11,-3.126173140451657570e-10,-4.016716820601256867e-10,-3.849147389938931784e-10,-4.363223102922501492e-10,-4.978362062938376150e-10,-5.238254165334406400e-10,-5.477530718527673421e-10,-7.984696626475523021e-10,-5.974911545890442098e-10,-6.875850562253445133e-10,-7.749749214898898636e-10,-3.363400999771335531e-10,-4.264163887621067483e-10,-4.159173514950032567e-10,-4.816465177896452870e-10,-5.453826751471620042e-10,-4.736808014729723130e-10,-5.855424954354543190e-10,-5.116514010431708272e-10,-3.652052119132741196e-10,-4.476059189807633937e-10,-4.625877749810499809e-10,-5.864466698323993834e-10,-5.799411812142560051e-10,-5.874839972455383514e-10,-4.163860613546082092e-10,-3.930829935293853205e-10,3.103427959927855081e-10,1.079456683225154781e-10,-1.200016963046199582e-10,6.464836712887163610e-11,4.901230241201786387e-10,5.603801466991905960e-10,4.472580598370213341e-10,5.631226444979555596e-10,6.980500235291089768e-10,7.951101084105116877e-10,9.127175945160783171e-10,1.276793408314418067e-09,1.325442988989220661e-09,1.366931919896477753e-09,1.170220079718162259e-09,1.045978250558613887e-09,9.238405594609450056e-10,8.469472264550878330e-10,8.529171116989474352e-10,1.078353248442463270e-09,1.068023642534027566e-09,1.148998772597472610e-09,1.149489816760567732e-09,1.432523345806416562e-09,1.688788710790411772e-09,1.658494161729216367e-09,2.107907304399945712e-09,2.242227566146061871e-09,2.470733604597694132e-09,2.353489914844801107e-09,2.868675831842615433e-09,2.625820374881757480e-09,2.594362134111920098e-09,2.396844052786366388e-09,2.393178145748723885e-09,2.916400923348825762e-09,3.002429762919780583e-09,2.800866422345357968e-09,2.811308025767857778e-09,3.031087900064565455e-09,3.102143529528562069e-09,3.151635603497270340e-09,2.881400433158794361e-09,3.663295964924008232e-09,3.415290348095598421e-09,3.718667381538126068e-09,3.871997343153961102e-09,3.654152706044376523e-09,3.586553523760740003e-09,3.178307233781210729e-09,2.980441236261815550e-09,3.271458555073485967e-09,2.972536549412800087e-09,2.937495275813108598e-09,2.884951534238586826e-09
1.082679235242922505e-01,1.084229091923601257e-01,1.041825734993604008e-01,9.670090985187923538e-02,9.485268301899581200e-02,9.113045119065432687e-02,9.280399766062231992e-02,9.101102371881170106e-02,9.795554668601702542e-02,9.818903416341738521e-02,9.988773377131254794e-02,8.900000668341245813e-02,9.309670442480437458e-02,9.955743304190375897e-02,1.162526701361670523e-01,1.173453540197322426e-01,1.166616371515479672e-01,1.040820291255987462e-01,1.000879223294198206e-01,1.021580448385135398e-01,9.984588500160387903e-02,1.006317207713646189e-01,1.003501836839417599e-01,1.041500429222419477e-01,1.075498600626037804e-01,1.062783952463258741e-01,1.010734252237906333e-01,1.162088320349553977e-01,1.042776627777776272e-01,1.199935087243295395e-01,1.063368218054913938e-01,9.039551938174841816e-02,1.118401640089015936e-01,1.007513662497316886e-01,1.112901993005747658e-01,1.068840934857326203e-01,1.165630610940453504e-01,8.689921011515314153e-02,9.032362388771386641e-02,7.943598631930111342e-02,7.419851945703906382e-02,8.399516340925006208e-02,9.463618980218035937e-02,9.007681885524020104e-02,8.707355776411852821e-02,7.451487331285738813e-02,6.695020386656437561e-02,8.604911664979977837e-02,8.877685418871723855e-02,7.032865677482794120e-02,4.759867459722268157e-02,4.703064257707092327e-02,6.481842614151486770e-02,7.128918935679448565e-02,6.670862491874315903e-02,8.119118858612081602e-02,8.783134685051674495e-02,8.081707017671099780e-02,8.383230320447793149e-02,8.750614602938379394e-02,9.038575437874496465e-02,9.388672805552919498e-02,9.177819045034452117e-02,9.797659138548098223e-02,9.784228680150432178e-02,8.961018616103763601e-02,8.818653235354076414e-02,9.323792479931390653e-02,9.186374656272787431e-02,9.445734361909634280e-02,1.018392818186237836e-01,8.089015854221774660e-02,9.350964760142306542e-02,8.853159476842017983e-02,7.749987849161589504e-02,8.010293967475255739e-02,8.757830797827849401e-02,9.558683386966575213e-02,8.993858875530515162e-02,9.704647476506797488e-02,8.143170549888360810e-02,7.252989876639674705e-02,8.180299776304558734e-02,9.020066125780201727e-02,8.182871354430146238e-02,9.951153265164336403e-02,1.048044590094475148e-01,1.020110939893338342e-01,1.163110529543739807e-01,1.118617672001160634e-01,1.151780714734697564e-01,1.117330406031570716e-01,1.324136282010430765e-01,1.359063947395754979e-01,1.433227363679645816e-01,1.404396460635728150e-01,1.397977383097182003e-01,1.371808109357440797e-01,1.428876766006684229e-01
3.310501773206461773e-01,3.361681534366087742e-01,3.441744019468521709e-01,3.459943484236993050e-01,3.403995276252664293e-01,3.329979760659418364e-01,3.408536692178439353e-01,3.379359335185881941e-01,3.368861064724065768e-01,3.352068557186407838e-01,3.433100895925534912e-01,3.545933898299870046e-01,3.546587484835133086e-01,3.492497711996296883e-01,3.382674589716405111e-01,3.417793171020298004e-01,3.431598678998095120e-01,3.459150483673822385e-01,3.297734486633953632e-01,3.329349672146708072e-01,3.079439360329067621e-01,3.068368041653164457e-01,3.088360195707837152e-01,3.018390668615618111e-01,2.746671360403587503e-01,2.623037860622486894e-01,2.811661817483436798e-01,2.882265657909576784e-01,2.959394158562985711e-01,2.972779947627314789e-01,2.923673663587387783e-01,2.845671056174971514e-01,2.875173929398940897e-01,2.892555040065758476e-01,3.249803242698885430e-01,3.204361354523401206e-01,3.174174547412955127e-01,3.297557156581598092e-01,3.288383021288466268e-01,3.226216879762932588e-01,3.446953481080763937e-01,3.509461952545656627e-01,3.591384691339883362e-01,3.632710175396494656e-01,3.381680452016349037e-01,3.300449462553022295e-01,3.207854209942413992e-01,3.289319965789471722e-01,3.065751022351061450e-01,3.147721797461614512e-01,3.186300525596850175e-01,3.155541065834731040e-01,3.249248676735782548e-01,3.391400718628630462e-01,3.434164252468159817e-01,3.506550098506205915e-01,3.460133981082048060e-01,3.471873889896915366e-01,3.570666556787846502e-01,3.698332611843937467e-01,3.725132913694003123e-01,3.667829973446909975e-01,3.746943513368822254e-01,3.773756861356337144e-01,3.801456210844533223e-01,3.848926713832577229e-01,3.844314081126662952e-01,3.885553695813983022e-01,3.843568712425025624e-01,3.888087523637158704e-01,3.696217982013093040e-01,3.739376930355740591e-01,3.626191515798629639e-01,3.635210270878828642e-01,3.717268798150529241e-01,3.625455907447462378e-01,3.750696065344224506e-01,3.886906914648203260e-01,3.741441149463040072e-01,3.731670030937212501e-01,3.686378203551695654e-01,3.654800210609775446e-01,3.689749776651744528e-01,3.566154511055380505e-01,3.761852714197028158e-01,3.751377303520803674e-01,3.844692367847122871e-01,4.055493847281509412e-01,4.054918777105870897e-01,4.060446193706169771e-01,4.164646401587457913e-01,3.979026438325434789e-01,3.942175079439472762e-01,3.597002257709734363e-01,3.527099466778313985e-01,3.383225242824240975e-01,3.323084016122753170e-01,3.365139903475061200e-01,3.369115705346426015e-01
-4.262170147069103330e-11,-3.392253205075833699e-10,-3.409483734557911552e-10,-4.302096426175534968e-10,-4.413907831504033104e-10,-2.051470491906572275e-10,-1.683663835534913846e-10,3.978932372599680642e-11,5.673990743004063513e-11,1.115972111308845623e-10,2.282889450603144165e-10,1.153188627359483663e-10,3.540240614445816305e-10,4.484924730423070247e-10,3.899969323950757911e-10,4.595152782296050282e-10,7.074851018766666284e-10,7.787488817719296452e-10,9.125680982554651254e-10,6.830747098734587286e-10,3.814496121237764318e-10,7.998968859512261456e-11,-6.413349633041304773e-12,-1.227755147076098424e-10,-7.858131291098992826e-11,1.734851561269845885e-10,3.179744016396568444e-11,-7.539999650512273016e-11,1.478819506117083465e-10,7.645124414464633285e-11,-5.785843874715663740e-11,-3.723175608580075663e-10,-3.758149102059108677e-10,-5.648344742031466021e-10,-1.383764820906059163e-10,-1.501789228281714489e-10,-1.264186295572740262e-10,-1.895860780864721291e-11,-1.596344524485557544e-11,4.495398924836992868e-11,4.288204331222568389e-10,5.346358559618407241e-10,6.720229567104338887e-10,6.736719690234781301e-10,2.665614688872116453e-10,3.467064879590955303e-10,2.366930488001227987e-10,3.864453066145101622e-10,5.503548903971921067e-10,6.686737317301460629e-10,9.345829134690685477e-10,1.377884411299864083e-09,1.266851187084719547e-09,1.636322603349958223e-09,2.107623001391611369e-09,2.256450073142900966e-09,2.371539191837695646e-09,2.236750007995793486e-09,2.451566657947235560e-09,2.343997842295999090e-09,1.875495266013624110e-09,2.082990272471794159e-09,1.991353854207964702e-09,2.145122179669355565e-09,1.696649107517555185e-09,1.826744796430312531e-09,1.530306315172870497e-09,1.893710785016831627e-09,2.119900442724551770e-09,1.960801823633777478e-09,2.000304152482529790e-09,1.894006841782473866e-09,1.156952309250433096e-09,1.315263025596994444e-09,1.437197544687918903e-09,6.523575405966998776e-10,7.611215701964906727e-10,1.221200994166163756e-09,1.692536570615172621e-09,1.724381705070826968e-09,1.589574544126923481e-09,1.926393743291192132e-09,1.603006392607274197e-09,1.648631585769066058e-09,1.716079083601779688e-09,2.125326311716447379e-09,1.949680436933761543e-09,2.198570033326363025e-09,2.621626778068972400e-09,3.003725999245026355e-09,2.616280686773490988e-09,2.583427178934362543e-09,2.718411290015296722e-09,2.864756084842455360e-09,3.189731223096039800e-09,3.752842773561463115e-09,3.550444744362551808e-09,3.452475800622780105e-09,3.525726753909154847e-09
-3.086828700988445190e-11,4.020574757472761304e-11,1.373984667609652617e-10,2.427907163950255515e-10,3.474356763190871987e-10,3.984039467709888687e-10,5.922468491240710758e-10,6.446038747688688022e-10,5.435430984343965186e-10,4.601473486697753825e-10,1.023520412500631268e-09,5.996955804346994018e-10,9.615665702560494595e-10,1.104558211082731287e-09,8.485737725367580453e-10,1.076355724662262234e-09,9.387988947277995145e-10,5.448725735630252470e-10,5.503721656664847109e-10,5.059875037177737646e-10,7.067345129048123585e-10,7.742447761061027908e-10,6.638470075534622291e-10,3.117394097055615547e-10,7.030744658562306471e-10,6.016422036023556247e-10,7.674488013859242645e-10,9.275761701421909156e-10,9.089647470823054675e-10,1.201107864999927729e-09,9.785259100918359801e-10,8.987773964848733126e-10,7.796296133908015610e-10,8.957637002234057226e-10,8.058563246653781594e-10,8.321459649055927205e-10,8.771845182992060644e-10,1.060309454806149173e-09,9.348209743097574675e-10,1.135287766036458948e-09,9.385064611433663146e-10,7.986653380629155935e-10,9.228694971434463032e-10,1.017685772245357996e-09,1.004568141227196846e-09,9.897429410770377574e-10,1.142783391207219711e-09,1.205253300695655966e-09,1.071699606870369029e-09,1.006590968284497838e-09,8.961431900555699032e-10,9.654214552085619389e-10,7.422904008964928174e-10,7.323345694187843158e-10,5.706614617313280673e-10,6.375658270757016084e-10,7.513036427184527375e-10,1.110099149724786319e-09,1.223689047398603670e-09,7.838091483082474641e-10,6.152790300262172724e-10,6.321080173814626511e-10,3.087918863569298727e-10,9.729381620254169999e-11,-2.385261834814660358e-10,-1.967348983969526529e-10,-8.087261349206259265e-10,-5.784048345359637934e-10,-7.730633296256982528e-10,-7.684689703786483329e-10,-6.203750365113064297e-10,-6.782340586446217965e-10,-5.079896046749607418e-10,-1.035231325224718048e-09,-9.073279557842504540e-10,-1.218502582705029285e-09,-1.462549065135568649e-09,-1.322649055671768064e-09,-9.955109313195646439e-10,-8.892996858286965894e-10,-6.189879180789402238e-10,-5.994840243604472384e-11,2.532500272268062295e-10,7.222602606870368463e-10,8.428076570737789208e-10,7.244505144224431964e-10,7.149860317455731131e-10,6.908104302749285400e-10,1.083937006629174691e-09,9.665748807698625045e-10,1.170862256245063410e-09,5.813080309384444123e-10,1.022059126369087327e-09,7.516455260384714975e-10,8.739624429422775733e-10,4.571036361902852571e-10,6.532168603031983141e-11,2.783745657824306674e-10,3.310869080890127920e-10
1.268703635639831185e-11,7.827637696029704555e-11,2.275987059889994387e-10,1.534836731887563507e-10,2.004640551130680093e-10,3.517924249437835955e-10,2.939980250717451581e-10,1.947041963324460361e-11,1.655419771238189098e-10,2.370569492494817793e-10,4.420363291096289348e-10,2.290916246707028960e-10,-1.174914980803347972e-11,5.402161116644096989e-11,1.706727334133403277e-11,-6.266175264721109146e-11,5.472304650991974737e-11,9.535345027213696749e-11,-1.319469051736028872e-10,-2.073388459652663219e-10,-3.583416491911230166e-10,-2.269964477308028417e-10,-1.923297299548544296e-10,-4.377232805360540809e-10,-2.854581625077400822e-10,-3.069431206262491037e-10,-3.360508541903481990e-10,-1.178307162764088849e-10,-3.559393249764148113e-10,-5.637492887660888727e-10,-5.673411205964532140e-10,-6.461572605563592659e-10,-6.288471292190347851e-10,-5.364116009199371359e-10,-5.060492710234915408e-10,-5.153681728686179712e-10,-3.310155750763414254e-10,-2.323927080419657394e-10,-6.378241348704784990e-11,-2.013294070278338436e-10,-1.072666271201251262e-10,-5.135593306925249625e-10,-6.716452663972176065e-10,-3.845468509845838906e-10,-2.702556238600523234e-10,-1.235932955282253435e-10,-2.261392009448613340e-10,-4.695117927883603703e-10,-6.885295671993881788e-10,-6.244311244068960226e-10,-5.501152521947526265e-10,-6.723425314307761424e-10,-4.418262669710123969e-10,-1.790745129383625811e-10,-4.162271337260715728e-10,-4.446798317428707671e-10,-6.053077497096243027e-10,-3.286128868554256140e-10,-3.063782698908205627e-10,-1.589456106202012470e-10,-1.090927129478051009e-11,-2.710248173459635286e-10,-2.536446902625664833e-10,-2.629291343097306148e-10,-5.285653548444241844e-11,2.790744472942019719e-10,1.438474525041495766e-10,2.068354166483270745e-10,-1.849905911477709416e-11,3.135422048101804900e-10,5.902387728021749531e-10,3.212888823642948885e-10,4.587669050650278988e-11,1.260115254103349962e-10,1.604242791607569639e-10,2.280697294626745439e-10,3.467995664871155495e-10,4.789226524788667909e-10,1.067336664254676032e-09,9.889952499369710423e-10,8.240607755343734458e-10,6.308239843080642115e-10,1.268753611342908845e-09,1.037826118097824983e-09,1.410667909682306443e-09,1.700760127305655391e-09,1.930025966390591856e-09,2.122844822337039638e-09,1.972896840799365906e-09,1.640563309600568575e-09,1.565509955605548539e-09,1.409254848270608906e-09,1.062722665016539071e-09,9.453304391656656994e-10,1.313990648955326027e-09,1.414798400682466421e-09,1.115725771801620683e-09,1.019135902492086523e-09,1.290250173544782735e-09
-8.769456535048173915e-11,-1.931014664204980048e-11,1.902326958577826086e-10,-2.427855668641464695e-12,1.351201389513634897e-10,1.998145496773453119e-10,2.238463084785833048e-10,4.764057489383452217e-10,3.543659865887188494e-10,3.200082824157295945e-11,2.711837450458630010e-10,2.523944295666655437e-10,3.214711380257525625e-10,1.051033352193172688e-10,2.365776361272085692e-10,-1.124963220496012737e-10,-2.102193885432739841e-10,-2.258298922105583333e-10,-4.088224351343665273e-10,-5.036962894745589972e-10,-2.296354362121006606e-10,-2.020290478035792094e-10,-3.039802769760751369e-10,-5.038126602762636426e-10,-5.313456807192676830e-10,-4.590817817737834093e-10,-3.410247749355189440e-10,-2.421243137959202051e-11,1.667716422946627634e-10,5.177336390513467896e-10,4.383993871094409528e-10,4.940267882838892970e-10,5.432636574585456898e-10,5.673848539636739824e-10,6.360669621799367517e-10,5.320168164738578705e-10,1.016755984255048910e-09,1.161086564574174938e-09,1.019132695928030769e-09,1.234643369234860113e-09,1.109051190820790992e-09,9.183320525492469885e-10,7.621012041508111887e-10,9.572285984308807508e-10,8.402065000145556469e-10,6.874662431532532397e-10,2.502588045206179954e-10,4.926553498016187203e-10,4.086927292080630446e-10,5.759692405448019892e-10,5.208167269700111310e-10,3.165873582728208928e-10,-1.131773649606683515e-11,-1.505256426390444576e-10,-1.957991247192262758e-10,-2.684617746031312208e-10,-4.226852183534876039e-10,-1.220288089329744031e-10,-1.786818250052438959e-10,7.273806901273415058e-11,3.137786100648288717e-10,1.353774996208719572e-10,1.271431458247595965e-10,3.024786136150547645e-10,2.539509492724253539e-10,5.173681317132919362e-10,4.864309149204810458e-10,6.229568980092138026e-10,2.980854881359655720e-10,6.940956446113324897e-10,4.989869276986175042e-10,7.639901153876627031e-10,8.260550420294837762e-10,5.579470124304897389e-10,8.824231464147977137e-10,8.838578198717757285e-10,5.066304428109550732e-10,1.547223434782942594e-10,4.435821633771750978e-10,2.914126815720797870e-10,2.323782006135678089e-10,2.761952248510724539e-10,2.146372908255392481e-10,1.229378342276269417e-10,1.499912289197764787e-10,3.041086374002145943e-10,3.114775403049658740e-10,1.429013823064398390e-11,-7.483956144043425142e-11,3.867079680130008670e-10,6.208548358656600332e-10,9.066015085628665964e-10,1.002482699423136512e-09,6.117518069314695824e-10,6.603133154818141467e-10,8.918363205751140081e-10,1.283189678731533640e-09,1.585803045441949845e-09,8.642644157389176419e-10
-1.283207856687728984e-10,-2.508582704755007910e-12,-1.943251903407532194e-10,-2.410102154417276348e-10,-2.717619307397236495e-10,-3.012562331363332642e-10,-3.361350686701515514e-10,-5.352927409410468050e-10,-6.087352566114541943e-10,-6.755709713430559931e-10,-8.773836698901686490e-10,-9.072776639087660003e-10,-8.903804791357192496e-10,-8.397708075797180998e-10,-1.008183635593971812e-09,-1.147761044839598902e-09,-1.126396716098340659e-09,-1.197965411154869220e-09,-1.207169507565254425e-09,-1.328833577588831871e-09,-1.514092305322123488e-09,-1.445302294089276576e-09,-1.256383000669648080e-09,-1.507261271442574549e-09,-1.453105242435246661e-09,-1.336652930455712570e-09,-1.289479094427910699e-09,-1.400314009267754878e-09,-1.324342610556250469e-09,-1.262295053345344991e-09,-1.271553202832630175e-09,-1.362166651973663725e-09,-1.581935832182568627e-09,-1.640563634337084770e-09,-1.448021167678688807e-09,-1.318421293562199790e-09,-1.369317580294234510e-09,-1.329535743128348468e-09,-1.428980055033784640e-09,-1.493279946821103776e-09,-1.504889604427832718e-09,-1.563150729082812903e-09,-1.847176661252342178e-09,-2.228837213889737947e-09,-2.008979421170392454e-09,-1.992008087214632243e-09,-2.314211013502007847e-09,-2.391892411323542624e-09,-2.212153060770094852e-09,-2.042887431548336204e-09,-2.182918372713358091e-09,-2.150684977544512404e-09,-2.372455974159214183e-09,-2.261461193629892582e-09,-2.265510794929827262e-09,-2.058860389318444474e-09,-1.988503038168690579e-09,-1.652715237791138612e-09,-1.703615578441868535e-09,-1.810643018354414619e-09,-1.713365414194926818e-09,-1.647617035648631888e-09,-1.866409217705883030e-09,-2.075438869929540086e-09,-2.287099437122192408e-09,-2.208077648020802637e-09,-2.082584582211161922e-09,-2.279575932647276951e-09,-2.209804299220655744e-09,-2.482942908915302808e-09,-2.454048454674814273e-09,-2.211072466477870264e-09,-2.013312321301684442e-09,-2.492846861355444830e-09,-2.159685387484588376e-09,-2.597754875714912302e-09,-2.666668188412897096e-09,-2.873910391734244471e-09,-2.545260567014315374e-09,-2.397188607413224537e-09,-2.306275594940973160e-09,-1.828604255462766716e-09,-1.621829408687835154e-09,-1.470472217023500327e-09,-1.750466861655111609e-09,-1.612190440467757493e-09,-1.823165124177925697e-09,-1.435342496916103688e-09,-1.082146445237812167e-09,-8.995438189598127649e-10,-1.424361840183663004e-09,-9.950535670485204910e-10,-1.011080142604623201e-09,-9.511137167734890285e-10,-8.715670019288357741e-10,-8.828425503027196799e-10,-1.014360322576472372e-09,-1.033049693888239117e-09,-8.207821799290090074e-10
-6.001309563917522040e-11,1.217094712587152613e-10,-1.882089131905128796e-11,1.354688656241067084e-11,1.201385868032327671e-11,-2.921350048275708061e-11,-2.228918696268584370e-10,-3.263982043169705465e-10,-3.004761355467102699e-11,6.913873877812846776e-11,9.998366931089401574e-11,-1.567726593033157654e-10,-1.406166383272910305e-10,-2.009812023901429633e-10,-1.927849979116505531e-10,-2.852952306148495393e-10,-2.768006304675619592e-10,-7.133117876266552503e-10,-2.998390267184008450e-10,-3.381464023260660614e-10,-2.967272763525447619e-10,-2.854987640790051385e-10,-1.203797528112923998e-10,-2.833457316134214843e-10,-4.342560007906705917e-10,-7.299304308826710249e-10,-6.199306083355523171e-10,-7.370904061863137212e-10,-1.017764418947275619e-09,-1.181357620134773456e-09,-1.150144495319680684e-09,-1.313735913800573176e-09,-1.351990405716427587e-09,-1.423649624712572754e-09,-1.574973657537650778e-09,-1.536392292499188880e-09,-1.441424730157442818e-09,-1.647912963776345540e-09,-1.639177061300603015e-09,-1.740036922262770196e-09,-1.304589955752641554e-09,-1.236785473839711719e-09,-1.111069471596189838e-09,-1.290027253144888259e-09,-1.631275766014777142e-09,-1.222197611320193783e-09,-1.460939911667524703e-09,-1.596434145220589005e-09,-1.169210526687198331e-09,-1.244577561088885819e-09,-1.303960200623315927e-09,-1.344086672864034404e-09,-1.009789605162777443e-09,-1.080204131182426195e-09,-9.858495850460933725e-10,-9.295847258003374293e-10,-1.003827012889719854e-09,-8.790716027394968072e-10,-6.904432005253166948e-10,-3.688544561460512078e-10,-4.072223059760460808e-10,-3.078720278949831657e-10,1.696007768240216065e-11,-4.440301941323639029e-11,-4.783921638180055026e-10,-6.098246276856024301e-10,-7.604647958718583296e-10,-4.418916544753935163e-10,-4.599144692110472035e-10,-6.925974363492965149e-10,-4.230291244133275959e-10,-2.018089671686159377e-10,-6.048110503401122938e-10,-1.054996568344249317e-09,-1.071379138983577804e-09,-1.108168157315100547e-09,-9.398076852022287135e-10,-6.757339316419231520e-10,-8.102676131472277793e-10,-9.438974344459749675e-10,-7.870758463090135617e-10,-2.726803871943982807e-10,-5.470357765621573693e-12,1.900077379755898723e-10,2.126608097818805194e-10,1.794423149654745167e-10,6.752470197590468434e-11,-4.623570904425697588e-10,-3.629867893511636376e-10,-4.706616425631452438e-10,2.259737631870239115e-12,2.124329105047431765e-10,-8.472619534591021583e-11,4.762118724236338275e-10,5.683616767093950052e-10,3.847062023568306463e-10,3.365219991524659971e-10,8.320722683017597198e-10,8.502061879439355595e-10
-5.366879198247851921e-12,-1.837571798224400152e-10,-3.252992290012340934e-10,-3.504658753998648558e-10,-2.966795799047406850e-10,1.612102261346180801e-10,2.132237568139712990e-10,4.047001889301686193e-10,4.858959992362142139e-10,2.236670428783867631e-10,1.257176834730376508e-10,1.263796138177519526e-10,3.861946344952564129e-11,2.842314585787413733e-10,3.725565700927435692e-10,2.758844436136610439e-10,3.242888719173549831e-10,5.719206929081416256e-10,5.062628174455873933e-10,6.205903032878868220e-10,2.926865360030992033e-10,2.067355572702347257e-10,3.265644311777804360e-10,6.174658165748036230e-10,3.896338376218710124e-10,6.015923137064769420e-10,4.849832858903876204e-10,5.834484571925237220e-10,4.018107908226687400e-10,1.638311952263068345e-10,-2.672168767622636481e-11,-2.707715271405537495e-10,-1.284692369168323813e-10,-7.417348780029307192e-12,4.481414596956171857e-11,1.595517525488954809e-10,2.352426995689069022e-11,-3.633214806525134841e-10,-2.619420176195319610e-10,-2.459312119524798173e-10,-1.704988521756511461e-10,-4.690631968417661237e-10,-3.020590439542225639e-10,-1.173828209494440452e-10,-2.704207218320065695e-10,-3.372124151188371316e-11,-1.424397943850283530e-10,1.334767595579538579e-10,2.519687764756281037e-10,1.403566708198047181e-11,-2.245132713173654875e-10,-2.091425739109589061e-10,-1.016865255757395786e-10,-1.167452909075383842e-10,-1.361407089618595776e-10,-9.917204483357458526e-11,3.092354734862341096e-10,2.647886171799176710e-10,3.648734921068767778e-10,5.614613645952597236e-10,6.774943695796769932e-10,8.413225874302847464e-10,1.041345448935055134e-09,1.012513752415199686e-09,1.360843279324615465e-09,1.247809634894400244e-09,1.256944683928506722e-09,1.475269943223166907e-09,1.996863270047286563e-09,2.217041441273698323e-09,1.621408179408748924e-09,1.430532055504334061e-09,1.674125560889453829e-09,1.600271604674428443e-09,1.733285234539253874e-09,1.809674025986218346e-09,2.031704955499477475e-09,1.993404404484569947e-09,1.995057873691854476e-09,2.257199726370070764e-09,2.576404134472662258e-09,2.558600772161292817e-09,1.880548477550436071e-09,2.291312074132544646e-09,2.214803607587187768e-09,2.275572725268512620e-09,1.887095585083614628e-09,2.276902560909185742e-09,2.019842438317507229e-09,1.728528826977647876e-09,1.631686516633078140e-09,1.320296374745802190e-09,1.018573883653882013e-09,1.209233052780440151e-09,1.522091836191019592e-09,1.620013649538639391e-09,9.311740285669094477e-10,3.906518530076239103e-10,2.513905058009462414e-10
3.336554513538352862e-01,3.195782084012407931e-01,3.080796418938575587e-01,3.315375056515761365e-01,3.381112533144899346e-01,3.553170331991191144e-01,3.501109818128561035e-01,3.631600030282746139e-01,3.716243421733230190e-01,3.771449399549937076e-01,3.648232391846892297e-01,3.511321013989089357e-01,3.068453510237115767e-01,3.013979523325935883e-01,3.222982955755888668e-01,3.203942521464067106e-01,3.089258271802140521e-01,3.109230546721985511e-01,3.397434622220382172e-01,3.400314948053783093e-01,3.313943452233693021e-01,3.678710454278673603e-01,3.947360692823660422e-01,3.747843147940009279e-01,3.787488221480989625e-01,3.958580811809213063e-01,4.007410086003642125e-01,3.946382378979468863e-01,3.871302101686854846e-01,3.831618681902184687e-01,3.759354345865028590e-01,3.652425903680454056e-01,3.865749556472483084e-01,3.956374962644916282e-01,3.862470288436573029e-01,3.803554422989805506e-01,3.940302093307742615e-01,3.841785498772005703e-01,4.082737516644165954e-01,4.313022869770540280e-01,4.259929229180355881e-01,4.409215340845699105e-01,4.648905737370109259e-01,4.484022490639650305e-01,4.122765685974240091e-01,3.995359159780578762e-01,4.057104314082737306e-01,3.956608684113510077e-01,4.169493211635368901e-01,4.084759601808025664e-01,4.259594451647198410e-01,4.172877984050327171e-01,4.217465661417384437e-01,4.330415725027674800e-01,4.301044629059470048e-01,4.395877755225056638e-01,4.667914419632947509e-01,4.862961041206269042e-01,4.791179621124738719e-01,4.863913312512027076e-01,4.702020979079475915e-01,4.856233916782853322e-01,4.816269435995118031e-01,4.604870346266299874e-01,4.708159725216594094e-01,4.546336726930609307e-01,4.480790275492956831e-01,4.409722574403817652e-01,4.280289345292389025e-01,4.309956121614075264e-01,4.388404497273212801e-01,4.535134588500258079e-01,4.619964028520318622e-01,4.847798713382686642e-01,4.961265529474179203e-01,4.929398205848593562e-01,4.991972222190934616e-01,5.154973914405052149e-01,5.128717572909713418e-01,5.120078557863225743e-01,5.197598596511443514e-01,5.233192167065173761e-01,5.220436528952443478e-01,5.160817071513132959e-01,5.173987835580959871e-01,5.310536138492563119e-01,5.358499113251961044e-01,5.356431190424413291e-01,5.383858795850422485e-01,5.260457141609473641e-01,5.301939637606879474e-01,5.248037398378231355e-01,5.215964087367147561e-01,5.296049359717264204e-01,5.299886579555869170e-01,5.276715396477855702e-01,5.239457971300690575e-01,5.236630284101431165e-01,5.255830871352250577e-01
-2.119881084359282957e-10,-2.748818183879480572e-10,-4.476808871908539872e-10,-2.985790931042980962e-10,-3.708945011148842511e-10,-4.055222481908287751e-10,-3.953617110673067342e-10,-2.678048603451344765e-10,-3.917618302548919667e-10,-2.565926027814619061e-10,-3.770978460553295223e-10,-9.541868124008687186e-11,5.588239901843463810e-11,-2.269042338433840925e-10,-1.714470961039147103e-10,1.317273681686981089e-10,1.528678767815189499e-10,3.697022234693941568e-10,4.571451981727648391e-10,3.037586585328169990e-10,4.601765349851239103e-10,3.452247425653508409e-10,2.030767829795407432e-10,8.038672034594180829e-12,1.625272697275827421e-10,-2.314370102641060488e-12,6.513609656290669734e-12,1.589158543729116607e-10,2.592459634205912389e-10,3.516769382640877477e-10,1.851792474784419243e-10,2.029179465878144980e-10,2.975763353074646159e-10,4.563437995273891364e-10,5.604510493290767902e-10,3.357938339587881181e-10,6.154000415879677149e-10,5.899197071426923609e-10,7.031559112819199063e-10,9.490910600493715612e-10,1.049020319089099963e-09,8.245273970321782675e-10,1.029790207677684767e-09,1.233569508751205636e-09,9.167238963582609597e-10,1.017073266666727214e-09,1.158252807636634058e-09,1.226125394762457969e-09,1.276290854112663223e-09,1.285979302284962699e-09,1.375951417945972925e-09,1.887872143012554605e-09,1.745669275122819785e-09,1.710004278167065089e-09,1.736876434126317200e-09,1.642541804009798087e-09,1.516951554529954222e-09,1.906481326129572435e-09,2.084466637741941130e-09,1.753442070932926983e-09,1.648514704181548726e-09,1.689516141236364469e-09,1.532925329969017412e-09,1.946540757736424654e-09,1.928345176875219666e-09,1.566594168939359478e-09,1.350243040620280180e-09,1.272031664902940565e-09,1.200357796981544016e-09,1.283829700884954845e-09,1.285539693075098886e-09,1.393864181500807130e-09,1.262275454123325891e-09,1.142015479939918024e-09,4.947382409355759183e-10,3.585641484402965988e-10,4.187914149787877851e-10,1.711330587387184563e-10,3.767487397448203007e-10,2.966721514405489779e-10,-3.331387486170478119e-10,-2.994902335000838686e-10,-5.856765578323686216e-10,-2.155314947468140973e-10,-2.606782080900101990e-11,-2.313140436182871234e-10,6.387982978652756914e-11,4.512570610184097098e-11,9.555257496713879200e-11,2.520134258703442900e-11,1.908538820889016731e-10,-1.100623696602486340e-10,1.507434996142061858e-10,6.538196815423067317e-10,4.828625493309737475e-10,6.125885783308924538e-10,7.218102827377865909e-10,9.942507913284205875e-10,1.742705868934058749e-09
-1.618797851768245638e-11,1.454978416808597318e-10,-1.849773132194223855e-11,-9.785851900371618964e-11,1.276811916622533496e-10,1.037932582882011424e-10,1.956102387186710651e-10,6.710985636585509191e-11,-8.949905611433946904e-11,-1.624626911551051113e-10,-2.349363585506306589e-10,-2.892408796114065927e-10,-1.391918823989219387e-10,2.485552655585047169e-10,1.689276406494710294e-10,2.296381354548138448e-10,1.481436274122958446e-10,2.266258070817686517e-10,5.614981998429368269e-11,-1.186065520191459657e-10,-1.447548118611746429e-10,-9.906293928868762532e-12,-1.600825227821392581e-10,-2.128657962604880030e-10,-1.313030237354872234e-10,2.401301494957998882e-10,3.105366487547928206e-10,3.880278002639156707e-10,2.586862983934240914e-10,1.938254253661888052e-10,3.601015594209972992e-10,3.103183216398136324e-10,4.048332414862840140e-10,4.038001809970870434e-10,6.400666684415976162e-10,2.286324776084004055e-10,4.058843691911996774e-11,4.813945349196216242e-11,-1.648675716782471005e-10,1.248046560022668602e-10,1.564079804244681479e-10,3.647463190834997552e-10,2.381418339652132586e-10,4.331091061138051164e-10,3.137410225820905925e-10,4.110229741226605101e-10,5.896137542945312303e-10,3.155953844813462200e-10,4.192141528204279350e-10,5.303292745154488099e-10,5.760618541414388082e-10,5.916742445031913678e-10,7.570805268617034521e-10,9.155439888653027053e-10,8.020428688163487130e-10,9.930674741088377797e-10,1.321230582111234683e-09,1.141289921836963569e-09,1.029164998912740291e-09,8.549296952131283061e-10,5.947992231401636103e-10,7.260756481755315614e-10,6.484715920587040507e-10,4.869979704257026372e-10,1.235421383363150423e-10,2.852103176598189544e-10,2.265005017679097530e-10,1.442797030907015252e-10,1.982535995126379762e-10,-1.599295907411846087e-10,-1.320823830933404402e-10,-2.285227621296917688e-11,-4.028232584590606490e-10,-4.693449025268149475e-10,-4.520749079868423340e-10,1.063219654654319039e-10,1.660763568938103727e-10,2.686480291501303510e-10,1.753854894073935360e-10,1.767902161092092050e-10,-1.599476987253602400e-10,-2.667617833872625110e-10,-1.728960247671451597e-10,-8.328697713762997561e-10,-4.757754093435922827e-10,-7.125177354293510728e-10,-1.036700563600682010e-09,-1.295387502521527790e-09,-1.121770266522912492e-09,-1.000014295851800348e-09,-7.632549363371510956e-10,-1.079730469714222517e-09,-9.920216337850613082e-10,-7.496697454169441707e-10,-7.188970655196868948e-10,-3.754031632832074236e-10,-3.476024123312036763e-10,-2.391847304279771210e-10,-7.050442339524089686e-10
2.469153613692576804e-10,2.226741510026429879e-10,1.466700143354156808e-10,2.245256827652856609e-10,4.347450023584478309e-10,6.089141141625722203e-10,3.150080106874061736e-10,5.328842412452963118e-10,6.246580949297129997e-10,7.369458295819893007e-10,9.334690826964807078e-10,7.814486835314853306e-10,9.977260849430505378e-10,1.205758852145935252e-09,1.375179457615204457e-09,1.124789631274046747e-09,1.115110167610609413e-09,1.085653371371065088e-09,1.148860437085327779e-09,1.011262846990963389e-09,1.069206435227850635e-09,7.691426393063286825e-10,1.058936773857289142e-09,9.879208688086466964e-10,8.473763494756041964e-10,1.205340829770047173e-09,1.374826169714907235e-09,1.397946704701290006e-09,1.335964805440317967e-09,1.192961092045073866e-09,1.404671368899624143e-09,1.237689204720261753e-09,1.075571904809893160e-09,1.076758674608160722e-09,1.083094444577385856e-09,1.311004857768537464e-09,1.637126304430168606e-09,1.804069066561346241e-09,1.701902080529664888e-09,1.468611941308823602e-09,1.093061813633019794e-09,1.396368574179751955e-09,1.333325222408305119e-09,1.654149548808344152e-09,1.290492655451328039e-09,1.205871131458626678e-09,1.384160728755603601e-09,1.351282450088069161e-09,1.201202208949978036e-09,1.386958446544439403e-09,1.296516805879527415e-09,1.276667481268934392e-09,7.751624112860559783e-10,7.973230360414135347e-10,5.755916711328572148e-10,2.790660987827928167e-10,3.764281041979097892e-10,5.460519900303726916e-10,6.301305381157419158e-10,1.008729234240455148e-09,9.445735753627057517e-10,8.058315443110866118e-10,1.492939109666192485e-09,1.842466671103104284e-09,1.917614151193955017e-09,2.081472784664697529e-09,2.210702510510444099e-09,2.305135254159415981e-09,2.019767311125420330e-09,2.212749786261189054e-09,2.368976759825284010e-09,2.360343790361406653e-09,2.015939519488402338e-09,2.087265931803396254e-09,2.393147100213914343e-09,2.594875417476339682e-09,2.653444824941138425e-09,2.468300583178241269e-09,2.460800475909691639e-09,2.137138778712865885e-09,1.747158721451601554e-09,1.929992159378980483e-09,2.120662102424933156e-09,2.312198120477682161e-09,2.154414884518644115e-09,1.726537257743683842e-09,1.753447095782224549e-09,2.135327091626832624e-09,2.118328618841340115e-09,1.962803202133645049e-09,1.636012287241374459e-09,1.096506465636151564e-09,1.201035103272330960e-09,1.360012544953624952e-09,1.442457244314173626e-09,1.277796631961200723e-09,6.650707680397354701e-10,6.345483761296410076e-10,7.482298306171704955e-10
7.173320390356191602e-11,4.393231229534987247e-11,1.287267707765308064e-10,1.686270794532475072e-10,8.630090525432493902e-11,-3.693490064905023393e-11,-1.374716674208817005e-10,9.208698081488897064e-11,-2.512931969671029457e-10,-1.945436666491059628e-11,1.711602043693565079e-10,4.512267777189794393e-11,-1.294680695598256118e-10,-4.987632683302790963e-10,-4.153791126095270295e-10,-6.528723676936983926e-10,-9.645579540466924553e-10,-8.333329871050756208e-10,-5.578591464075480989e-10,-7.171341539127567858e-10,-7.869496968186237259e-10,-6.980557478559953700e-10,-7.916348555725038015e-10,-8.018655801466283104e-10,-4.729705451259174854e-10,-6.044322840915656373e-10,-7.542700793957798899e-10,-1.033493171074292314e-09,-1.071204604043066515e-09,-1.177165992159834033e-09,-1.054246225407059085e-09,-1.093110215301396066e-09,-1.255935466652934824e-09,-1.212257846683269662e-09,-1.334874809197089576e-09,-1.241378475752057143e-09,-1.088793448191450845e-09,-1.284112039584900930e-09,-1.157822230364256682e-09,-9.388441939713746554e-10,-7.122690569365197604e-10,-5.964159898036460560e-10,-8.691348000783072821e-10,-6.619022378664656709e-10,-6.038712563946400694e-10,-4.880297087034729406e-10,-6.698340685281169756e-10,-4.068202790938809767e-10,-6.406433979993318780e-10,-6.085925563482719028e-10,-8.089048126789644051e-10,-7.624078606191079172e-10,-7.996959820651992118e-10,-6.618419245172754426e-10,-6.237730573619048131e-10,-7.592637791934265323e-10,-5.468442779104826140e-10,-8.731793216244767903e-10,-1.078393634849823701e-09,-9.751662678061670727e-10,-7.470997822161873502e-10,-5.886918635770754274e-10,-7.909232498001721855e-10,-7.924032318626196498e-10,-7.588968308552743319e-10,-1.141310198442585297e-09,-8.449795599972504685e-10,-8.106502937727601622e-10,-3.063415437165998684e-10,-2.055255642276999056e-10,-3.152948517414591552e-10,-2.209482180280440746e-10,-3.757700105119193120e-10,-6.342590327008310997e-10,-1.150498805796909172e-09,-1.362058457499509847e-09,-1.278560220658636282e-09,-9.450568773177080449e-10,-9.741453944989728275e-10,-9.774042993865538429e-10,-1.043689711480978267e-09,-1.383924709432282584e-09,-1.001655132170591464e-09,-1.093489317664576707e-09,-1.131550904642286452e-09,-1.022938833264487256e-09,-9.717669209950488280e-10,-1.434993104558230237e-09,-1.929500813195534876e-09,-2.002052699927929574e-09,-1.452694560888034968e-09,-1.397635246301804604e-09,-1.242425885361855113e-09,-7.458741888574949137e-10,-5.245815920439187419e-10,-5.958032216977423224e-10,-4.165070071109718908e-10,-1.365897644642367803e-09,-1.304145224667096631e-09
4.238703109095658664e-11,1.375353844558306157e-10,1.629184434657382059e-11,-2.738536485082168754e-11,6.329778196008473847e-11,-2.943351722194317262e-11,-8.314787110196231216e-12,3.772955024389638195e-11,-1.753506101156033993e-10,-4.099481683599372449e-10,-4.128391434298119602e-10,-2.051838693409841532e-10,-2.065146843855531573e-10,-1.172206953132485714e-10,-9.280884081302689612e-11,-2.994432311742158817e-10,1.082185268512787662e-10,2.248091802178207876e-10,4.392545896410008049e-10,5.421843836437928990e-10,7.822634075504395877e-10,8.405095355668878868e-10,7.393743610014298129e-10,5.328215520194750297e-10,3.663379046229358933e-10,3.187425927757384308e-10,4.513727881780427635e-10,8.481263833329276682e-10,5.494574710128733367e-10,7.157916033177321632e-10,9.134536621937810598e-10,8.835970043245233043e-10,9.451071683448375099e-10,1.186822902967285595e-09,9.574131872395054066e-10,8.586768236290804809e-10,1.015888981588801268e-09,6.975302994449260974e-10,8.124618679197532158e-10,7.736427719338154706e-10,9.338856422072720977e-10,1.007862255196436047e-09,9.011020090912237898e-10,1.440845797253784714e-09,1.849745013280595051e-09,2.160117333895261001e-09,2.431548649356410396e-09,2.084260957576964785e-09,1.843130848146031289e-09,2.101551848863486736e-09,2.281998689789044475e-09,2.353088016251751055e-09,2.227342572561511132e-09,2.795774028101786050e-09,2.523772096698943146e-09,2.876700216103856014e-09,2.732184854779729440e-09,2.517791239712311536e-09,1.757642189218163544e-09,2.054358348921465481e-09,2.178125053725653200e-09,1.666616007342470720e-09,1.383137628439196658e-09,1.658024696183469591e-09,1.797568810643200032e-09,2.046310172249407528e-09,1.780438767414238582e-09,1.521770039955532819e-09,1.456711300954304447e-09,1.188396053484037315e-09,1.232386596968869513e-09,1.558059203478493876e-09,1.505807548136263479e-09,1.863498893826186628e-09,1.543297633258011548e-09,1.878339369657030067e-09,2.102217682107013698e-09,2.008803139159906539e-09,2.056521576152180220e-09,1.694950366053544064e-09,1.499559404561563128e-09,1.489486422108731503e-09,1.333015513469379816e-09,1.895339037803330951e-09,2.027260515338635135e-09,1.531499502542716581e-09,1.739929061244482435e-09,1.779074371703854715e-09,1.653532150586546369e-09,2.450724689843287321e-09,2.632512723406532173e-09,2.865628448174025351e-09,3.002549608654248547e-09,2.715892075123313249e-09,3.387750055476436126e-09,3.282127023447730234e-09,3.578968821387761549e-09,3.478567484152185138e-09,2.835865235496953176e-09
-6.476445280338609571e-12,2.520098199179640172e-10,2.577742351414466189e-10,9.530193568050508414e-11,-6.021167336503929663e-11,-1.946801781527192605e-10,-2.328100031897765876e-10,-2.131330445657631219e-10,-3.546287816404071416e-11,1.381612652767842661e-10,-3.216585333660991309e-11,-2.220906819858771044e-12,2.390630356558744807e-10,3.624691084953960570e-10,6.344503903973789066e-10,5.651791758462318767e-10,4.503659404931527512e-10,3.731179451855721247e-10,7.163485599542229032e-10,6.191552261821557509e-10,4.803408817265432895e-10,5.995118646654720982e-10,5.728660411511441902e-10,7.129053128205240366e-10,5.544446456485024786e-10,8.242594925731266629e-10,9.651073415715229432e-10,9.172245757728661480e-10,7.524355086523519640e-10,9.544365980040487674e-10,9.223640297339178862e-10,1.299645154675513363e-09,1.404172294426837154e-09,1.270453617795095368e-09,1.104526306783558659e-09,1.113876519820449582e-09,9.058277175790238520e-10,8.972562568226802032e-10,8.120376269929943762e-10,8.146812144108239180e-10,8.287754709406695749e-10,7.661817816335530872e-10,6.201298529904932076e-10,8.302419604194170321e-10,1.128959015563223819e-09,1.338483985883418329e-09,1.446817532808851553e-09,1.381686137399643162e-09,1.356616474353094436e-09,1.484291086924618114e-09,1.634308027032621930e-09,1.940492332048328765e-09,2.474170811650948317e-09,2.608888032885379877e-09,2.675162474395516319e-09,2.493749497101345972e-09,2.587868132791852670e-09,2.535992828039971592e-09,2.138857124996259188e-09,2.346136016973164551e-09,2.095710008801654593e-09,2.422988535566125630e-09,2.128052397781161882e-09,1.840420008963813990e-09,1.805250837824682664e-09,1.674428950484173062e-09,1.494040904153410154e-09,1.997805259009040655e-09,2.056847433492922662e-09,1.939122489647934506e-09,1.973250949161969133e-09,1.934620954690367167e-09,1.575295602310033767e-09,1.419430710728600109e-09,1.184883133891414770e-09,1.140870666131487720e-09,1.330957235721094813e-09,8.707451675327900051e-10,9.950557129357959211e-10,1.258745766076796916e-09,1.351624237269919132e-09,1.233455722824881927e-09,1.499085268640183173e-09,1.852416467202432456e-09,2.087794378834329589e-09,2.133237785696463250e-09,2.589702123049552490e-09,2.450710079196332878e-09,2.009265580430979078e-09,2.021343810258202966e-09,2.142265446307186659e-09,2.129278937349996364e-09,1.994658891717609558e-09,2.006677039452912658e-09,2.092892480060315613e-09,2.107110489273248303e-09,2.165932956605265798e-09,1.987713815870827305e-09,1.629642678284580971e-09
-2.060214835537775803e-10,-2.552177447281361402e-10,-1.999246928790310467e-10,-2.370101578360262213e-10,-2.200921047293135517e-10,-2.811482712230711693e-10,-3.179854809136596381e-10,-9.963888067645874474e-11,-1.911477337271425625e-10,-5.603814851690496923e-11,1.646093767485304858e-10,-2.345152524343173917e-10,-1.244485074588272548e-10,9.975876510837022874e-11,5.736236720752191446e-11,2.254923236405783776e-10,6.051849053110492804e-10,6.921682236883458570e-10,6.974935650441441443e-10,5.707484310200873565e-10,4.806788838670602785e-10,4.218232291226460888e-10,3.013352457028952052e-10,1.504041864553649613e-10,1.933091444973930334e-10,8.872054582274167985e-11,4.218134002216286470e-11,3.725049338271065321e-11,-2.278549826666443595e-11,-1.133330877087489536e-10,1.783569277620824630e-10,1.971508015124379268e-10,2.267389485157180287e-10,-1.517356333308586388e-11,-2.077757550063399427e-10,-5.236963021065837304e-11,-1.591083340434139168e-10,1.813028735281853567e-10,3.048531870800365975e-10,8.932557321114704115e-11,1.621850327229141466e-10,-6.574932450377165941e-11,3.283210850718856493e-12,3.431616740098625303e-10,2.235181010403827022e-10,2.839921352756848915e-10,2.387744996705793338e-10,3.992848262833661482e-10,3.285493589570730135e-10,2.270450847411274750e-10,2.970774491223319386e-10,4.182932241179320291e-10,8.504661891416323478e-10,9.039384564404942224e-10,7.533334272521485020e-10,3.573406669142521129e-10,1.599936188601575533e-10,1.028967457132630981e-10,1.412042509569739605e-11,-1.513179425099265668e-10,-3.971442845110690461e-10,-8.445668516024876321e-10,-9.931373618954285092e-10,-1.084533896121578388e-09,-5.369645756982883836e-10,-4.783234785118858977e-10,-5.273688763105605223e-10,-1.954305539785317815e-10,-1.363121124604684637e-10,-1.839658053065158739e-11,1.086393968442889430e-10,4.674487503991336588e-10,2.452175562312014454e-10,-1.447112284157533012e-11,5.630031832724055198e-11,2.935170341487330374e-10,-1.876175704700888103e-10,1.452767839462451440e-10,1.893016427524463042e-11,9.908330409411229605e-11,4.919473556446526474e-11,2.612950005818279094e-10,4.259144906511447648e-10,4.729402956569523158e-10,2.966594274288273853e-10,7.712337028796970302e-10,1.166323858666464488e-09,1.068654633567416335e-09,5.970792818474805680e-10,6.255186293961637617e-10,3.994052857072247986e-10,3.476406734955941699e-10,5.755176922079395889e-10,6.011901394050949836e-10,1.237468741847377038e-09,1.419372939672167330e-09,1.300923127231170866e-09,1.047477249577961841e-09,1.248306984093871941e-09
3.313906491028850154e-01,3.314928821208399934e-01,3.213505899844667502e-01,3.251698047264898195e-01,3.137206905119745426e-01,3.185494370657022678e-01,3.174758169594675827e-01,3.207555029894996745e-01,3.189863089913405059e-01,3.251444305206378504e-01,3.364245827900833596e-01,3.415516958804618031e-01,3.461599504126612881e-01,3.423818428729242247e-01,3.412975995904597992e-01,3.371680412697914964e-01,3.380660747468322014e-01,3.432483294587858058e-01,3.483227847350578443e-01,3.454458558100398924e-01,3.235928944135355034e-01,3.248954965090962710e-01,3.426691299123411083e-01,3.334491831434636677e-01,3.655571529890292437e-01,3.708809905467729262e-01,3.831279049042637386e-01,3.835232303236625895e-01,3.722001418252205429e-01,3.454713640127734520e-01,3.302108440415893464e-01,3.311265868936534851e-01,3.210979329992308395e-01,3.258899901377194097e-01,3.418842000042716101e-01,3.505651994781640579e-01,3.309357300940369839e-01,3.293513014888724832e-01,3.451937866890325557e-01,3.330403453985299467e-01,3.111374351478585765e-01,3.212128689363634715e-01,3.168088893966371500e-01,2.973712621768621611e-01,2.999097451928269820e-01,2.943059554452894799e-01,2.964490263607418297e-01,2.989581672030082182e-01,3.047081281199562341e-01,3.400435362708698062e-01,3.564147755793048988e-01,3.815909071240429773e-01,3.855554672559170504e-01,3.804278641257766158e-01,3.835258003012587125e-01,3.814104217106265571e-01,3.906870871639295251e-01,3.890581791453329719e-01,4.040750888945005559e-01,4.305428595050551643e-01,4.261569283083175841e-01,4.394149825529805042e-01,4.413095594401207911e-01,4.445747412242954111e-01,4.224277692300116849e-01,3.972517290916607879e-01,4.181656677744480799e-01,4.213649476186407394e-01,4.115072413687872466e-01,4.253315263591068152e-01,4.260909652326742014e-01,4.206537649292683145e-01,4.251839567081292515e-01,4.374859015093810477e-01,4.214714835825422723e-01,4.143098461874775706e-01,4.431462031183389660e-01,4.242796203756672990e-01,4.253731907556522196e-01,4.149499429984633281e-01,4.080995478495770268e-01,4.361294500343227964e-01,4.217222297738881243e-01,4.110809827886684475e-01,4.063664462672646471e-01,3.973248060410485838e-01,3.788815796216885579e-01,3.821455133964735129e-01,3.834571262730029351e-01,3.979017110901301169e-01,3.806447543094973462e-01,3.625357125218298115e-01,3.705672382577666624e-01,3.676469124205227201e-01,3.588946577895477663e-01,3.587607402411470137e-01,3.469585162224195218e-01,3.332178919627086788e-01,3.523333656408864645e-01
