5.081414862211595107e-01,4.969469341921605166e-01,5.013073277405454276e-01,4.977610167112568873e-01,5.004781194696162894e-01,4.985467987587766658e-01,4.944429955151298794e-01,4.964313272123934695e-01,5.017444027307237375e-01,5.039336468588631046e-01,5.006997108478424829e-01,4.968766613538995180e-01,5.136322091425363778e-01,5.145209506028927127e-01,5.169618616752530427e-01,5.237886865720970953e-01,5.236096320264294057e-01,5.318815794880200620e-01,5.206084746471202340e-01,5.203399177952942045e-01,5.156905462101992743e-01,5.207939023722368832e-01,5.189360447936371967e-01,5.221135104052366804e-01,5.175112201402706225e-01,5.173251135028438252e-01,5.148483582052819640e-01,5.151733135127887220e-01,5.067998261990150910e-01,5.126417454385671091e-01,5.032352553120214012e-01,5.000053404405573332e-01,5.014281862938245737e-01,5.009768269016651177e-01,5.019268087792201349e-01,4.948166678315352729e-01,4.997272797250749687e-01,5.015547401177946618e-01,4.998046404591324765e-01,5.027325716582673465e-01,5.049782069102031201e-01,5.215194928066900770e-01,5.241453016327540793e-01,5.135448208025544803e-01,5.164351692933679683e-01,5.085836573560269525e-01,5.057172496175732501e-01,5.169336889812752300e-01,5.199427578431998764e-01,5.126122530557374324e-01,5.079779432849282905e-01,5.001651643392516222e-01,4.988482557684283392e-01,4.923737773956684549e-01,4.828305310234461967e-01,4.899725628356109697e-01,4.964551761679997788e-01,4.951075434869485759e-01,5.014921707670103590e-01,5.111608344082034794e-01,5.218366229140893875e-01,5.266246129078933080e-01,5.157376331915118906e-01,5.244146153579037906e-01,5.322981145908652900e-01,5.368224351167588670e-01,5.322881749471063406e-01,5.345231270661831013e-01,5.394747008478906203e-01,5.320968580399325631e-01,5.260640039826282033e-01,5.274797465227946125e-01,5.267273287437381768e-01,5.168646775837950624e-01,5.144719034456440854e-01,5.180598293951204081e-01,5.219701625927319899e-01,5.259707966663630385e-01,5.302951504768872448e-01,5.153501928669794729e-01,5.191902145909076394e-01,5.235222210703115442e-01,5.257979439456549331e-01,5.248919273276194675e-01,5.300269926912218876e-01,5.212136434637952842e-01,5.159878228569039216e-01,5.164634021705274414e-01,5.150999102103835936e-01,5.144257576476991556e-01,5.181609346954335615e-01,5.116459644150442854e-01,5.084046982080527854e-01,5.195259053051249909e-01,5.256248522335528195e-01,5.273418602831295710e-01,5.139149650317176299e-01,4.965158805956070842e-01,4.893070136443188889e-01,5.039255608397329445e-01,4.986436513684067706e-01,5.100336613754946624e-01,5.184851797343064117e-01,5.158634574293954334e-01,5.146547823805124322e-01,5.183527827042349045e-01,5.215117100302623099e-01,5.241726832138483561e-01,5.227826365475410908e-01,5.204017386935335665e-01,5.251222126056753758e-01,5.154448376343492288e-01,5.120469417125874667e-01,5.143975978180982400e-01,5.143102025348359474e-01,5.216522419594745719e-01,5.372483939480992010e-01,5.353281216460245018e-01,5.322391881500830868e-01,5.334174227323977835e-01,5.364505829847785456e-01,5.467471653592929082e-01,5.493650035839586776e-01,5.411141701579493812e-01,5.481702061891194910e-01,5.526957014128688339e-01,5.505213310843950492e-01,5.480741259857326853e-01,5.324178074817003115e-01,5.380428346612619039e-01,5.321389271108072361e-01,5.248265738437652983e-01,5.197175090568331157e-01,5.121719675424114548e-01,5.038531529622772842e-01,4.998323355292417225e-01,4.995802901871821966e-01,4.990454378868981467e-01,4.988118250050388447e-01,4.976931421082193552e-01,4.947153806703397660e-01,4.905161492401109435e-01,4.815799057479062117e-01,4.816660110037290221e-01,4.816150062795916953e-01,4.933662271353136397e-01,4.958841233797320336e-01,4.935633772227209226e-01,4.873929077188163261e-01,4.846159621604829160e-01,4.988256572747971629e-01,5.036553055782480026e-01,5.032008583000752155e-01,4.943743482910922249e-01,5.006833635716819719e-01,4.966654073905429900e-01,4.921521464473065377e-01,5.030639919385604397e-01,4.859428670829603059e-01,4.922953821452114576e-01,4.909042555754217774e-01,4.862824718888461573e-01,4.947742003862835580e-01,4.958626906685262292e-01,5.079363105729219896e-01,5.082360289130344322e-01,5.094536633082369370e-01,5.076591274413351229e-01,5.024886310041734028e-01,5.055923967056205059e-01,4.971020062041732746e-01,4.922990445851681551e-01,4.861908306001025415e-01,4.854164758988135375e-01,4.905268127655295629e-01,4.864227123453477852e-01,4.855090691592530150e-01,4.921540667221845355e-01,4.851713867239282330e-01,4.953401743171789717e-01,4.989442877008649080e-01,5.024871480765272791e-01,4.998838610193491738e-01,4.920602783103786293e-01,4.835480629045607048e-01,4.891002989324689798e-01,4.858895041882255184e-01,4.743028601769984642e-01,4.762628756347134784e-01,4.897733900388617223e-01,4.919581927747342376e-01,4.978988046198569162e-01,4.924866047680685477e-01,4.955608652227497801e-01,4.976651654156473148e-01,4.970666030981670258e-01,5.122503403320810555e-01,5.097817183096199356e-01,5.135244930697365762e-01
7.758737355894986150e-03,1.258084501729904089e-02,-9.664630615468100538e-04,-1.702991209710531979e-03,-7.040716974929854544e-03,-5.237224079453877031e-03,2.168993287019867211e-03,-3.279701856890429590e-03,7.269075744811767659e-03,7.336578183036082668e-03,8.344998736128386718e-03,9.466859161974438414e-03,7.369499567977371574e-04,2.334000958765180232e-05,-4.038561473039402328e-03,-2.413584225409047199e-04,-6.082408974792959111e-03,-6.737078117033832789e-03,-4.294660127663043822e-04,-7.709749848408537116e-03,-8.183857232497223841e-03,-6.454062084187537143e-03,-5.043949519774555690e-03,2.901583014334475560e-03,6.341716336891395703e-05,-7.786835273871769644e-03,-1.555805461621121745e-02,-1.867004421920398505e-02,-2.172392883360195828e-02,-2.257257879294597563e-02,-1.026043404549793585e-02,-1.409456524321447968e-02,-1.604245297294857805e-02,-1.700635458628817903e-02,-1.762478628256022167e-02,-2.984694766630811846e-02,-3.510225617239016993e-02,-3.765096913250209898e-02,-4.163422412673899176e-02,-3.822146234933720271e-02,-4.588990168895244748e-02,-4.933129389448564356e-02,-4.975731674923182524e-02,-5.045194983072814193e-02,-5.448273591131528454e-02,-5.420298049811925895e-02,-4.835540319070684434e-02,-4.960532728141497233e-02,-5.240567599019393952e-02,-5.392752789105712680e-02,-4.961513709357563695e-02,-5.393405808278137203e-02,-4.788211689018613548e-02,-5.746928572728099427e-02,-5.343957086504961401e-02,-5.456499201528964421e-02,-5.060476571384434075e-02,-4.428216522350988948e-02,-4.099628668060617542e-02,-5.103481139339315770e-02,-4.493658010021351484e-02,-4.342926581906874500e-02,-5.490662026790354283e-02,-5.236531584990482963e-02,-4.668220013330950935e-02,-4.371398262477179525e-02,-4.675955812133072986e-02,-4.666288315607449583e-02,-5.236077419660931792e-02,-4.808542115761377245e-02,-5.047068582981778517e-02,-3.367037102540412080e-02,-3.791332084071132036e-02,-4.366909068514387288e-02,-4.166108922974932904e-02,-4.033921499910216729e-02,-3.825628400240038696e-02,-3.515526411599646101e-02,-4.642178614250438290e-02,-4.144278712547497939e-02,-4.750245185040970208e-02,-4.946545769893546246e-02,-4.698442754377472885e-02,-5.786417461106593829e-02,-5.461039713705775206e-02,-5.848925001637947374e-02,-6.367501187858098932e-02,-6.079634678024624372e-02,-6.570470750328537279e-02,-7.440330694224861485e-02,-7.131500307712651532e-02,-6.334363078639583533e-02,-6.358825968969718245e-02,-6.579627192383115386e-02,-6.816940325776191245e-02,-6.659220014344971461e-02,-6.525849089585984697e-02,-6.171479989719236281e-02,-5.952603494821670504e-02,-6.112660410008885492e-02,-6.867769573988216636e-02,-7.237574373588752386e-02,-7.178538853705852818e-02,-8.114759362377561847e-02,-7.224979879132789606e-02,-6.499607057513147323e-02,-6.837350409455082711e-02,-6.952981128583017589e-02,-6.736158473069196739e-02,-6.311568201152886748e-02,-5.346728715454262398e-02,-5.698156410794845417e-02,-6.149343155157582785e-02,-6.733404956893453142e-02,-7.028903540030731478e-02,-6.981326459978669241e-02,-6.133278713680585803e-02,-5.738361877882643819e-02,-5.299320145340068178e-02,-4.746297066897742223e-02,-6.113491803837198257e-02,-5.991622674696370915e-02,-5.078481787385874524e-02,-6.090220936358772819e-02,-4.675859216957620190e-02,-4.845169487332141173e-02,-5.531284317920845406e-02,-5.360647861418163518e-02,-4.474615306206347620e-02,-3.653050841251022363e-02,-3.455055308212322956e-02,-3.674497816061206984e-02,-3.127675100173648443e-02,-4.233726636973074442e-02,-4.066787058186658449e-02,-4.258270988187168316e-02,-4.769315263278202377e-02,-4.806761847181814651e-02,-4.347125308780889347e-02,-3.814590883990953002e-02,-4.435758220874689434e-02,-5.288523925419594957e-02,-5.649673403816142525e-02,-6.866506702556426922e-02,-6.686926948343600852e-02,-6.623893286866382180e-02,-5.977318852447145031e-02,-6.979113379961324193e-02,-6.857401522972314534e-02,-7.240375725711582777e-02,-6.459864418342159409e-02,-6.968390617465673731e-02,-6.158635138876099313e-02,-6.220512560635240579e-02,-6.651293200756583368e-02,-6.984867950443472695e-02,-7.449665361148971598e-02,-7.462755774087409533e-02,-7.208846587050110610e-02,-7.561012641959363734e-02,-7.900793677903783507e-02,-8.303576451960839599e-02,-9.013508572078415826e-02,-8.683835294711754471e-02,-7.782865696831714475e-02,-6.588686211728861375e-02,-4.997961109740168412e-02,-5.489266080228256267e-02,-4.865901622255285053e-02,-5.469108787495567670e-02,-5.197380811993159572e-02,-5.508943414928386961e-02,-5.613388136777073406e-02,-4.931277781897388385e-02,-5.293365939854229735e-02,-6.406637701534916018e-02,-7.064998119257612230e-02,-6.943765630429958591e-02,-7.043031638723940002e-02,-6.717661856925200015e-02,-6.450328809112673700e-02,-5.962417590656265975e-02,-5.965614385674965908e-02,-5.891834797824840875e-02,-5.791837401006211250e-02,-6.417241761537074984e-02,-5.988613274608585446e-02,-6.542932103424528578e-02,-6.459127576703574403e-02,-6.156843651406745249e-02,-6.744255456821295069e-02,-7.420527725821475518e-02,-8.127944594158750813e-02,-8.339937640139812036e-02,-8.584778295671664783e-02,-9.671302986855530304e-02,-8.377587960628961328e-02,-8.388803301298458637e-02,-7.541651494325944671e-02
3.030521968376787174e-03,1.791773441348734446e-03,7.217168892521633357e-03,6.757247602618400573e-03,9.291275011808449932e-03,6.978951986928168261e-03,1.054600896641480837e-02,1.237928526333753956e-02,1.057922672697390529e-02,1.115439781415688766e-02,1.540292948493582684e-02,1.381468686713924893e-02,2.107630113828182911e-02,1.653008472841442644e-02,1.530561697503472936e-02,2.089811114781794238e-02,1.857311274501525014e-02,2.305749284469135740e-02,2.189369538800393922e-02,1.631465840922709243e-02,1.878964771396791217e-02,1.641509269899495832e-02,2.409635665420440526e-02,2.518201109663812873e-02,2.431344805298841713e-02,2.266633508874968742e-02,2.328319699480766586e-02,2.713753253270234991e-02,2.945592428683609793e-02,4.315295326005347959e-02,4.518884824338352535e-02,4.477107895548275429e-02,5.172004225963057478e-02,5.267006035537769720e-02,5.390162299718126437e-02,5.712543077970046179e-02,5.474936537958410843e-02,5.218085791155385733e-02,5.091236947628953458e-02,4.731532422385874986e-02,5.058445933117526605e-02,4.256231386015661006e-02,3.979244301362902525e-02,5.031469558191226099e-02,4.630897290603646493e-02,5.698496430580757971e-02,5.584307819467195649e-02,6.084741573795519887e-02,6.271799150678425416e-02,6.093942884481738653e-02,6.466650425750680720e-02,6.895247567978893266e-02,6.512860735676956336e-02,6.284623622750025451e-02,5.860436241480802833e-02,7.130299254863728398e-02,6.450133456783448127e-02,5.900169891315100446e-02,6.340075459194154106e-02,6.820283005958586997e-02,8.099040347729055678e-02,8.354332468442586535e-02,9.060879139586540398e-02,1.005657010860048217e-01,1.107833423029164210e-01,1.107209818405977819e-01,1.144881720198717701e-01,1.110486192989948578e-01,1.139008344362183872e-01,1.161655267124463570e-01,1.179082350704463711e-01,1.152126620897783033e-01,1.154264769888015962e-01,1.097829482780031396e-01,1.110585868933962050e-01,1.079240430858809940e-01,9.884837754919276187e-02,1.045214929226406519e-01,9.866848960991951578e-02,1.040061760894206710e-01,1.077213395684750025e-01,1.130887567094910895e-01,1.108871320657955767e-01,1.086686403682369795e-01,1.154766434743069309e-01,1.230529807659554997e-01,1.114354710918370184e-01,1.090297809251791622e-01,1.057153627280007502e-01,1.073818922045629703e-01,1.088374893445229752e-01,1.023686159985291305e-01,1.049714105158525701e-01,9.873961461710295540e-02,9.762077715085727692e-02,9.087752736081206040e-02,8.493413317013655262e-02,8.267097191032242443e-02,7.899414428906131880e-02,7.435661751693938004e-02,7.914613812100143586e-02,7.890819331407612769e-02,7.952519307296455897e-02,8.028449008314257618e-02,7.367356901976990224e-02,7.675274990509189932e-02,7.415742695704875820e-02,7.125014782971628158e-02,8.406630549767749039e-02,8.005650393766518269e-02,7.549724066715671200e-02,8.313711061843567784e-02,8.904413157642097898e-02,9.667311925769694891e-02,1.015959624334304423e-01,9.868788355164885562e-02,9.603301908953269794e-02,9.886067752781334261e-02,1.000430748906720319e-01,9.612630077872101608e-02,1.011781024138073415e-01,1.037098886416131932e-01,8.628622277978814648e-02,7.810485580556797425e-02,6.957058372437327498e-02,6.566594119010127351e-02,6.954813108426322055e-02,6.311633826776025247e-02,6.637885217812961036e-02,8.040592446586028452e-02,8.093666113392468386e-02,7.647663038983482098e-02,7.841288000017043736e-02,7.011007992081833007e-02,8.785006160038281997e-02,1.021284149992190415e-01,1.026814381926929032e-01,1.044727805232318063e-01,1.064309355747063424e-01,1.001362725256191855e-01,9.356815415271831082e-02,1.026122080679713333e-01,1.058168600024417538e-01,1.083014967679593876e-01,1.004376275060454848e-01,9.424143051785008329e-02,1.039768863182946312e-01,9.963098772722861485e-02,9.628917406691596403e-02,1.079780376839447886e-01,1.087511447664097630e-01,1.000665631198122268e-01,1.072029759560729212e-01,1.021844435289517988e-01,1.066887650936674259e-01,9.941974952325563497e-02,8.979283762524258028e-02,9.416452555158053017e-02,8.501172535261453111e-02,8.511739797873589530e-02,8.858406397889945216e-02,9.286212370355882706e-02,9.387653949296002887e-02,9.026745133988750558e-02,1.019686320365716103e-01,1.101126415070773495e-01,1.124321631239229291e-01,1.096082421194709139e-01,1.033639036886551815e-01,1.117004320417141205e-01,1.099032959655301261e-01,1.087940707384542349e-01,1.062180958723756702e-01,1.075044337008653622e-01,1.130644605617684983e-01,9.791883344172148951e-02,9.196615415733098986e-02,9.539428306998706808e-02,1.000012442627426362e-01,9.966835525834844001e-02,9.877677397316145247e-02,9.288259417598072887e-02,8.927216497697242070e-02,7.867551517506354841e-02,9.308559230697333042e-02,9.336856491985451312e-02,8.228364414646184566e-02,8.421939717330405306e-02,7.564552894168066755e-02,7.284044269946901573e-02,7.814883713817270816e-02,8.571901894745066752e-02,9.551028291149238347e-02,9.356682892672515961e-02,1.015833316654733143e-01,9.952500763241867165e-02,9.145833510033372915e-02,8.543082718408559484e-02,8.277873404714870820e-02
-1.249048694859692570e-03,-1.205931308943819502e-02,-1.345538392812236153e-02,-1.504335659856454593e-02,-1.599757053997231601e-02,-1.474714430171264121e-02,-1.545539845015471946e-02,-2.475470601615391980e-02,-3.840832270704068463e-02,-4.100308186008155137e-02,-4.632685211269501474e-02,-4.086060672850638786e-02,-5.343432655076128107e-02,-5.883899937496733096e-02,-6.171193122800002623e-02,-5.972319924175424621e-02,-5.447422529946583519e-02,-5.350709434937501313e-02,-5.645008450577062437e-02,-6.042017053168081270e-02,-6.194767961462237238e-02,-6.118681156683980493e-02,-7.397670812142480290e-02,-6.721335236043338157e-02,-6.816587253007562464e-02,-7.416920303305685191e-02,-7.496970673631374316e-02,-7.893338840172799131e-02,-7.138384636464008282e-02,-6.579922819151058644e-02,-7.369707313783521729e-02,-7.124994142558092880e-02,-6.058285141497424253e-02,-6.491856659082041736e-02,-6.754893560276525877e-02,-7.840582313579790019e-02,-8.061687944406524531e-02,-7.597044445846784511e-02,-6.823755796155510367e-02,-5.983238742203433880e-02,-5.657772507044021848e-02,-6.021368467251295847e-02,-5.858611229573219836e-02,-4.577531498765194384e-02,-5.491463676009148559e-02,-5.099458049026748402e-02,-5.750306329433487601e-02,-5.969747165355520496e-02,-4.803759648217546113e-02,-4.921301668193948237e-02,-5.729669811589089418e-02,-5.680042511876685213e-02,-5.479860860286196733e-02,-5.220568540065811947e-02,-5.738715795260553726e-02,-5.221099189834921273e-02,-6.083670721353984234e-02,-6.619156707818286967e-02,-5.217472847771884720e-02,-5.669644352441727958e-02,-5.057918318029348131e-02,-5.681896614063158130e-02,-5.767279554674804853e-02,-6.506658941958673448e-02,-6.789457692224097618e-02,-6.909653398592344176e-02,-7.535567052251467002e-02,-8.262887464849505426e-02,-9.005436891557347390e-02,-9.041699149446351391e-02,-8.818023520973007623e-02,-1.022355366811359551e-01,-1.020402872897491070e-01,-1.061454640712473640e-01,-1.000159974004489749e-01,-9.914250200834680282e-02,-9.163331459730264528e-02,-9.628635012156888662e-02,-9.181367431103162891e-02,-8.033340823877999082e-02,-8.520696791158199890e-02,-7.512722112888364778e-02,-6.652899381480339991e-02,-6.226491891376455257e-02,-6.459481983881582012e-02,-5.905396948251089712e-02,-5.743785314741411963e-02,-5.838296779941437586e-02,-6.366770926404143049e-02,-6.545071682424535853e-02,-5.618101089880040561e-02,-5.134872253190961994e-02,-5.330262475859568611e-02,-6.712418452440588323e-02,-7.407384501105128416e-02,-7.581311219952745206e-02,-6.973323480577953148e-02,-6.686604095075328325e-02,-6.547972247062421036e-02,-7.696564761086630013e-02,-7.275780918728368130e-02,-7.268547804121210099e-02,-8.681732202206278448e-02,-9.079573775760713117e-02,-9.126909033162666773e-02,-8.593566677626332528e-02,-9.344103336611839228e-02,-9.067004316400104069e-02,-8.652318136040405838e-02,-7.883475630097644404e-02,-8.044387731723583179e-02,-7.320617755269795413e-02,-7.120851935659570919e-02,-6.000163553139926942e-02,-4.522077827347759094e-02,-4.166646804294545092e-02,-3.989274557210661237e-02,-3.593585300506599994e-02,-3.639437364579554274e-02,-4.327476618977013634e-02,-5.107906043991480849e-02,-4.354604764238073633e-02,-3.773546549735245365e-02,-4.109264582776679664e-02,-3.756324254343063052e-02,-3.862846379378202799e-02,-4.672811892880089635e-02,-4.039453627355331367e-02,-4.144926843280019590e-02,-4.555837065152509857e-02,-4.665671257724027243e-02,-4.983391885341787592e-02,-5.223168193059309072e-02,-4.937797864244248408e-02,-4.589038183905055218e-02,-4.040056932122677164e-02,-3.871942936678234026e-02,-3.114206583772410886e-02,-2.700307446985827226e-02,-3.339849557446837591e-02,-3.195061731766708768e-02,-3.106639433092197797e-02,-3.623718512406624154e-02,-3.385834821243399045e-02,-3.602233856152264879e-02,-2.713690215526799038e-02,-2.111795762086659742e-02,-1.293658922905926642e-02,-9.585699410678985219e-03,-2.985411848013663945e-03,-7.967412962734517212e-03,-3.133528039472141709e-03,-8.473627399833833646e-03,-1.443702379553799507e-02,-7.501980999656033405e-03,-1.460557595873858416e-02,-1.825647893470169758e-02,-2.178503419563258825e-02,-1.315838362589554639e-02,-7.943118288905271981e-03,-5.426366044329521132e-03,-3.514240282089023219e-03,-9.623909272239373341e-03,-4.942681597008719355e-03,-6.282149959103368667e-03,-4.918801818066351195e-03,4.479612729322906758e-04,-8.803365102569460365e-03,3.178307012180846616e-03,-5.846117849068096714e-03,-4.503626709573943163e-03,1.675262383905394732e-03,-4.751965561832520099e-03,-8.854219410450189440e-03,-8.846165455641912673e-03,-1.337655533450607045e-02,-1.731657419123427966e-02,-2.892527407340175424e-02,-4.182677695204110868e-02,-5.563051169618866282e-02,-5.553752888707502028e-02,-5.361863860239964030e-02,-5.445681256774701634e-02,-5.677987907857477701e-02,-5.798129401437985414e-02,-5.621861138161056426e-02,-6.088057149537781654e-02,-5.594494486144501594e-02,-4.968792783529538820e-02,-4.826621648597340802e-02,-4.744230561299587340e-02,-4.407504107782131419e-02,-4.735670653262009228e-02,-2.646587348803739262e-02,-1.931689567496184395e-02,-2.030013195378749247e-02,-2.188155241912461552e-02,-1.296266531493241517e-02,-1.350651241923396702e-02
-4.901899975069257467e-03,-3.125405470082732659e-03,-8.317133988032438842e-04,4.692289936484428728e-03,-2.131553514940951431e-03,-5.086641719304393211e-03,-3.603255822237039392e-03,-7.911980743349077486e-03,-1.127661187981511201e-02,-7.775415908050233027e-03,-1.479856246493597982e-02,-1.302040499926573891e-02,-9.157915392791668094e-03,-2.520510864916390356e-03,-5.882507667998592565e-03,-9.817627057080637737e-03,-1.572583067427265474e-02,-1.425823128085845944e-02,-4.697275788969475577e-03,-1.411598130854135880e-02,-1.298971947698735613e-02,-2.242408971206326374e-02,-1.508830417885093436e-02,-1.625453713890615687e-02,-1.457226187775765083e-02,-8.778274491462666543e-03,-8.972385305670396369e-03,-1.278511841736914775e-02,-6.593152500337068345e-03,-1.222941674365762496e-02,-1.241019977495896182e-02,-1.903183518677763891e-02,-1.134944123384211065e-02,-6.355443104223489764e-03,-6.354592925585456423e-04,1.065533479878287733e-03,6.398268636844184950e-04,1.652915734066356989e-03,5.385252772228699483e-03,6.160774423123265529e-03,1.362619631343463603e-02,7.883655024195768482e-03,2.075989997531371180e-03,-8.650986056390271191e-04,3.586234725352343503e-03,7.174669932620732216e-04,-3.848864549055723214e-03,-8.166922283192636078e-03,-1.266927732269484443e-02,-6.842838852848943769e-03,-1.474465399304870569e-02,-1.604971624776956041e-02,-1.069667728142582527e-02,-1.016094719102634235e-02,-1.029938628747674445e-02,-2.419792500339948763e-03,4.082466018169471009e-03,-4.965358377463566925e-03,-1.608815475845460849e-02,-9.451063615746914393e-04,1.058061151627405667e-02,4.327528160154425069e-03,4.184167051813759801e-03,3.101442315438490693e-03,1.027620423878245620e-02,1.428422160252594553e-02,1.649079502435088843e-02,2.271448953003696661e-02,3.466951407644468242e-02,2.616723704516402821e-02,1.534381762256776041e-02,1.606190793095818928e-02,2.328267784564254372e-02,1.395376579360424127e-02,2.660662253688806170e-02,2.693512379402531604e-02,2.883455474401828630e-02,3.180795489206079962e-02,4.448905988278109569e-02,4.263976013153727290e-02,4.179098766144030697e-02,4.508452727208579758e-02,4.289213794919141676e-02,4.495408228558506886e-02,3.487193024524863627e-02,3.471160688609871425e-02,2.971287103468400054e-02,3.698370771034940191e-02,3.287429365812945953e-02,3.704924705437388777e-02,4.236056880255133911e-02,3.743205987266118306e-02,3.443601471464406011e-02,3.596194678970637132e-02,3.585251860502103316e-02,3.351761850914043717e-02,4.371076395295825368e-02,4.964356724474446036e-02,5.816100872595766219e-02,5.832198170745187676e-02,6.186592024791984917e-02,6.528422220071705695e-02,7.265632546262332236e-02,7.323582816208352997e-02,6.317825360369314081e-02,6.605339416780492412e-02,7.120906999328346920e-02,8.261212586167575311e-02,7.432038446390394626e-02,7.176168890855318117e-02,8.817108458900108081e-02,8.432230708951045373e-02,8.336332266478874153e-02,9.297804680294197155e-02,1.145863152682517067e-01,1.087634666163496966e-01,1.018974016004064870e-01,1.053605680426007857e-01,1.093444850505277122e-01,1.084275935324698487e-01,1.037125918190073270e-01,8.908495083498101097e-02,8.742711865581266617e-02,9.280013678877901961e-02,8.970150112472893844e-02,8.864580102783155280e-02,8.773251733823943244e-02,8.959580988937115853e-02,7.512823463523686518e-02,6.930650518867574605e-02,7.682127978110402100e-02,8.562411515240823945e-02,7.840266106882903818e-02,7.535574986619342219e-02,7.854555606197800854e-02,8.754325318139666301e-02,9.949738730132970388e-02,9.336563656291331503e-02,9.612823094843350735e-02,9.830620602734700675e-02,1.049772663985375776e-01,1.162096729344293533e-01,1.147224208799933615e-01,1.177782452830743454e-01,1.260303070043588547e-01,1.216088717251151419e-01,1.108449637257630238e-01,1.106582017064999257e-01,1.118581959247935964e-01,1.188178081196625963e-01,1.128488433145357350e-01,1.098544962907640754e-01,1.134704268300662927e-01,1.028802653425778119e-01,1.060128736453569420e-01,1.175239959180227611e-01,1.216173593823522830e-01,1.217753275599520318e-01,1.295069112269559009e-01,1.207955823728375511e-01,1.305672619879814644e-01,1.393933633151307194e-01,1.347751795179488732e-01,1.371718034886858228e-01,1.444579593568907361e-01,1.390125246237122747e-01,1.358550976813492905e-01,1.446389332717185616e-01,1.480999649980391242e-01,1.542003821954217868e-01,1.618804209660246740e-01,1.502069557346567275e-01,1.564932477907473585e-01,1.565623259600438244e-01,1.543435919265050416e-01,1.616407213720365554e-01,1.707879302671924948e-01,1.796687768900257498e-01,1.802926810474021757e-01,1.771432437137755722e-01,1.796403780383404036e-01,1.874507372481174772e-01,1.843508572462204398e-01,1.911235548988728938e-01,1.978690277253047636e-01,1.971048754361279520e-01,2.053527919143253999e-01,2.123903291546739847e-01,2.139929027082752289e-01,2.232171355732810447e-01,2.270774520455846879e-01,2.248850356608600443e-01,2.231647582139140162e-01,2.292705454544241295e-01,2.277749012576799348e-01,2.119865130044434887e-01,2.046240431988014530e-01,2.028916913264127431e-01,1.910984304096198239e-01
1.302036079693670925e-02,2.876372004577883515e-03,-2.753479186210459895e-05,-3.435672897353197249e-03,-4.850007338048524866e-03,-6.200060281405198048e-03,-1.275648339046942317e-02,-2.616111980399312559e-02,-2.681183684812154730e-02,-3.365867136213542693e-02,-3.222896201089583273e-02,-2.216774315731249653e-02,-2.070793736747840105e-02,-1.077281430527310749e-02,-1.690321636006337711e-03,-2.809317023986206661e-03,-1.268898646595180424e-02,-1.800011926635792722e-02,-2.519475318819405091e-02,-2.021135469463882992e-02,-2.096259360533596697e-02,-3.493879862797740626e-02,-3.209159602032218145e-02,-3.772910729567442722e-02,-4.732290487650769872e-02,-4.299745709839856295e-02,-4.261733398670707051e-02,-4.934458879616797355e-02,-5.177769396701391302e-02,-6.167934723391173268e-02,-6.395308989255175935e-02,-5.696822073223526545e-02,-5.116267764185680744e-02,-5.779926437810770090e-02,-5.715549381584936195e-02,-6.135385489974931605e-02,-6.520144625702331553e-02,-7.282026444735496817e-02,-6.461519380321277539e-02,-6.855145488352341887e-02,-7.501251102989213437e-02,-6.434399581381869404e-02,-6.429677167476226252e-02,-6.636368106591973570e-02,-7.254659673439360634e-02,-6.592143370203744357e-02,-5.450270973293198234e-02,-4.859883671953484779e-02,-3.227174250077936152e-02,-2.726695369682455294e-02,-2.549932111658864686e-02,-2.184465931765382229e-02,-3.637212382217821366e-02,-3.510646362837829826e-02,-3.101194901556071984e-02,-2.782245069637875531e-02,-2.861684969894611255e-02,-4.031799286112827674e-02,-4.944855686411715745e-02,-4.727446672360587770e-02,-5.772595293510506681e-02,-5.505817077925526798e-02,-4.993176279254934319e-02,-4.750170387565412489e-02,-4.380158575499146223e-02,-4.778363323208577318e-02,-5.510486561817530549e-02,-6.036724326174382205e-02,-5.388332716013142371e-02,-5.521817142797608852e-02,-5.821667872752627620e-02,-5.542654314041116359e-02,-6.099806178459716427e-02,-6.814772662010282200e-02,-6.299301130854703668e-02,-5.854267938868715215e-02,-5.393301619524007440e-02,-6.467817179985173304e-02,-6.233943138223190655e-02,-5.627331987557557952e-02,-6.314994465499239318e-02,-5.965043823982990601e-02,-7.335441412329249400e-02,-6.769340851302033113e-02,-7.558766539917109728e-02,-6.808664962314911473e-02,-7.054635322985933210e-02,-6.891892974902119606e-02,-6.452199009988515699e-02,-6.678996600260089789e-02,-5.480228393917836727e-02,-6.559368432589351983e-02,-6.529857035634159534e-02,-6.695242667221389110e-02,-6.690441772133015608e-02,-6.840320795303690693e-02,-6.465170260849600892e-02,-6.195598127196115523e-02,-6.587370051562090045e-02,-6.094536628910458831e-02,-5.411783845730727682e-02,-6.035417078422355974e-02,-6.558689263959487092e-02,-6.793870881480706947e-02,-6.734089463558537436e-02,-6.309751762229957872e-02,-6.739823943189648947e-02,-6.111405972477478715e-02,-5.776877934862750114e-02,-5.207483462334448754e-02,-4.901953990069775335e-02,-5.257350269400209997e-02,-5.425359238649363203e-02,-5.319627611593472083e-02,-5.413429170283564490e-02,-5.136318954028242650e-02,-4.371220827126143238e-02,-4.457570535590429928e-02,-5.595505914841505946e-02,-6.109423736944887690e-02,-7.091173255328245273e-02,-6.767419622809536794e-02,-7.631186028265989074e-02,-7.418253848016950758e-02,-8.330489825500517198e-02,-7.894793402970479157e-02,-7.835119861546688269e-02,-8.400245281504009620e-02,-8.698440973070439841e-02,-7.951832090519402041e-02,-7.034361141795061889e-02,-6.666295041659153764e-02,-6.751926507815209089e-02,-6.818047795585886750e-02,-6.240110942331766192e-02,-6.021195177824429506e-02,-6.081300215331222891e-02,-6.290099770644459742e-02,-7.045588210721329125e-02,-6.519529389292397226e-02,-7.069541393237557814e-02,-7.709103210173519349e-02,-6.863051383772118819e-02,-6.346545010519893948e-02,-6.582005770357142460e-02,-6.762684327841596288e-02,-7.180451744377899792e-02,-6.471347565528830226e-02,-5.828862659179274985e-02,-5.643928870804652137e-02,-6.662342969487830557e-02,-6.647910019291815298e-02,-6.785128797744520435e-02,-7.627651069048348165e-02,-7.602690930339348063e-02,-8.347708414556692658e-02,-7.971657468233128707e-02,-8.061271991140887827e-02,-8.206972463774346582e-02,-8.441283580942561537e-02,-8.381708232483874033e-02,-7.439576520568531859e-02,-7.251156421438641198e-02,-7.915809705168444510e-02,-9.253601307241310359e-02,-9.139873730239328475e-02,-9.086769716791424922e-02,-8.729716971227288735e-02,-7.744001996641838859e-02,-7.683586520311284918e-02,-6.966890523140585600e-02,-6.469504495659955667e-02,-6.861952591088754660e-02,-7.608073211174699868e-02,-9.056059743295369335e-02,-1.033975160397698351e-01,-1.035549262547471316e-01,-1.031748460043433874e-01,-1.049656403309191660e-01,-9.773983208239525600e-02,-1.170498626168084422e-01,-1.165148812399617317e-01,-1.084049330412389656e-01,-1.090357271910909892e-01,-1.090350579790141383e-01,-1.022382216125429649e-01,-9.504553746180907647e-02,-1.054137135596206060e-01,-9.468769309436587955e-02,-9.451085821034990730e-02,-9.335197982555222540e-02,-9.664993422622150665e-02,-1.037701921193780047e-01,-1.005854871344286361e-01,-9.677078235656749738e-02,-1.053386136540523377e-01,-1.120408645028969641e-01,-1.088380249567438979e-01,-1.058867920309650018e-01
-7.254745347072634465e-03,-1.266649240902590484e-02,-6.288595546671087860e-03,-7.969095312151688870e-03,-1.402721656403645850e-02,-1.091022647926855743e-02,-7.015486747682883953e-03,-1.125557164065703504e-02,-1.529398155441435807e-02,-1.489185051142686428e-02,-1.244686895420651224e-02,-1.177574291323438445e-02,-1.384782275696781924e-02,-1.861695285665293173e-02,-8.835244490987409494e-04,-1.196457908666032771e-02,-1.017317475992567284e-02,-7.789300908321734537e-03,-9.682041252440628035e-03,-1.576702661635142819e-02,-1.644281152503471524e-02,-1.673007823757226287e-02,-1.806292246783057845e-02,-1.591470806605696509e-02,-1.903896195137724789e-02,-1.246704207327556380e-02,-8.707964447074128048e-03,-2.427707152266318780e-02,-2.463014748391904873e-02,-2.512978034468518404e-02,-1.598209747036294370e-02,-2.418551423102868747e-02,-2.416980297890082563e-02,-2.323674714298908789e-02,-2.098994278474356281e-02,-1.714225509531279099e-02,-4.710315547122784219e-03,5.548226362147778631e-04,6.960474448686602977e-03,6.359769558759475680e-03,1.061315458980855581e-02,1.170448838921523370e-02,1.211297844924887415e-02,7.433759632663123999e-03,1.204437675323335316e-02,5.053448154910943763e-03,-2.899703814800976692e-03,-1.631983128949823433e-02,-1.547795166902430665e-02,-8.446438515340392444e-03,-5.444021210616829809e-03,-1.661808745192588921e-02,-9.724376808394014776e-03,-1.074064441087271317e-02,-1.633040947201379323e-02,-1.714808285355959305e-02,-1.556037823984117094e-02,-1.973328489003674593e-02,-2.209451156096739477e-02,-2.295897045776663231e-02,-2.220251841975846505e-02,-2.711326989338345983e-02,-2.781918312177231178e-02,-2.165297042977385247e-02,-2.079486117188854288e-02,-2.648567169890038431e-02,-3.670102813674876174e-02,-2.826331084917112907e-02,-2.973812181540818125e-02,-3.514844099704865499e-02,-3.851588445312440628e-02,-4.069280785142326967e-02,-3.747711095450396990e-02,-3.408026408237083832e-02,-4.047054937017027787e-02,-3.551710391323406601e-02,-3.792461616414712078e-02,-4.101282089905816663e-02,-4.243470265240114475e-02,-4.235313038459609380e-02,-4.148939015591789070e-02,-2.991462185512828303e-02,-3.520514326171791941e-02,-2.058575653725056714e-02,-2.632184734798716230e-02,-2.391044150598817253e-02,-2.428573556418524987e-02,-1.317327886483506821e-02,-1.070030345869602342e-02,-1.824422027791982800e-02,-1.871383159924610434e-02,-1.646055435629468697e-02,-1.913745981665318854e-02,-1.876589707019855890e-02,-1.644494561211208572e-02,-2.864885367249023901e-02,-3.312735730049310573e-02,-3.073931825897404171e-02,-2.941963989834538856e-02,-3.945285411243795726e-02,-4.583068441107425450e-02,-3.563478242016907688e-02,-3.754608108623766483e-02,-3.380498579496730993e-02,-3.285258851594381746e-02,-3.195855877654212029e-02,-2.421207406586796049e-02,-1.659579809026831554e-02,-1.549170000084932643e-02,-1.919253939522696378e-02,-9.024176291553357918e-03,-5.204459741604024539e-03,-6.116496516815089768e-03,-6.106945118229341156e-03,-7.070225195704852791e-03,2.502468026033023707e-03,1.246457005002892318e-02,8.197262160762261440e-05,-2.492232266025392728e-03,-7.765126913590525079e-03,1.274738183768879367e-02,1.367944758789579537e-02,2.288133306627442021e-02,3.209523174239641702e-02,2.690632975999283916e-02,1.809031430672017327e-02,1.716053001513084125e-02,2.180501291188982962e-02,1.159071113774948029e-02,8.554243790730777300e-03,1.597577012690760620e-02,1.369519841187212539e-02,6.452038405247988162e-03,1.466670252063947619e-04,-2.439556947114965291e-03,2.669652724088299525e-03,5.569473952458004959e-03,1.725720792714024315e-02,2.952661138647229636e-02,3.233075349426582645e-02,2.657590725961879799e-02,2.985445818937419379e-02,2.483880855506783933e-02,2.659271093110206208e-02,2.081813860361391225e-02,1.461242570475377450e-02,1.940800594496696480e-02,1.215528439379576914e-02,5.356293361312684451e-03,-2.655040462292533252e-03,-8.659654204513310069e-03,-6.170051909288806757e-05,6.235295907883536652e-03,3.790963443651462848e-03,3.877803297378560991e-03,8.588641527656980766e-04,-5.265761040640701621e-03,-2.190948144332421736e-03,-2.407887719638119543e-03,-1.422792010203022782e-02,-1.255756002877035128e-02,-2.026876327334145578e-02,-2.250451560933120279e-02,-1.801258796617111538e-02,-1.945505663778211020e-02,-1.736541225443540004e-02,-2.639925392103616153e-02,-2.632537590833111674e-02,-2.651036038492085925e-02,-3.729689471991726180e-02,-4.372673372777925727e-02,-5.067248427430867674e-02,-5.394424542000030021e-02,-4.513347609657162446e-02,-5.463017273819545383e-02,-4.994284421351363745e-02,-5.188177210322225674e-02,-3.773363218253426160e-02,-4.570687686732764765e-02,-4.107981459070743357e-02,-3.781920517563654160e-02,-3.229415189036757838e-02,-2.856463345983470056e-02,-2.671539405672581843e-02,-1.850542918438581597e-02,-1.847916512243326023e-02,-1.642425423339122573e-02,-1.291809806696206375e-02,-2.255803294182160551e-02,-2.946797072578512949e-02,-3.023825952327811872e-02,-3.822541274403892797e-02,-3.388325918632240086e-02,-2.818503668698331410e-02,-3.020449391605675715e-02,-2.939334918537835420e-02,-2.325113369673454181e-02,-1.678963045652774252e-02,-1.615191501694043796e-02
-1.323010151054130994e-02,-1.837073038996225177e-02,-3.166206827974745591e-02,-3.262042941712777616e-02,-4.060662663571971281e-02,-3.264766723499684664e-02,-2.579958321495263301e-02,-2.213909292311262017e-02,-1.845864133702946122e-02,-1.445172969829783619e-02,-1.514007075795142238e-02,-2.311665912920361082e-02,-2.125516265426426188e-02,-1.506917687238548860e-02,-2.032306072716396489e-02,-1.434374428772913421e-02,-9.988958790841176438e-04,-3.537330531387034190e-03,-3.750492658026285172e-03,-6.186599552092528036e-03,-6.609970763965182516e-03,-1.295240589442639770e-02,-7.443462164369253967e-03,-2.469674472517591896e-02,-2.769427357196184783e-02,-2.350748369514529118e-02,-2.470631929624970968e-02,-3.670924066027725363e-02,-4.096432369338853796e-02,-5.061766866678021892e-02,-5.842560576015789348e-02,-5.556953450280305296e-02,-5.547902694740685509e-02,-5.510934557501781517e-02,-5.477126227385984564e-02,-6.461386785789675902e-02,-6.214178340313725873e-02,-6.433362569808701026e-02,-6.253203930497357177e-02,-6.077534672338896771e-02,-5.467408046316580422e-02,-4.123406626640417627e-02,-4.075002809195246017e-02,-4.461561825231660089e-02,-4.877850353156489710e-02,-5.110239667844600903e-02,-5.626912405980412368e-02,-5.237341357708061307e-02,-4.807396787904066188e-02,-5.456692545013591689e-02,-5.788470962346659726e-02,-4.498446596965197108e-02,-4.642516773550417475e-02,-3.633159399462732725e-02,-3.977735783266164032e-02,-4.809565223617476293e-02,-4.097419530142624305e-02,-4.134163053847602493e-02,-4.211217322152065179e-02,-3.818735914441627466e-02,-4.586850353692080440e-02,-4.399015861202865835e-02,-4.231931866106368456e-02,-3.198801799779108640e-02,-3.736485805908419666e-02,-3.326100026869883985e-02,-2.065832553415736586e-02,-3.065418398726849764e-02,-3.298342208939778614e-02,-3.229559829182103436e-02,-3.015700187514720049e-02,-3.198158443049187866e-02,-3.382666717095472730e-02,-3.880269643954350339e-02,-4.146365606542436882e-02,-2.707735074957758059e-02,-3.056924720256781053e-02,-2.723008747166050236e-02,-2.245194151698795548e-02,-2.382779391866783267e-02,-1.946040805627860179e-02,-1.819922122110934418e-02,-2.093363272704235403e-02,-2.105931994060279699e-02,-2.118438917095571972e-02,-2.056092936910533173e-02,-2.616434545192847239e-02,-3.210301983101688378e-02,-3.144335476947709984e-02,-2.378855958366499213e-02,-2.629864890045561371e-02,-2.733084442618237062e-02,-3.649415008049429476e-02,-2.789794481080631189e-02,-1.636658942845855419e-02,-1.759192593798075341e-02,-4.975737552933725757e-03,-2.755032459799551872e-03,-6.350570311198855573e-03,-6.212683096963565743e-04,-1.249878827765581700e-02,-2.092291203101788802e-02,-1.978485004373756531e-02,-2.162096023832473998e-02,-1.299344475017925014e-02,-8.399488073148478687e-03,-7.256000483397700637e-03,-1.183641339588409162e-02,-4.290104778126493240e-03,3.319348207368833653e-03,7.652921687157926076e-03,9.011245627029243824e-03,9.682256704025131791e-03,3.871812423598390389e-03,5.974772029547017332e-03,1.030991252166976388e-02,5.880390568418120828e-03,-1.746811403488482232e-03,-3.992991190357265963e-03,-4.750631793209324563e-03,-2.627058427579760484e-03,-8.674578297052829012e-03,-1.727308024969632580e-02,-3.287505243165612934e-02,-3.462667400315534022e-02,-3.915395739974437961e-02,-4.399519043614176506e-02,-4.513955870888938793e-02,-5.392163288898202400e-02,-4.395034319919002147e-02,-3.791363933528876795e-02,-4.467804911647115657e-02,-3.532631698408469217e-02,-3.740378450514107722e-02,-4.021628213153745357e-02,-4.552796440200269218e-02,-4.778246000296831192e-02,-4.903743407261632048e-02,-5.331199732320936191e-02,-5.542960243306783302e-02,-5.490765620845042966e-02,-5.708039895514570999e-02,-5.058264036848050815e-02,-5.653701069817751446e-02,-5.308047453937211196e-02,-5.407579648152854856e-02,-5.368383772297631584e-02,-5.285177089431641884e-02,-5.270827899923291593e-02,-6.088876027839816574e-02,-6.213877176396768315e-02,-5.301685078258221162e-02,-5.037328468588717079e-02,-6.054313713026927835e-02,-6.701800461816515009e-02,-6.347016484846454420e-02,-7.296138709485186502e-02,-8.081973462781461004e-02,-8.093429784812244954e-02,-8.176402149909184347e-02,-7.598451699427655193e-02,-7.086849563846343847e-02,-6.178920260087492761e-02,-5.950648668977696898e-02,-6.013270738423061312e-02,-7.076800379404937780e-02,-6.557780154781359117e-02,-6.965323116125349268e-02,-7.049142349511546002e-02,-6.449310504159833091e-02,-5.818555087698980277e-02,-6.444922809310561773e-02,-7.462392869250242255e-02,-7.694030748154487287e-02,-8.373272475541485016e-02,-8.625411724057890916e-02,-8.967143467214602759e-02,-9.898060088614565877e-02,-1.093839742513346702e-01,-1.089241553565569176e-01,-1.118693938675783400e-01,-1.048694404680181741e-01,-1.089236418218950675e-01,-1.106116588348800833e-01,-1.076419939839744627e-01,-1.172034538274430437e-01,-1.191913439238990319e-01,-1.255792302794095372e-01,-1.282464446628355792e-01,-1.357294353238280016e-01,-1.261242843051002815e-01,-1.272300059233038572e-01,-1.358651104273275179e-01,-1.396108049236673976e-01,-1.431874570111697220e-01,-1.435657405929316732e-01,-1.409789554975159620e-01,-1.461053530676178491e-01,-1.419797685276044663e-01
-2.097033072246253730e-04,-3.113852710402873966e-03,-1.436361053185172300e-02,-1.625875250996904747e-02,-1.448236253347582117e-02,-2.439735109760452630e-02,-1.849501870493900843e-02,-1.188308868063041313e-02,-1.982771629570364430e-02,-2.399828324908308275e-02,-1.611852022755098576e-02,-1.367359780184306504e-02,-2.335469321370533743e-02,-3.097208420731190071e-02,-3.685904811883158883e-02,-3.275012523000989106e-02,-3.564531069723170242e-02,-3.261607825273636629e-02,-2.866437402178766830e-02,-1.969389628615756532e-02,-2.037627863195965935e-02,-7.922344317084868345e-03,-4.704829262827155655e-03,-4.545861519676761692e-03,2.259136685537390006e-03,4.667773283110858602e-03,1.447322210995406061e-02,2.836990212787887655e-02,1.971060946222272930e-02,1.717417679701970304e-02,2.016927784265605886e-02,2.229822251446886977e-02,2.789707697158671021e-02,2.277620933446732748e-02,3.305587922027848624e-02,2.993793236539335836e-02,2.838807477513516711e-02,2.701415915239720883e-02,2.663843219940176602e-02,3.033475020989941096e-02,2.312627490581925516e-02,1.861116268804336241e-02,1.631851113718375476e-02,1.902601788720014939e-02,1.626913149897895802e-02,6.869446234588521757e-03,1.167769972954163342e-03,-3.234703650906190289e-03,-2.812860164282489448e-03,-4.889042364354338061e-03,-1.009950154123404054e-02,-3.532687777822513496e-03,7.002010215229584507e-03,2.517170206470449589e-02,1.743655034191637920e-02,1.007131917628061209e-02,1.198273558038854929e-02,1.601150036288483125e-02,2.482807053975039785e-02,1.754595967947830681e-02,2.099538546693181795e-02,1.878784481493771946e-02,1.456714529986689877e-02,7.355996182570258453e-03,1.154667916557902338e-02,1.759743381555295416e-02,1.879607075045527237e-02,1.943537870720035352e-02,2.347423002713167062e-02,2.821963606703519964e-02,2.765707400659908263e-02,4.445676842834205000e-02,4.765802519852634089e-02,4.943350188633421904e-02,4.522213160188910674e-02,4.322650408453931198e-02,4.332281493878413492e-02,4.163790840105203311e-02,4.333952503837804754e-02,3.780784707389398674e-02,3.510005740327949708e-02,4.190905306996624280e-02,3.605918525270584984e-02,3.802561292037855145e-02,4.488889890890667561e-02,5.635113581043457720e-02,5.280291658576154179e-02,4.547087236336774807e-02,3.542632808140598610e-02,3.312719012993674272e-02,3.603461415621508901e-02,3.209199065307728055e-02,3.919699192791388509e-02,5.252393490605630766e-02,5.341686413351717094e-02,5.441185134390250089e-02,5.432663213710325900e-02,5.411539885280160916e-02,5.364729851673397804e-02,4.662126826902533716e-02,4.762742116071259219e-02,5.247975456648015097e-02,5.220071194954215704e-02,5.649914463042843976e-02,5.661826565676343626e-02,5.500866677532133264e-02,6.026252391466702801e-02,5.141116572675637209e-02,4.752293262139073438e-02,5.347777291993084658e-02,5.000203017352523871e-02,4.844563231058326286e-02,4.429375357230103810e-02,3.072717038388828384e-02,3.861269193336443889e-02,3.979994164821763769e-02,4.281889134000422398e-02,4.493924859303764785e-02,4.287013402430867037e-02,3.896693635430577979e-02,3.187049439175280302e-02,2.771515271800669561e-02,2.678750030569193585e-02,1.869400145756211495e-02,1.547836463158322289e-02,9.379250845162535877e-03,-3.024499006855623645e-04,-1.751686010463831102e-03,1.820571959977185629e-03,5.023504966072934140e-03,1.015368889441758612e-02,1.141129691887223310e-02,1.084657663284485478e-02,-1.271963134132449331e-02,-9.564428513046414199e-04,-3.245131570739371186e-03,2.924892165758522910e-03,3.940459577134489827e-03,1.079405249308067888e-02,6.497720298762178423e-03,5.003281012580412454e-03,2.924845199703034193e-03,9.980523936412565369e-03,-2.697337835861766259e-03,-1.160663040438576592e-02,-2.600579885937079339e-02,-1.752670710236783544e-02,-2.158261124445234533e-02,-9.371454839886640686e-03,-1.483233318275006991e-02,-3.126292715130068317e-02,-3.103926890709774247e-02,-2.539483503150462285e-02,-2.812032161237675368e-02,-3.223081820239349221e-02,-3.671935317717206493e-02,-3.708800456715242999e-02,-4.140094111970361868e-02,-4.095419331887590469e-02,-4.716868794388827391e-02,-4.053750887146591320e-02,-3.365948607458368880e-02,-4.142577588493203539e-02,-4.412504416785520411e-02,-3.369746630713005286e-02,-3.877919572944919097e-02,-3.656149150268087067e-02,-4.007850803711978521e-02,-2.635373849491420839e-02,-2.508266070482238069e-02,-2.212372682189066991e-02,-3.597419623119126053e-02,-4.129183909734229080e-02,-4.506863512827704449e-02,-5.216575329021577029e-02,-5.649019090501969376e-02,-5.233177480578873192e-02,-6.183891283153190865e-02,-6.134291471428308939e-02,-5.384463213505995272e-02,-5.161359290118836679e-02,-5.988309580842508112e-02,-6.344768014393512012e-02,-7.223652817779170621e-02,-8.176508312057290118e-02,-8.291060202842508164e-02,-7.283902229255269367e-02,-7.853955204346993457e-02,-7.069386398791212278e-02,-7.669631243759000849e-02,-7.631780484865408054e-02,-7.601886425093716537e-02,-7.227061450752342298e-02,-7.385213247557748106e-02,-7.485011720192713547e-02,-6.849232326371053337e-02,-5.830802475522103845e-02,-4.547175635304752384e-02,-4.504150119077487968e-02
3.157122837560080372e-03,8.610828483477070069e-03,9.842231280227100101e-03,1.853904646284435659e-02,2.437258611364412353e-02,2.781137820414501804e-02,3.667251308228011708e-02,4.756161952123720560e-02,4.437258276545409663e-02,4.136852411931633139e-02,5.081407445531117145e-02,3.608309052562625602e-02,4.082399198540007795e-02,4.379304942878222556e-02,3.990903309020173151e-02,3.507099057536040843e-02,3.444418200594791951e-02,3.034626035007417441e-02,2.917111462144234002e-02,2.528963976624704763e-02,2.728839385628626518e-02,3.410881792716502492e-02,3.546061156631009209e-02,3.685835877087949297e-02,4.337383371215481481e-02,5.398361567746619294e-02,6.118684537595291129e-02,5.518259905312179747e-02,5.014487877029000229e-02,4.666702383302066826e-02,4.572846878287675082e-02,5.315844132945751754e-02,5.662261417613197872e-02,5.849551968462399915e-02,6.035429139941188292e-02,6.403878039551479107e-02,6.077803266177827374e-02,5.585106450564437247e-02,5.672661431152291323e-02,7.140229115777570190e-02,6.729787703039227797e-02,8.225575625062617191e-02,8.287868553956082018e-02,7.808439141235563874e-02,7.746314690709167616e-02,7.688017348462343470e-02,7.413016571468311611e-02,7.305204466693500376e-02,7.910478123423687891e-02,7.315505268085248369e-02,6.484417584543587798e-02,6.039412133910885411e-02,5.885640386291806497e-02,6.620175413022237609e-02,7.190787266404359557e-02,7.677229158274923027e-02,8.677460037433371021e-02,8.465289095507934347e-02,8.045082852927178119e-02,7.552703798116876255e-02,7.637686947940129645e-02,8.434544173087241137e-02,7.761998538743672404e-02,7.326585492043126424e-02,8.026308694571687719e-02,8.167701132769843164e-02,8.585625461416300508e-02,7.780507806237031698e-02,8.709695472759322599e-02,8.440830566689308534e-02,7.661078072922039572e-02,7.949305159832611989e-02,8.372607514597944778e-02,7.920656354355398721e-02,7.887110968988604587e-02,7.750956713800416509e-02,8.400147884920419750e-02,8.290624671056351369e-02,8.371003762443698926e-02,8.998106698191259134e-02,8.796048449499477284e-02,9.841161719375118855e-02,1.047786492365547911e-01,1.135725422906810889e-01,1.075558373400679057e-01,1.063449416587538970e-01,9.330844593078342630e-02,9.038435251503276757e-02,9.161312817213775050e-02,9.054227931956579378e-02,7.283613292793764127e-02,6.516266484943826487e-02,5.989489103064507547e-02,6.548955415601870333e-02,6.521298425092222906e-02,6.353355894141833604e-02,6.701011624748293150e-02,7.546014197503370102e-02,7.616406300817113451e-02,8.304089025632109544e-02,7.804017820022098040e-02,7.840983151335483015e-02,6.591403273623230863e-02,6.595420079121587509e-02,6.483270929076359601e-02,6.132059886820068195e-02,6.253675140733012949e-02,5.884301893758940583e-02,5.153729935623350272e-02,4.412496643555306047e-02,5.294525294689347156e-02,5.949095855942344163e-02,7.414446130164981108e-02,6.889107223645349332e-02,6.648343137457693452e-02,5.518998252168440949e-02,5.574492266810342211e-02,5.270444538267943235e-02,4.402960380991946532e-02,4.322844469841654463e-02,4.098579847802397841e-02,4.171309498566926760e-02,4.125564343955245850e-02,3.230507427233375584e-02,3.805766347288148249e-02,4.157217835855706728e-02,3.537630627616487194e-02,3.680402574615242173e-02,3.198675774510045811e-02,2.643653721011049104e-02,2.368118019527753679e-02,2.670007352041927837e-02,2.086288099916018546e-02,2.015591324384221478e-02,2.012199767039772602e-02,2.030142344400174409e-02,2.025758272244166519e-02,2.379143663630966382e-02,2.518552703298600204e-02,1.740725923859710172e-02,1.542913813956347732e-02,1.028217218600849941e-02,8.211329894752436923e-03,1.978324555354934663e-02,1.352791911112928222e-02,1.996434557227168977e-02,2.933084671342828936e-02,2.602961885092926891e-02,2.951611387612031873e-02,2.033653460584788908e-02,9.178434021210312224e-03,-9.168781425502904592e-04,-5.119227812783327253e-03,-3.472914183823785743e-03,7.126131795039527227e-03,9.081336357305737697e-03,1.650590455500109896e-02,4.979247089640675972e-03,-7.995109879219095342e-03,-9.204311954848810873e-03,-1.421651742646857369e-02,-2.123104166916773075e-02,-2.239953247323686614e-02,-2.785563396040019457e-02,-2.217885581664335790e-02,-2.422114699416631073e-02,-1.625342909890213627e-02,-2.596273553256077393e-02,-2.954944762995393923e-02,-3.603858653120757538e-02,-3.567428476451008773e-02,-3.915582515488431198e-02,-3.756614412722385221e-02,-3.475179533462117998e-02,-3.142609597673950983e-02,-2.520165428212748845e-02,-1.868373503688188983e-02,-9.697826378618641316e-03,-1.830580770085296627e-02,-2.372821086954241682e-02,-2.952533852458641070e-02,-3.500324043973267185e-02,-3.563942490067931873e-02,-2.061829782249488194e-02,-1.934675159202412301e-02,-2.157314669095885401e-02,-1.588436964691606473e-02,-1.632685504517850453e-02,-2.062498643211336039e-02,-2.240698113839403524e-02,-2.691924943604991766e-02,-2.182732559376845960e-02,-1.371614789230178079e-02,-1.540027312747075869e-02,-2.161137785628969993e-02,-3.552070181517792691e-02,-3.553654082031384304e-02,-2.970050484630767929e-02,-2.878134217807295711e-02
4.906252358917384364e-03,4.478917643170581692e-04,4.125742487768507827e-03,3.384888330533854153e-03,9.969032590918176437e-03,1.874957424246977145e-02,1.576001369552879061e-02,1.288833728589051583e-02,2.052275004927301555e-02,1.292174583192608195e-02,8.113236630983976239e-03,8.371339244002729690e-03,1.323785089519322403e-02,7.260684186631946764e-03,1.073033098361867409e-02,-1.061365750004953853e-03,-2.074166912290792506e-03,1.067497613452699813e-03,-8.043924047247203585e-03,-3.651838973020946066e-03,-3.418723932367299066e-03,-1.535586004265843824e-02,-2.914451895675769511e-02,-3.049363702512510044e-02,-3.761339569328224497e-02,-3.905861794153409061e-02,-3.933556428853571957e-02,-3.094288388065033479e-02,-2.587592244294156449e-02,-1.499578124555872582e-02,-7.767651487327551993e-03,-1.998686164098440951e-03,-2.776177030089827663e-03,-1.229252408615660527e-02,-1.809512476393426716e-02,-2.671394264864140888e-02,-2.168892720106727762e-02,-2.935039859551953623e-02,-3.326593995096825684e-02,-2.495601599061757561e-02,-2.409305079446123765e-02,-1.468747443385201579e-02,-7.563625962378367137e-03,-6.155200116952943418e-03,-5.818717515033435331e-03,-1.644413568491312136e-02,-1.294684385062972592e-02,-2.596180825291124344e-02,-3.257498190720850562e-02,-3.717865768281120031e-02,-3.874204800243286062e-02,-3.988698861983043520e-02,-5.104460841357728873e-02,-4.893236687709076604e-02,-4.966437647402419803e-02,-5.642690098906884971e-02,-6.489887031138591444e-02,-6.328790684967616764e-02,-6.844256725460309831e-02,-7.488710499251105546e-02,-7.518723825282927486e-02,-6.667219874845922711e-02,-8.156014789284571354e-02,-7.972831786280037969e-02,-8.360100208195707372e-02,-8.911528546476354951e-02,-8.866270080502404449e-02,-1.022191303109085958e-01,-1.017068620355969649e-01,-1.046563166479571177e-01,-1.095112587712453039e-01,-1.149985439687522398e-01,-1.149767714888452058e-01,-1.219450203474242850e-01,-1.280836358734316616e-01,-1.209718870440467248e-01,-1.238404225845042422e-01,-1.261304227358760188e-01,-1.291229151743298331e-01,-1.350452124680975863e-01,-1.347155590808879755e-01,-1.316491979245285882e-01,-1.292353206189218728e-01,-1.299449602858753217e-01,-1.388904721212823046e-01,-1.457223381623067582e-01,-1.423882819550096324e-01,-1.486354116075148946e-01,-1.519958851918562781e-01,-1.418701522862952369e-01,-1.474413447544939415e-01,-1.448653977262752135e-01,-1.358661134558503125e-01,-1.382955011615564500e-01,-1.420677303391589541e-01,-1.396635277864871072e-01,-1.409616598090190909e-01,-1.393290354867106895e-01,-1.458734590641720119e-01,-1.377925326781601068e-01,-1.407278014303388891e-01,-1.408922070878726451e-01,-1.338563733522618315e-01,-1.385213200869131467e-01,-1.302352366389921412e-01,-1.264323269620717116e-01,-1.244300075660891014e-01,-1.216174047658313273e-01,-1.172690739306642971e-01,-1.190624357413459650e-01,-1.188172395424614280e-01,-1.121342016270245046e-01,-1.054456736582154719e-01,-9.650333183718058649e-02,-8.749477922883976133e-02,-9.284428670873080824e-02,-8.417225284350955683e-02,-9.740865358743538982e-02,-1.021439953124551742e-01,-1.006864230137998334e-01,-8.884953024311251224e-02,-9.121495646036584248e-02,-8.833411326047520273e-02,-9.091154085869460055e-02,-9.057722274210210089e-02,-8.796357867235837791e-02,-8.882772634164998182e-02,-8.282976526475153978e-02,-7.421828904058780374e-02,-6.381568206150539657e-02,-6.907059310973477639e-02,-7.006967008880810033e-02,-6.875288507073029631e-02,-6.759737000295262810e-02,-7.186254538478409337e-02,-7.809152725861419342e-02,-8.391024765101010030e-02,-7.676713424110935546e-02,-7.844192971994624897e-02,-7.268031198268638804e-02,-7.632140362462794259e-02,-8.228460666801531986e-02,-8.159944537264697539e-02,-8.899772451401274931e-02,-1.026572897389863015e-01,-1.084521776324505749e-01,-1.096665978380774453e-01,-1.026118870191019689e-01,-1.043924950234216692e-01,-9.420035785522516691e-02,-1.019861753068911359e-01,-1.155819874084452747e-01,-1.091956725610701701e-01,-9.949110898238354428e-02,-9.301183635644261205e-02,-8.917321439082219470e-02,-9.588373021137387708e-02,-9.358317997929176124e-02,-9.294134796511431540e-02,-1.020853691289778653e-01,-1.098824393042723280e-01,-1.106891473221446598e-01,-1.061770439262867266e-01,-9.750366343609946640e-02,-9.812310411308766689e-02,-9.388012197727625685e-02,-9.034039804802214413e-02,-9.094112964576213376e-02,-8.396379200738142423e-02,-8.388675976720644245e-02,-7.954230378768722964e-02,-7.298516011631771272e-02,-7.575003598371671254e-02,-7.325742235045390460e-02,-6.505752169155594455e-02,-7.741476997501506307e-02,-6.439472625093027591e-02,-6.509163987020528952e-02,-6.787122699244858837e-02,-6.334337777169478378e-02,-5.843342427405901623e-02,-4.864759541949760513e-02,-4.887231751988969919e-02,-3.903291239678273461e-02,-3.412291072432455802e-02,-4.157041993709227612e-02,-3.909374816430791905e-02,-3.859125790916698856e-02,-4.120187738693882606e-02,-3.534548881006953358e-02,-4.140216170169297438e-02,-4.514133854567270454e-02,-4.541600373022885995e-02,-4.460540071482681224e-02,-4.229973993728172038e-02,-4.114298556539107421e-02,-4.113146508473229657e-02,-4.150921474885293366e-02,-4.601013021953174326e-02
5.112395277372533409e-01,5.144618856313800670e-01,5.040160894218276288e-01,5.006005423830544032e-01,4.957762244906347981e-01,5.031850843929506212e-01,5.055469036797481941e-01,5.066188311267976196e-01,5.057583420885211067e-01,5.111723047896408190e-01,5.163767826241398851e-01,5.122378687089982341e-01,5.104926628610606532e-01,4.997674785487584148e-01,5.074069902194180415e-01,5.100632696330068550e-01,5.080311253229390367e-01,5.101455798334808556e-01,4.973982001533814312e-01,4.893661014772994755e-01,5.018832412318120495e-01,5.110388729515176198e-01,5.138123959137995689e-01,5.086419229491871974e-01,5.099217245254649145e-01,5.129572855050827940e-01,5.107414942735520880e-01,5.147326660090261186e-01,5.192369717817879593e-01,5.130074298769130570e-01,5.084021252262770352e-01,5.085952729583714804e-01,5.076153658433458782e-01,5.109690733179738098e-01,5.069780281874229910e-01,4.960576956987524655e-01,4.972124754264622970e-01,4.928741018554522735e-01,4.951750731502816416e-01,4.931423795114206476e-01,4.935452089012959398e-01,4.961987303136117800e-01,4.883926743190122877e-01,4.845118981541494674e-01,4.894864738922323766e-01,5.013483673699857812e-01,5.067202398026277033e-01,5.034411786738656192e-01,5.008753979611665352e-01,5.009568783447844176e-01,5.015012311809550205e-01,4.913638139323212584e-01,4.979607633052344773e-01,4.923540664262840427e-01,4.880203207711859004e-01,4.874252181610208012e-01,4.866302778336392132e-01,4.885419815010388911e-01,4.807377967555366283e-01,4.857948943376619866e-01,4.920594080481205390e-01,4.942175116921206368e-01,4.932474380112787937e-01,4.949360553051380673e-01,4.994829989778792889e-01,4.970366630836744459e-01,5.114643276570032260e-01,5.145509599111719456e-01,5.182971856792756293e-01,5.137755725691346420e-01,5.029097470705639061e-01,5.089618483647985192e-01,5.008465807831984362e-01,4.921857094653642184e-01,4.906031460156308199e-01,4.934055705181373264e-01,4.979379947446392340e-01,4.987426556186593252e-01,5.014182484631322101e-01,4.993426911464860507e-01,5.004604012918878464e-01,5.080910649475571805e-01,5.073105822846082358e-01,5.153899293874610876e-01,5.041316457162002829e-01,4.863444749451212856e-01,4.799725317623434462e-01,4.712800661179332717e-01,4.753965962778030074e-01,4.708216589073897507e-01,4.703183844188661422e-01,4.633864426892581601e-01,4.734950361638916028e-01,4.834242086556383988e-01,4.778729117171875984e-01,4.773147398487394555e-01,4.715678465053587676e-01,4.756795639725425184e-01,4.868753483091015632e-01,4.787498417857489752e-01,4.729382404486261460e-01,4.740333566528134868e-01,4.743577740923151098e-01,4.607831777744212931e-01,4.654350713510060911e-01,4.668237383578956456e-01,4.646828285772806599e-01,4.732738628290933391e-01,4.681113984529627903e-01,4.637387143990476246e-01,4.817635390161462694e-01,4.833321085556499530e-01,4.801105844068325190e-01,4.812960703745479685e-01,4.690703993464321320e-01,4.619106595954972638e-01,4.652526092889990861e-01,4.617671534420740853e-01,4.716253460371222506e-01,4.626234756381970015e-01,4.636599116751550786e-01,4.566081790557429687e-01,4.534291685500139168e-01,4.552882454980974880e-01,4.565306503074368361e-01,4.440897449096555261e-01,4.489344234686613588e-01,4.483556393855494537e-01,4.539649350729439981e-01,4.557523318120981770e-01,4.566679124389720901e-01,4.465778248495300695e-01,4.327574690865750862e-01,4.357042441968300706e-01,4.344910999521374162e-01,4.389894076026530922e-01,4.431462926386866563e-01,4.431790034600610051e-01,4.431738552264118947e-01,4.432390524317743052e-01,4.425387306445536240e-01,4.469124432483635445e-01,4.537370799128727650e-01,4.546382417881271176e-01,4.656711327474090667e-01,4.748290824561127166e-01,4.788984886647215111e-01,4.784331546102345012e-01,4.878344092338411375e-01,4.821206801253651864e-01,4.738173902559248418e-01,4.709214244624075896e-01,4.721423184415529106e-01,4.744096477354184938e-01,4.721959694247647166e-01,4.821320384196624009e-01,4.714810394673820682e-01,4.725220671474539280e-01,4.767922220335101269e-01,4.765839203466424867e-01,4.767823121279821663e-01,4.886291983623676782e-01,4.883813575845999955e-01,4.885368741654532720e-01,4.831801334082980737e-01,4.874004631676106536e-01,4.821414910173413837e-01,4.774656447577034224e-01,4.786727521608227787e-01,4.725638420573217147e-01,4.790129463579361757e-01,4.880964424980452909e-01,4.841419283019949282e-01,4.794225129314156342e-01,4.855987886706539247e-01,4.885639648620925812e-01,4.931141960814214298e-01,5.008879354969703046e-01,5.044111406527136410e-01,5.101134311799264687e-01,5.124403186667413346e-01,5.073513273124388157e-01,5.063201990934051988e-01,5.131819821780756463e-01,5.114492397870790130e-01,5.042004425962561820e-01,5.049394347508896486e-01,5.017920015837827874e-01,4.965456593268689489e-01,4.981415178392285537e-01,4.919867415487971241e-01,4.927790622055206460e-01,4.936726878592424539e-01,4.902861382930329692e-01,4.876001155472177162e-01,4.927094610258557772e-01,4.972508438189991997e-01,4.886785896923813710e-01,5.007755018162614036e-01
-3.667484801264285325e-03,-9.840426148624934616e-03,-1.064495605870854206e-02,-7.898482550524950352e-03,-8.207743855449117776e-06,-7.370505757664055262e-04,9.603472856594012785e-03,1.771456829901803601e-02,1.758177980447680686e-02,1.748307928386992616e-02,8.761900836987232544e-03,1.788246203113253233e-02,2.711847172123392491e-02,2.928121694196023431e-02,3.799380379607904257e-02,3.719942527316236203e-02,3.895951408317189363e-02,3.580397098869737837e-02,3.590986708952947914e-02,4.751680482812886686e-02,3.890757599832053021e-02,4.100338878528424214e-02,4.357771398073055635e-02,4.525877892736687030e-02,4.761807271243642670e-02,2.995139224689728416e-02,3.281213776770120633e-02,3.593591162070572387e-02,4.279683240865095328e-02,3.981695895856324219e-02,3.913162528230212239e-02,3.947926671653634312e-02,3.473476607535126714e-02,2.922180792198227073e-02,3.855907595398733179e-02,3.942315725391414005e-02,3.003837831726966293e-02,2.161034502110088795e-02,1.043844969413088193e-02,8.657213500667984910e-03,1.352424914540440587e-02,1.459717878766374731e-02,1.240340471290593723e-02,1.076634103119009436e-02,9.044351016738685911e-03,1.439000185647363976e-02,1.644027443625233065e-02,1.427982023133125139e-02,1.985367799659976118e-02,1.553750271954483682e-02,1.585871926036146878e-02,8.503308512169934288e-03,6.927509717700251757e-03,4.681799341049435598e-03,2.604615128800300949e-03,1.123290384907331754e-02,7.483453963814130222e-03,8.773235643867201630e-03,7.571756762551286671e-03,-1.111921640626579132e-02,-1.378626023052858043e-02,-1.214616421603966108e-02,-1.653980003588102765e-02,-2.444924822630856198e-02,-2.751673751757283473e-02,-3.232679690519622145e-02,-2.421452196760684114e-02,-2.473167823526686501e-02,-2.153568128781096699e-02,-3.239537631805583517e-02,-4.168624404469193495e-02,-4.374780295102421307e-02,-5.566607952938666670e-02,-5.156618103451109797e-02,-5.406544374390533786e-02,-5.488644637990374581e-02,-5.253630041800739364e-02,-5.085800035455961821e-02,-5.151663223996175156e-02,-4.780983075068102189e-02,-4.582477445126428850e-02,-4.637671923332097740e-02,-4.265576957452424378e-02,-4.905859383379095051e-02,-5.084580427455197282e-02,-5.562680394517209581e-02,-4.659263027159047527e-02,-5.089676835456524717e-02,-5.890920818851745622e-02,-4.510267449385502170e-02,-5.695586971892144940e-02,-5.235483086140180209e-02,-4.514146061743765093e-02,-3.302581821907774051e-02,-3.988588676080453976e-02,-3.878735068943039987e-02,-3.544053150915520839e-02,-2.927964479287463451e-02,-3.009621668910767572e-02,-1.490619433931067092e-02,-8.128219628886646647e-03,-4.416117734043186263e-03,-6.140095428081286492e-03,-3.990119351748056334e-03,-6.287544696162834790e-03,-5.664211130032449810e-03,-2.434864223938204911e-03,3.487855777199191931e-03,1.126783232351503180e-03,2.014319656931064760e-03,3.133983700014811215e-03,1.830666957743440435e-03,1.146795450774137741e-02,1.713303350199200936e-02,1.962382237478153130e-02,2.480441712480959543e-02,1.156040359184372542e-02,1.949784249946212578e-02,7.924635405133231836e-03,3.102697795906333642e-03,2.457625038605686964e-03,8.936875156782413815e-03,4.914371866678092851e-03,6.602917586853105855e-03,1.012527702525333612e-02,9.137664956404410732e-03,1.626260630049764996e-03,3.242206170859598252e-03,1.685148731710818526e-02,1.487060664920191247e-02,1.953437233674621548e-02,2.312439789929954248e-02,1.573656123360559975e-02,2.063862498220775388e-02,2.144792813561987796e-02,2.323004407841627872e-02,2.992254119713409072e-02,3.234540365062091999e-02,3.411617729552333250e-02,3.478606694606126148e-02,3.901117123547530319e-02,3.953664815931191845e-02,3.605381594932162426e-02,2.852263136555298340e-02,1.347308385852059517e-02,6.786417870902800714e-03,-7.067445346520123683e-04,1.204541131436664969e-02,1.057912958384073059e-02,8.929761695921063433e-03,7.295733384383675489e-03,3.307683637510748682e-03,1.288165557218419813e-02,1.466182567378514039e-02,6.149681946887312206e-03,1.315371396854771342e-03,1.115000930824078598e-02,1.705145076131204390e-02,2.193654516334934620e-02,1.963492869659378207e-02,2.284274092986654861e-02,1.954934334245608460e-02,6.092121953042477223e-03,1.052933355114903449e-02,-6.783248996164531475e-03,-9.113656090332263732e-03,-8.130749669805535304e-03,-7.468676419741243980e-03,-9.831337533940262552e-03,-1.218980238573800015e-02,-9.114815388818088907e-03,-1.095982801988712278e-02,-2.072059848596741194e-02,-1.467490694608278301e-02,-2.322606113944683873e-02,-2.326963303708814296e-02,-2.094161657621125897e-02,-1.705571190350264887e-02,-1.384373686636379552e-02,-7.038924066566532890e-03,-1.450494368069783768e-02,-1.354249060609514707e-02,-1.685858712999356926e-02,-2.680782242440182817e-02,-2.824152397783614293e-02,-2.547206647811093433e-02,-4.271395336860708825e-02,-3.929339746124546617e-02,-4.553105339282344927e-02,-4.629618611997204924e-02,-4.123285515966038095e-02,-4.247555391889865084e-02,-3.339705208795736707e-02,-2.226678588124973712e-02,-1.716726988072324322e-02,-2.034877204077044019e-02,-2.227048762072091764e-02,-2.670268843607363080e-02,-2.692215479649261514e-02
-6.786900768250876334e-03,-1.209168674339013497e-02,-1.061196194021680680e-02,-1.055214174478207555e-02,-5.603271714467836402e-03,-9.067656082724948746e-03,-3.694932723377734179e-03,-3.643437127083429955e-03,-7.195408859389018641e-03,-2.548619113005582554e-03,-5.877602498214397689e-03,-1.634049684633097702e-02,-1.449536362929221105e-02,-1.589331008229998010e-02,-7.671706541620391256e-03,-1.260858452515555353e-02,-1.303287426069460637e-02,-1.644807158340176947e-02,-1.670220492088678177e-02,-6.088627851678872493e-03,-1.908127950601365766e-03,1.229637511104971284e-02,7.030914245017055343e-03,5.302350104690744734e-03,1.343892077661748563e-02,3.594803292534452105e-03,8.256573808022783789e-03,1.005242251416185728e-02,-1.778206949573863174e-03,2.448156317779251641e-03,-1.864834140033543031e-03,5.986447876646693381e-04,4.052307809001769873e-03,8.724146583696025872e-03,7.820768830401178887e-03,2.435020236866530102e-02,1.185014816587981988e-02,1.079461425153356059e-02,3.516766623373219526e-03,9.912413132737085339e-03,1.967784448893973581e-02,2.004425784069047839e-02,2.426368090071161221e-02,2.334745867854093673e-02,3.303149730652963495e-02,3.865562888116400725e-02,3.676757925529449550e-02,3.430551428032160843e-02,2.986406812687476126e-02,3.345470153655263901e-02,3.447549929335317481e-02,3.795032833282140083e-02,4.600712546431669214e-02,4.380755733899865251e-02,4.854911601717003949e-02,6.395244196740271225e-02,6.145893477903886792e-02,6.435508066367570668e-02,7.070050687266780931e-02,6.663151918933482576e-02,6.172272842906949275e-02,7.302696092647245618e-02,6.549669072466461628e-02,6.774113790558458637e-02,7.557225380291487937e-02,7.097550608161963537e-02,6.891087350374067166e-02,7.104620140526576866e-02,6.675817650226983924e-02,8.108564517454910914e-02,8.350198247070535207e-02,9.113441782016505621e-02,9.922496570682524941e-02,1.047295062597944637e-01,1.088332281205440510e-01,1.086773305283039864e-01,1.101528194756459383e-01,1.082659725169896198e-01,9.906354520444510259e-02,9.230433426808162811e-02,1.016623499911028100e-01,1.069299254942239208e-01,1.102700455067990026e-01,1.095151345997064790e-01,1.052788987828216505e-01,1.068257065160689995e-01,1.137653076937506086e-01,1.044758690092316422e-01,1.001760128097246572e-01,9.831628326105118498e-02,9.351304904349190539e-02,9.246058270822618552e-02,9.246285550112987028e-02,8.897326643697998916e-02,8.843687816957017389e-02,8.966564358646191002e-02,8.616928362663181518e-02,8.625918614020539055e-02,8.889341504912892655e-02,9.860231503204461290e-02,1.000070921429894316e-01,9.349057840588154145e-02,8.047730065990117698e-02,7.506769921815803492e-02,7.186023838326367763e-02,6.570514568427980595e-02,6.646581468383440383e-02,5.447401219849855314e-02,5.394622985051452518e-02,6.453759110721840608e-02,6.570636669242781169e-02,6.587148354959966590e-02,6.159905221427045691e-02,5.863613627188515864e-02,5.558255468174504860e-02,5.044768212871151430e-02,5.216654678209566715e-02,4.156802375455411619e-02,3.684315708371645876e-02,3.832486201738606602e-02,3.907323125072551667e-02,3.318673464503511805e-02,4.353412057358628517e-02,4.113351720473723550e-02,3.668814826744596497e-02,4.388311576023250921e-02,4.292899181071317682e-02,3.759446792770726464e-02,4.472166769167126160e-02,4.366759837183776388e-02,5.271593297402925316e-02,6.678668101864905504e-02,5.805116060842590436e-02,6.858369900161179200e-02,6.340776062375992617e-02,5.140257313006177387e-02,5.829977394361014059e-02,4.581521806929437363e-02,4.262550408723690676e-02,4.550213008679598187e-02,4.199110671728340655e-02,4.170153915849161841e-02,3.711674763725109072e-02,4.246160353856161251e-02,3.353241371485839867e-02,3.695044328122122634e-02,3.543109242790822705e-02,4.931415633525416259e-02,5.987038827980224742e-02,6.449539921300526113e-02,5.789164105671654181e-02,5.480029224048176689e-02,6.022539553465058870e-02,5.922702615405787963e-02,5.996580885056813914e-02,5.842363791523015604e-02,4.324437518567229161e-02,3.734651210757795881e-02,4.400458502077606721e-02,5.789848101737121722e-02,5.125185566050211722e-02,4.845966643272775487e-02,4.852715462860046625e-02,4.702610231453836775e-02,5.286894665648314562e-02,6.073739338354394030e-02,6.304260832525045155e-02,5.878855219288582623e-02,5.140087919265879518e-02,4.689521123335672892e-02,3.672207422741281119e-02,4.271884721601279522e-02,5.220488240702872429e-02,5.498131313000460124e-02,5.245094470913350820e-02,4.115885201334404386e-02,3.860842554539184457e-02,3.192337452892991118e-02,4.206445593064639388e-02,4.845843781187128552e-02,4.932168058915013809e-02,5.252084583430551012e-02,5.512499864439007052e-02,5.824106059052230194e-02,5.959800335391449849e-02,6.946950035226212572e-02,6.305515102970010721e-02,5.557642791850853775e-02,5.861011316377293112e-02,5.661849088167505983e-02,5.238629196311773289e-02,4.442227636865735130e-02,4.458800556647200125e-02,4.838815790515708926e-02,4.648022782954470272e-02,3.883862936426109302e-02,4.328253844420073410e-02,4.292645681092173426e-02,4.608289118391840911e-02
-4.439300209742315720e-03,-2.723484170013382253e-03,6.056971671324434814e-03,-4.680106226371662584e-04,4.953957165215338090e-03,8.755311038902416007e-03,-5.826362120159340671e-03,-6.634502604003292281e-03,-7.442127153402685290e-03,7.688792848627403441e-03,9.081491711874018630e-03,4.189350261761647619e-03,1.194650986342002744e-02,1.388957060105534477e-02,1.867081741915796456e-02,1.401626000523556285e-02,8.768001968069906449e-03,-5.241266109907403992e-04,-6.809457215590795746e-03,-7.305701760103240280e-03,-4.336475018996352460e-04,-3.474250548043503499e-04,-7.347919866565915878e-03,-3.979151911107291391e-03,-4.518152143139810006e-05,1.847351802972043138e-03,3.412067209339708293e-03,-7.924199410488941275e-04,-4.878335920291742255e-03,-2.071065577079221620e-03,-2.834138020219096731e-03,9.791056438981740086e-04,9.293454963803692709e-03,9.010252733059623265e-03,1.117926787064484409e-02,1.051444492410526926e-02,6.156573713370363035e-03,-4.115678885246588925e-03,-8.492676724307280170e-03,-8.386713797524293634e-03,-3.524718021523196021e-03,-1.017938313692024963e-02,-8.312347193498770270e-03,-1.518034429836147975e-02,-1.542027639862229328e-02,-1.962633889578139709e-02,-1.348685945579271295e-02,-1.430508100826180344e-02,-1.777143459624099323e-02,-9.486450050420171948e-03,-1.256048343547867124e-02,-1.631817141826842621e-03,6.983595392027331164e-03,1.446820489993462175e-03,-4.410491833725790553e-05,-8.099477632209196127e-04,-5.264281295444037286e-03,-2.407266178244555320e-03,1.229414698636644050e-03,1.214447460264988458e-03,-1.839267251367627566e-04,-5.689524951920224343e-04,2.723055030320616944e-03,1.381526060591440610e-03,-1.581924123415378788e-02,-2.056082822833327217e-02,-1.398424843632974091e-02,-1.344201201752946023e-02,-1.093295282242851343e-02,-3.176323523415459406e-03,-7.451978384853905416e-03,-7.556914249052070279e-03,-6.076187959308088082e-03,-1.399708083804104310e-02,-9.776815713738637101e-03,-1.492124494434778591e-02,-1.340315231510956148e-02,-1.747165821029907778e-02,-1.827199458233916274e-02,-1.488465689400023800e-02,-1.014906578416519337e-02,-1.717969934818720790e-02,-1.379751681418600259e-02,-1.308910870584325918e-02,-2.113894850479337492e-02,-1.186252805627677730e-02,-1.147221259694382149e-02,-1.591627734812595119e-02,-2.195750083430384608e-02,-2.259917889320076784e-02,-2.221586109237939227e-02,-2.222463428557700307e-02,-1.393524289854827271e-02,-1.689710875047506153e-02,-6.193907435243320783e-03,-1.163670011224471681e-02,-6.507139064570749247e-03,-4.521208851478886181e-03,-3.024608409636322503e-03,6.042663635909089476e-03,-3.492601306177199605e-03,-1.256011460432870930e-02,-2.253322995487219010e-03,1.123661158456124194e-02,3.789672142119230452e-03,-1.195439721158719076e-03,1.171916458102075474e-02,9.201980716124685822e-03,1.456043257866640114e-02,8.198268672933474444e-03,7.713448613857952670e-03,8.406594120629910447e-04,2.932677659579069600e-04,5.461084145698261345e-03,7.943188454412183561e-03,1.440027609621493190e-02,1.642226328530110163e-02,1.719163111232304558e-02,7.737687645720772028e-03,1.021772210820152613e-02,4.411452143482744517e-03,1.014852370910531223e-02,2.591193394671945094e-02,2.384816867709104588e-02,3.251368171158011688e-02,3.004029052506633490e-02,3.160350128222105121e-02,2.476670508467798681e-02,2.299494072535221076e-02,1.596684789862946874e-02,1.123343913217348354e-02,1.185278996582979014e-02,2.500103568548269276e-03,2.187461451417692642e-03,1.759359593654583054e-02,2.484656153995664155e-02,3.319773085114392092e-02,4.721038673299431804e-02,5.223798580335883845e-02,4.882929255387172957e-02,4.780031232175927652e-02,5.591707991197777255e-02,5.152092663250724958e-02,5.270613964503485793e-02,6.346455995401628636e-02,7.367354544275625527e-02,8.505926776577903137e-02,8.246629909471156483e-02,7.883794267795694866e-02,6.259804882615149779e-02,6.045343795457958774e-02,6.111904773990982365e-02,5.484070807387636526e-02,5.497260579769256555e-02,4.974923314302962668e-02,4.804657329364139112e-02,4.345224179839913409e-02,4.191340051690139318e-02,3.937353715375942892e-02,4.190196465935259323e-02,4.158456135090108502e-02,4.524068153224140854e-02,4.134476613989219312e-02,4.268004236866146384e-02,4.166946740450438308e-02,5.136860265644366957e-02,4.576415788033417337e-02,5.040626966464730602e-02,5.548390885784651450e-02,6.025205132096950189e-02,6.359348312781436252e-02,6.842621125847678232e-02,5.941673271832061121e-02,6.714243665666848326e-02,5.886025080064568454e-02,5.754589976405005691e-02,6.414856857446242511e-02,6.004360971098470640e-02,6.454730682772323591e-02,6.239009769702337505e-02,7.228881546546600534e-02,5.932950307657764571e-02,6.398504336771622392e-02,7.741885712411972209e-02,7.358127751608914413e-02,8.239914631566086500e-02,7.266255101291066443e-02,6.218120932070243800e-02,5.951785274387854513e-02,5.124641179026026561e-02,5.769013468689822982e-02,5.981751203046461324e-02,6.227790537980262831e-02,6.176116448361099881e-02,7.226934347357182042e-02,7.074640427028790202e-02,6.124380224915343396e-02,5.889558343521099359e-02,5.464245658286272234e-02
1.172684996228466267e-03,-1.084337223564555645e-03,6.503093210485080475e-03,8.562770137047972727e-03,1.276440975059885997e-02,1.019633830950214017e-02,1.420466384166617184e-02,1.700407088186372401e-02,2.496294908068317359e-02,2.492190436444081947e-02,3.116712618161031692e-02,2.440929649663028944e-02,2.847056228362038199e-02,2.886762474367245146e-02,2.698468149128015886e-02,2.873154757212968355e-02,3.075389303798717680e-02,3.264854509864202614e-02,3.155824811153795650e-02,4.008441647935127167e-02,4.344194313402066632e-02,4.697317816931081969e-02,5.198211698706742268e-02,5.349962349603842870e-02,5.191045304599865851e-02,5.552536011864621368e-02,6.620447319583824819e-02,6.417321273265180759e-02,5.516099309650519117e-02,5.570795988913918029e-02,5.695310092786588785e-02,7.212094094216779661e-02,7.148168588558721781e-02,7.306574836553773877e-02,7.864795693846934888e-02,6.974109658932123312e-02,7.025205025354402943e-02,6.721868342258210949e-02,6.754497442678475405e-02,7.266403721351555323e-02,8.392912406871527731e-02,8.376398227689266229e-02,8.846495833093924455e-02,9.295611720955597457e-02,9.422560348320314916e-02,1.036339205661642449e-01,1.093792137719600266e-01,1.108365440526978829e-01,1.005671080865223194e-01,1.107796318698258259e-01,1.099467694191451211e-01,9.897617167123078097e-02,9.993375274806982900e-02,9.581628973535882832e-02,9.421895594909630856e-02,7.900709086723806118e-02,7.787243713168570669e-02,7.637018724532894376e-02,8.976929021723270563e-02,8.869461508758937074e-02,8.762896545992718278e-02,9.300813880449079751e-02,9.336646895511009625e-02,9.693495956436150307e-02,9.662905959902434727e-02,9.966286985470303172e-02,9.788064354944840673e-02,9.380496038190107300e-02,9.301296407504258679e-02,9.254466034282965436e-02,9.257517714541214915e-02,9.149011897725059517e-02,8.375412305342734565e-02,9.142042743839608188e-02,9.448689956899077036e-02,9.778137740911001241e-02,1.027414810332139550e-01,9.679598773614730978e-02,1.009025981519586224e-01,1.010757119126635545e-01,9.927739168482010990e-02,1.074975341074780877e-01,1.073135380362881114e-01,1.157933338974307530e-01,1.333826803729352695e-01,1.398073229399713902e-01,1.481810003329430692e-01,1.477406819333034471e-01,1.473699940426254074e-01,1.366055503745556010e-01,1.254338583027305720e-01,1.200871122446075662e-01,1.232457177609281446e-01,1.238104379366853774e-01,1.349525426129372097e-01,1.303532314328961494e-01,1.265867987360428382e-01,1.383979527493529316e-01,1.293522977210999902e-01,1.291563903997274831e-01,1.226705908752067919e-01,1.188357894976459911e-01,1.243266460023869369e-01,1.258602480998287088e-01,1.366032491211616184e-01,1.293802332999223481e-01,1.139070441011299367e-01,1.204161803704134892e-01,1.272523575375052729e-01,1.248420797339451910e-01,1.286210461872164812e-01,1.294853694869718963e-01,1.204268443030514224e-01,1.239802198427474578e-01,1.224782494272913663e-01,1.210611249666076472e-01,1.150018339946212581e-01,1.081367100513889734e-01,1.147392285079357199e-01,1.157100048175263435e-01,1.203632488178422583e-01,1.221636016079539200e-01,1.246768240812957257e-01,1.260524227883187687e-01,1.277122124689693550e-01,1.392198265929727452e-01,1.477666973749458545e-01,1.490798550111411547e-01,1.514062767375171092e-01,1.490571957879813503e-01,1.489618653828643779e-01,1.400502939286776272e-01,1.324744522946254555e-01,1.300442375814388762e-01,1.352409738952473628e-01,1.441181697809577333e-01,1.424514895210743648e-01,1.417788175454701149e-01,1.371753417691043975e-01,1.484440678636868294e-01,1.465884045791947532e-01,1.538675864414977001e-01,1.497164993623874840e-01,1.451165598122908518e-01,1.409814266625495915e-01,1.473775314676165071e-01,1.480948769445916136e-01,1.433852565112084532e-01,1.426711603116948557e-01,1.410936863921238571e-01,1.467038500638471743e-01,1.454086257288300099e-01,1.512690857952465329e-01,1.428042233084961810e-01,1.462562691255687719e-01,1.474730070934750781e-01,1.615803036962778494e-01,1.647574074051751658e-01,1.729920327038725891e-01,1.797319025228256151e-01,1.718774351132540679e-01,1.723903185028429486e-01,1.660602649470327985e-01,1.672016966581849062e-01,1.643782132485835101e-01,1.628932784948919354e-01,1.564269693141719930e-01,1.493285720819262641e-01,1.474660689719929363e-01,1.546682826521649790e-01,1.551023493427631794e-01,1.539322433628855236e-01,1.586229272663824963e-01,1.621079301592962263e-01,1.659119195898193233e-01,1.668519157166661049e-01,1.667041184913431728e-01,1.628644106785557544e-01,1.647684918614511218e-01,1.625171141064706282e-01,1.677100158746152037e-01,1.705269199914888900e-01,1.706415992313788932e-01,1.535614126495095932e-01,1.493941579586959001e-01,1.545186500025485798e-01,1.553215578684974674e-01,1.421429678203071645e-01,1.436762140569917967e-01,1.470527038159261113e-01,1.538226181675088067e-01,1.478475226122390185e-01,1.561828869620267290e-01,1.600181876959362870e-01,1.700695581873657436e-01,1.721370053021527291e-01,1.823440175133852204e-01,1.778146630671576800e-01,1.884016649523411469e-01
3.964755867379429061e-03,8.933478463792100116e-03,-3.286138673205818428e-04,4.185897918755384760e-04,-6.156868988451788972e-04,1.956342601880324029e-03,6.703106424806795985e-03,2.184711874807807735e-02,2.714705636524049337e-02,3.241080707526956817e-02,2.244776924672067797e-02,2.172299306304692479e-02,2.293273958780379929e-02,1.545526870021926222e-02,8.464669645499876827e-03,1.182515726918978785e-02,2.672313181506373245e-03,-1.984508770124493969e-03,1.317843974729033998e-03,1.807402094450009065e-03,4.167662966780895720e-03,2.467864629987282996e-03,3.747013939210621161e-03,8.157687722786619022e-03,2.119372123078391845e-02,1.411176607483400139e-02,1.899007559198915771e-02,2.036750629976276372e-02,1.740028999691255185e-02,3.488222686554108554e-02,2.853034010187468703e-02,2.565827109022002228e-02,2.176483308619384799e-02,2.958230544328729894e-02,2.754289934780042998e-02,2.675235634285688321e-02,2.835454952752797589e-02,2.014939764148565571e-02,2.113432518177688763e-02,2.144201873876347419e-02,1.246487928002816027e-02,1.405876927654077513e-02,1.756869165006618577e-02,1.800415832422772380e-02,2.928659148989447292e-02,2.200202565566246674e-02,1.680830896507473290e-02,1.253146761155118048e-02,6.825658935473656076e-03,8.077003539867242191e-03,4.767393215117267727e-03,-2.928398755867304970e-03,7.990467425495129811e-03,-2.713118899513436433e-03,4.924199190952893886e-03,1.950710897617759232e-04,4.508803406692591526e-03,-1.134584003865070703e-03,-8.028310895118705159e-03,-8.265852641240092891e-03,-1.318149676396801820e-02,-1.323888083399426749e-03,1.050959671478479858e-02,2.444099377800070666e-02,3.716221285883540559e-02,4.089694948091108367e-02,3.675326270747151375e-02,4.236215072038828494e-02,3.924356779565463249e-02,4.025262182443924142e-02,3.229619784575044755e-02,3.424383922136581965e-02,3.856495479139841059e-02,3.299072299973673794e-02,1.915942981370900161e-02,1.931069189668622663e-02,2.575937978349247121e-02,2.874794535102102519e-02,3.337234454670054418e-02,2.983571710538799118e-02,2.806765613042412968e-02,2.079815726189783442e-02,1.775613994888790986e-02,2.320264139328489725e-02,2.420000275945103502e-02,3.818457674671925373e-02,4.947840531589377949e-02,5.684587575976263185e-02,5.035682052038736867e-02,4.649165779316130620e-02,3.987337734826314206e-02,4.244479405252268162e-02,3.014568213426785728e-02,3.193324676016934954e-02,3.200901114399210684e-02,2.816759593939292122e-02,2.589395260247301378e-02,1.902830233572899710e-02,1.784047325908964116e-02,1.626813954245268090e-02,1.288934798038841173e-02,-7.774391701858684306e-04,4.135234330384073183e-03,-1.813482179375115397e-03,-7.295120496388965946e-03,-7.152952560021907068e-03,-2.706584117979106245e-03,-1.441836614332766414e-02,-8.401120857587192001e-03,-1.430828406921941590e-02,-4.750078645740993255e-04,7.524980394992678012e-03,1.034667683145029313e-02,2.649326348404594696e-03,3.753792393988689483e-03,7.654216969568333750e-03,9.789326715322590328e-03,3.674937645031403806e-03,1.097062258460474241e-02,2.237148719148075032e-02,1.524797849322103577e-02,2.084468990802875246e-02,7.342520743982859643e-03,1.597572323607363010e-02,2.614787453386984567e-03,4.288030072422715361e-03,1.219357999945110647e-02,1.705300760526363979e-02,2.303277676236539784e-02,1.064823704336027334e-02,1.755724836591970178e-02,1.551983501096133693e-02,2.108159974727335378e-02,1.671715218407133705e-02,1.920037410038813105e-02,1.349614172601151796e-02,1.717464763647532158e-02,1.939835484998068960e-02,2.480201515013634450e-02,1.784053039375270433e-02,1.457822767598367097e-02,1.926254829558065457e-02,1.904691362237938973e-02,2.700701850556451802e-02,1.961446130580679972e-02,3.676304728996519777e-02,5.208031309828994870e-02,5.100142327393276942e-02,5.659213232774427949e-02,6.598408379368697618e-02,7.086404216540276302e-02,5.758472433176998334e-02,5.150637620229484015e-02,5.663859320657161495e-02,4.947767298346099352e-02,4.865735115554793017e-02,5.214713433088658673e-02,6.084562508679731974e-02,5.812510231596504373e-02,5.738599692398405061e-02,5.552450745502730822e-02,5.251697650576979404e-02,4.680134044661100889e-02,5.430860758414529643e-02,6.295956574839264852e-02,6.549733299270377174e-02,6.525514799290590973e-02,6.467277218805000949e-02,8.229656069491197989e-02,7.290859482008485437e-02,7.903970606069844751e-02,8.165413135965288172e-02,7.771976879727672538e-02,8.712574461030418715e-02,8.765635327008836075e-02,8.311281407335678606e-02,8.065957203577701906e-02,7.828784199610737404e-02,7.184242210502686521e-02,6.912680466786264022e-02,6.604734325438023357e-02,7.056991807139229023e-02,6.764413441765076973e-02,6.076679648257737876e-02,5.221467819219353240e-02,3.909502012881972688e-02,3.182459526493591068e-02,4.412370028620266754e-02,4.633964825768125545e-02,3.893910732926305490e-02,4.410751062608089107e-02,4.756914212626371652e-02,3.653373335373651803e-02,2.881473497229436118e-02,2.517008943871931054e-02,3.755451630618972941e-02,4.591178852822000445e-02,4.700036135414164401e-02,3.743211290951156678e-02
-2.566331686587070005e-03,-1.121243495022860789e-02,-1.544856237344399003e-02,-2.876960486877362666e-03,7.178956239618995011e-03,1.064989165028667507e-02,8.058847594570969775e-03,1.416678315821259110e-02,8.530567459261275895e-03,1.620486284637407542e-02,2.564690736479138117e-02,3.370302413969290811e-02,3.182557133645280700e-02,2.847917758081738859e-02,2.445607801429283690e-02,2.729698066369940640e-02,2.000223162730033893e-02,2.273460435977680064e-02,2.172285877404565857e-02,1.549626703165070743e-02,1.810200498073177844e-02,2.876177378874121560e-02,3.032710768380737082e-02,2.361432050421852918e-02,1.850807834507319644e-02,6.659540167105139005e-03,9.614233822991475123e-03,1.014580058032506400e-02,1.107929536613864833e-02,7.842385998238525155e-03,1.182680858747438973e-02,8.029063022059624438e-03,1.006229175707563234e-02,4.537551674862836532e-04,9.428007632589094356e-03,4.510395677213307510e-03,-2.716903560364284168e-03,-1.575279988977752081e-03,-8.618803596516120755e-03,2.181885683983956006e-03,1.045197913819652553e-02,7.563164550321887711e-03,-5.477536947782659510e-04,5.431754093490307085e-04,3.398777939105068410e-03,5.543234383297141604e-03,4.888157726347297158e-03,8.215223157957885283e-03,1.209544256103209370e-02,1.288085675013025781e-02,1.876251694427356204e-02,2.358570025354034955e-02,3.015773296925378100e-02,3.725116895897544189e-02,3.707540845608753299e-02,4.196429105105817237e-02,3.547196648165430038e-02,3.204808376494083788e-02,3.236398557255524416e-02,3.518570273900334389e-02,3.499857020901400717e-02,3.505879698285702811e-02,4.776628624737165596e-02,4.125074854325525703e-02,3.955354237220535391e-02,4.077583910052299393e-02,3.879591653177307670e-02,3.563639164270043791e-02,2.730022169663643208e-02,2.126532826564655337e-02,1.361117921824868925e-02,1.694666371608292629e-02,1.820264376862253120e-02,1.769486070660147153e-02,2.321280806871319977e-02,3.633499553049306802e-02,4.830398969116247304e-02,5.767946146572548727e-02,5.405569875268047969e-02,4.549828429520352824e-02,4.259076900244405939e-02,3.271367798786330161e-02,3.771148118012508654e-02,3.914461928527235290e-02,3.874554479744683755e-02,5.387068861084756688e-02,5.856816473112315402e-02,5.593040418146039139e-02,4.579469755825639476e-02,4.435222664513192165e-02,4.798312111693427140e-02,3.746288283460624119e-02,5.072234979004160149e-02,5.160980949064705031e-02,4.633346748262790610e-02,5.310793580345966880e-02,4.635036876804374956e-02,4.418583015498624839e-02,3.756706817169065682e-02,3.345328301848911334e-02,3.060357092235337778e-02,3.747502437372217388e-02,3.999658879082224061e-02,5.541865318819108599e-02,4.909232370263579004e-02,5.229741911559915996e-02,5.356140358356029779e-02,5.677908580120245158e-02,5.457306083472573260e-02,4.555395269927217661e-02,4.989661970233237598e-02,4.136760091777725440e-02,3.432496872180744452e-02,4.358525245599698811e-02,3.967559375467626798e-02,4.506855463330205341e-02,4.997807822971449265e-02,4.924569501745781203e-02,5.058339746111973484e-02,5.111210708822023358e-02,6.005741570761272130e-02,6.202221242040589083e-02,6.007274718866031926e-02,6.664955108987218046e-02,7.085187542040860542e-02,6.298861550125570141e-02,6.890674859524922868e-02,7.425541005557813323e-02,7.708232275972826120e-02,8.339989387337178040e-02,7.790126321175264157e-02,8.750500239948259817e-02,9.221251199392895004e-02,9.417863909099412345e-02,9.596504297353866675e-02,8.299177588333622735e-02,8.472823129256697172e-02,8.991883712070133927e-02,8.506321583112295970e-02,7.926731052330446281e-02,8.472821195235821778e-02,8.865325668094944933e-02,8.554340030363263847e-02,8.388684461550735549e-02,8.082956023731863171e-02,7.976453330666498365e-02,8.575154572997333025e-02,7.834189291090253027e-02,7.516568516898342045e-02,7.698189966595959943e-02,6.497400746247526671e-02,6.400122953302536666e-02,5.947161450810063699e-02,4.856955251736185669e-02,4.928875299804571369e-02,5.799577792804937182e-02,6.596998455291946950e-02,7.068792262454837161e-02,6.185974429724064999e-02,6.247711034032281396e-02,6.352934203341112362e-02,5.346375449831895776e-02,4.680287231162968964e-02,5.777548237367872985e-02,5.367870111028138352e-02,4.330622615595064451e-02,3.812357315450427830e-02,3.744541791786937246e-02,4.603464576454244228e-02,4.950459720699445371e-02,5.092330132273757692e-02,5.586057613881199174e-02,5.014951669204911755e-02,4.341258538089952379e-02,4.581744184940138992e-02,4.363117077415389067e-02,3.614577101698306094e-02,2.991669276042809369e-02,3.076032459048913537e-02,3.242508021249473210e-02,4.229715979082436517e-02,3.385299396931862326e-02,2.826606255205344614e-02,1.754821908880580678e-02,2.625576367275953352e-02,2.792061706114917080e-02,1.552984253917513019e-02,1.246764199924061192e-02,6.757822543903690450e-03,1.265678144943732653e-02,-3.370983018989043983e-03,-5.442468634693437349e-03,2.971429788662703977e-04,-4.771568737349474133e-04,-7.369408045846904433e-03,-8.983100752149999341e-03,-9.256153131891467836e-03,-6.311341687230737421e-03,2.121018634611967699e-03
-2.009310550001169003e-03,-3.735227244647262770e-03,8.743621807325529377e-03,6.199565811496922374e-03,9.193698142781245308e-03,1.633549360511587362e-02,3.065473318183237206e-02,2.635060024340551976e-02,1.820563127670338233e-02,1.868064640568612225e-02,1.553607109286709968e-02,1.027145165016479615e-02,7.350705163728646872e-03,1.248749562571412758e-02,1.142850183640583585e-02,1.977628990761360478e-03,1.677353456185891323e-02,1.333099258270197505e-02,1.110712622213600592e-02,8.283406939309087211e-03,5.524573618527762499e-03,2.055546995703430406e-03,-3.854773932358453170e-03,-1.198750774733354542e-02,-5.585267959548301589e-03,2.763696428606321823e-03,1.935382551720328092e-03,1.352056079713310306e-03,8.884695339631583019e-03,4.893399190373671354e-03,1.507155683972277033e-02,1.255449843402737901e-02,1.571888647437930456e-02,1.460697190479300772e-02,1.831251226933683710e-02,2.268455309356645633e-02,1.887165424958320986e-02,2.442378453384852488e-02,2.836937338645251563e-02,3.513114141809060842e-02,3.882838841643546091e-02,4.522542794751123474e-02,4.755199949960892819e-02,5.328972026344402924e-02,5.971503333842516359e-02,6.227576687270337114e-02,6.453771646821226948e-02,7.405072886640094720e-02,7.609489003391373130e-02,6.571467659858781785e-02,5.145498189224803620e-02,3.610422167725821363e-02,4.232708992363761608e-02,4.777930188829306035e-02,4.376095481590052544e-02,5.566178265306753747e-02,5.503855483968426304e-02,5.374066530643201861e-02,4.859661267602086165e-02,4.619031350532150360e-02,5.075823068758369278e-02,5.130939012886919642e-02,5.292436739847405924e-02,4.699762589878051650e-02,5.063746271810177363e-02,4.754552581896379776e-02,3.818786455791142731e-02,3.224225069450146336e-02,4.125861547427931569e-02,4.162523286687190571e-02,5.067413420881800024e-02,4.699061164978066835e-02,4.623222848064457990e-02,4.280915462952519096e-02,5.466514467141256328e-02,5.238876207674546953e-02,5.542002686904037162e-02,6.569710639703342514e-02,7.126919879560557336e-02,6.585319581437849845e-02,5.563625399475694011e-02,5.737281676921045931e-02,6.002056153748833167e-02,5.729409041783144196e-02,5.368703468751056390e-02,6.162239305253130323e-02,5.461629530090061219e-02,5.035538913035514375e-02,3.877812921644416960e-02,3.212634722884367966e-02,3.055492285588384815e-02,4.260013367037029930e-02,4.521098159073908690e-02,4.785459884560331473e-02,5.275956029178939521e-02,5.491103080289926747e-02,5.679168341129525038e-02,5.238228376206224141e-02,4.260602625087919065e-02,3.951591938833778905e-02,4.252445305978583279e-02,4.359625734697229749e-02,4.511299306701977568e-02,4.566789976368196280e-02,4.565846522847802347e-02,5.199499395828149906e-02,4.563735057592754885e-02,4.480181976341809924e-02,4.484629170316834640e-02,4.849755301149123732e-02,4.303384473974043029e-02,5.555956703391574936e-02,5.699914884899392326e-02,5.640412388405703636e-02,6.082974838600471029e-02,6.572754145841332163e-02,6.639766641169726757e-02,6.826134097079659957e-02,7.071669089915086359e-02,6.827242065675526161e-02,7.182956355869500598e-02,7.024700967970515242e-02,6.603272540572477367e-02,6.596745318340399566e-02,6.190850239974851621e-02,5.502999751443959225e-02,4.607545151838550457e-02,4.366657582924596964e-02,4.097772012602821090e-02,4.390038058501571916e-02,5.044869306518469376e-02,5.179931533205636013e-02,6.089383305226256371e-02,6.589027498328112187e-02,6.103734510813837999e-02,5.506534949922864408e-02,4.868585517484320252e-02,4.169468514869028447e-02,5.261544477342175452e-02,4.308430025701947413e-02,5.560813391249695009e-02,6.360302686967185537e-02,5.986637626279144031e-02,6.398632831303266433e-02,6.664386687326201431e-02,6.810673984803271297e-02,5.645978463534014752e-02,6.943051321748708316e-02,7.499174477075436218e-02,7.600133323724436729e-02,6.910115932472842004e-02,7.304598336786723156e-02,8.909034410214938804e-02,1.033788240236837158e-01,1.070751541264722134e-01,1.172537609591593893e-01,1.204214033936288342e-01,1.221222614979862175e-01,1.190985912184173157e-01,1.222420517428957215e-01,1.188515743939402847e-01,1.172155179867663405e-01,1.122466926145946203e-01,1.112858976983797793e-01,1.152657280066127776e-01,1.054723790901465619e-01,1.070346465798255736e-01,1.055909933455013994e-01,9.173201264250110953e-02,9.873756529343988286e-02,8.364655667798752414e-02,7.733617947663505576e-02,8.468355194650636908e-02,8.231686249274525191e-02,7.924009817778104869e-02,7.230589776921811374e-02,7.238596552495790704e-02,7.286266020302946400e-02,6.419576076314841007e-02,5.794700081714636991e-02,6.184416912823920143e-02,6.470263187164106145e-02,5.971112244980379680e-02,6.116100956227596419e-02,6.216756713792027933e-02,6.826269015155306263e-02,6.771669755920005362e-02,6.339514845555486999e-02,7.298331694676178649e-02,7.656349514811790213e-02,8.380764916629138139e-02,7.693106275607916600e-02,7.980045520681335047e-02,8.291584541514639140e-02,8.663591413589957768e-02,8.754502571735013616e-02,8.566026127856470052e-02,8.510726177230164280e-02,9.473255368077038163e-02
-2.920344904927790752e-03,-2.152118808793708829e-03,1.336514314895846395e-03,6.645009028095954715e-04,-1.103775285337763035e-02,-7.093580084029456508e-03,1.103246785624654308e-02,8.653298747237643529e-03,1.324258462519478305e-02,1.216900708559905640e-02,4.729312746250818357e-03,-3.647281884120498648e-03,3.312126794878325793e-03,-8.224406752974687887e-04,-2.261118179746010072e-04,3.916648354796083142e-03,9.152515066270343336e-04,6.201244125148697682e-03,-9.040792115047550231e-04,-5.911307542316563378e-03,-1.573181218740037773e-02,-1.482246860723427859e-02,-1.002355007196121736e-02,-1.103605682251528400e-03,-1.398032911441380709e-03,-2.688993169549364765e-03,-7.159392879904197780e-04,-4.966960901410962664e-03,3.747691657783679131e-03,5.419089486910822623e-03,9.449764718133166902e-03,2.483956685066740153e-03,4.196096148688130238e-03,5.916506246877530767e-03,2.355824221669008522e-03,7.469384034005386100e-05,-7.913368311957649434e-03,-4.620853667135797413e-03,-1.118227161511037640e-02,-2.419033850359981336e-02,-2.312242715745705529e-02,-3.367714087340804852e-02,-3.552031734396494944e-02,-3.404415685432549132e-02,-3.316227830398500720e-02,-3.879710149818046960e-02,-4.048117070870053957e-02,-4.084123169033963135e-02,-4.644934857267477707e-02,-4.416929842532638095e-02,-4.406380228490307943e-02,-3.834376279043814201e-02,-2.986412378204917825e-02,-4.128415232669030432e-02,-4.344295476274899481e-02,-4.647190699318013568e-02,-4.455537552273432234e-02,-4.091564253903669929e-02,-3.879615459155853069e-02,-4.036521820209490463e-02,-3.704693706951385501e-02,-3.370467465724713563e-02,-4.089711944539817928e-02,-3.889871103728546886e-02,-2.291753918986343466e-02,-1.260605130807390326e-02,-2.008397755299975301e-02,-1.518195287061728863e-02,-1.938978931380395260e-02,-3.032049412921235948e-02,-2.968811715192809855e-02,-2.722365758112975723e-02,-2.065917523568069902e-02,-3.088701538637318722e-02,-2.530321873779375896e-02,-2.288587828803665541e-02,-2.905907618735746600e-02,-3.366021831404832076e-02,-3.055097078972161817e-02,-3.247476775296689183e-02,-3.321306062218388339e-02,-4.007684228133420040e-02,-3.596920807636333484e-02,-4.178369821829013703e-02,-4.717142634205934160e-02,-5.785462556371283316e-02,-6.005629140527950910e-02,-4.538929238141516803e-02,-4.952856462951320260e-02,-5.239157654632339151e-02,-4.627415906530243928e-02,-4.680077478061406976e-02,-4.495966194787739956e-02,-3.597165432497259618e-02,-3.560384304204851358e-02,-4.401418807177014114e-02,-4.086001050933471546e-02,-3.425681710062704333e-02,-2.960280533473315726e-02,-2.019983001771046005e-02,-1.945228219335762287e-02,-1.751266234675473085e-02,-1.379583567576903383e-02,-7.105451353749955151e-03,-1.571226815106478367e-02,-1.000500512384265572e-02,-1.175036279993751410e-02,-5.978995354564439410e-03,-9.356943926623105881e-04,-1.815132663659803228e-03,7.546905079770184401e-04,1.477343090199418479e-02,1.837811880066666029e-02,1.068033348252965878e-02,1.673056984100656022e-03,1.298523318011400411e-02,1.596777404055680152e-02,1.780199774739311611e-02,1.592014910032324773e-02,2.452747131467605812e-02,3.034756999042815401e-02,4.116505522847251075e-02,4.795001344409697414e-02,3.854277660776704584e-02,3.926821591019101498e-02,3.679273542339644987e-02,4.559779252621437573e-02,5.258184805069302664e-02,6.197024075013961297e-02,6.234557577562699349e-02,6.926094978877428421e-02,6.827247593065659259e-02,6.509289963071797358e-02,6.931481885881601857e-02,6.478017353640469489e-02,7.878006633775351542e-02,7.880113747775102651e-02,6.849009183293590375e-02,6.831575058143740664e-02,6.616708972774988651e-02,7.465075072411550550e-02,6.217189736477042594e-02,5.602372405997730481e-02,5.560350938538215215e-02,5.822130968429100467e-02,6.285152396767772209e-02,7.344611682096700844e-02,8.400386793916436723e-02,7.999444221969018165e-02,8.467330359072661183e-02,8.830091466266268285e-02,9.135977911430806508e-02,9.847136479626156236e-02,1.102636468769950112e-01,1.022677459885971279e-01,9.660196486013737649e-02,9.646929881588162115e-02,9.241529201927344006e-02,9.532663181425983512e-02,1.013453428954612517e-01,8.972722738133702414e-02,8.050877342040885232e-02,7.884238784963130964e-02,7.314298857942848342e-02,7.617595867104673402e-02,7.151663422493410860e-02,7.240919346795302025e-02,7.594071643223451740e-02,8.868978717686067104e-02,9.951857898821357684e-02,1.017494722505154214e-01,1.047182074981043848e-01,1.028636943668543025e-01,9.230227378772339064e-02,9.721013756986753018e-02,1.055929735984721812e-01,1.082198230607173545e-01,1.038855160568002006e-01,1.009509798444363921e-01,1.041736421249664646e-01,1.058576860740074732e-01,1.056762015674420768e-01,9.611721112483252727e-02,9.374911203661046022e-02,1.025878393278861211e-01,9.676918342888740643e-02,9.892626527604146680e-02,9.981603883505493768e-02,9.540574917057975668e-02,8.559000285786023954e-02,8.366229296584322406e-02,8.418345760907224029e-02,7.918050991536280947e-02,7.698796967774119981e-02,7.771331880317139396e-02,7.128072084966781408e-02,7.033818118609079517e-02,6.469371695774046860e-02,5.562594168853242371e-02
1.451471801756344486e-02,1.337737361224425672e-02,1.004555951938954604e-02,1.083315446269610474e-02,1.324720257777291244e-02,1.702627916049679474e-02,1.242883247475701051e-02,1.392045864726507154e-02,1.445403631722531890e-02,1.543943029116569103e-02,9.501511595216997896e-03,9.553652058425579630e-03,1.304358093349190784e-02,1.438618398212530153e-02,2.381889352111474581e-02,1.588182015301020655e-02,2.467921304227807186e-02,3.739713252704009866e-02,4.509202768839588177e-02,3.968114942468314171e-02,3.353483457938261081e-02,3.920465562357465517e-02,3.550993377017077485e-02,2.987671923839816182e-02,3.354976757033128337e-02,3.845819467699776451e-02,4.662058432227018934e-02,5.043862146742128516e-02,5.234376326025774739e-02,5.615000642594618341e-02,6.327990165669521161e-02,5.654289476983188206e-02,5.964320828357886489e-02,5.999169845205119117e-02,5.631695997214258842e-02,5.589252549560634609e-02,3.966721471754725004e-02,3.857160748231446001e-02,4.011766127812322474e-02,2.673046658801162684e-02,3.623762794239933360e-02,2.451441570507362222e-02,3.455076908986537410e-02,2.181695642841487148e-02,2.741742260771431322e-02,2.938693662899631923e-02,3.315190545636268610e-02,3.647582907421490633e-02,3.463504056218735805e-02,3.776477830632039151e-02,4.061705069568699589e-02,4.537886189429528316e-02,4.571431478932184989e-02,4.499643180154819233e-02,5.058888009474955122e-02,5.769397890980015875e-02,5.214346037432649600e-02,4.942038807980289605e-02,5.204885409909620203e-02,6.219061031814077101e-02,6.729040573523485669e-02,6.999489245426079864e-02,5.878774668413611071e-02,6.201491876170689421e-02,6.113326834122889686e-02,5.410265404562972225e-02,4.800802204014342767e-02,4.267154788045681574e-02,4.966540364421953568e-02,5.064031210418817874e-02,5.203311053745508785e-02,5.135047813218361623e-02,5.442504361783890438e-02,3.716160071269775100e-02,4.555742731895066899e-02,4.063310164630049709e-02,4.316890365752152486e-02,5.012886281084302786e-02,3.827497302707955074e-02,3.824140288793605180e-02,4.177420032400702699e-02,5.184960366574534185e-02,5.661425634005494423e-02,6.415697830473510166e-02,6.567651580826534830e-02,6.984161030075246301e-02,7.132409106094776685e-02,7.689481330897907085e-02,9.620871390310758997e-02,1.140199414320439003e-01,1.119060638398651913e-01,9.845841239223952768e-02,9.419512904445567769e-02,8.980820747266593518e-02,1.007691241181540021e-01,1.033989706582972290e-01,1.034303931801673765e-01,9.791638479711670118e-02,9.347136549535972616e-02,9.015374260324757194e-02,9.012802329667252144e-02,8.793643866822349608e-02,8.499737156702742713e-02,7.526538364130057335e-02,8.092834507677476585e-02,8.889798112904907790e-02,8.985847532829516204e-02,9.495930184936821061e-02,9.330775877424291043e-02,8.972326115277812209e-02,8.341950420723863446e-02,8.747695876115199609e-02,8.500999973525354136e-02,7.906312822810265817e-02,9.140209369672409878e-02,9.659323645719079809e-02,9.406170458564332149e-02,1.020484591523349721e-01,1.063369359821526999e-01,1.091148833124193085e-01,1.101187347340572414e-01,1.095164781727951814e-01,1.086465986532607064e-01,1.105532524558884705e-01,1.147934050985949112e-01,1.190135574302075977e-01,1.244303854664067788e-01,1.330362931670163729e-01,1.480969457675496148e-01,1.441675459147878091e-01,1.253476578971755573e-01,1.214747330249952573e-01,1.225444689926797892e-01,1.185536443621557495e-01,1.096401344203620093e-01,1.054574700731234077e-01,1.160092245127938848e-01,1.100156769739895068e-01,1.318538500126854585e-01,1.322457414420786515e-01,1.481606892779040729e-01,1.574042993515120115e-01,1.533312166749532801e-01,1.559835118392136066e-01,1.518733634471084726e-01,1.537705429854895334e-01,1.583169453846739183e-01,1.386989733667640390e-01,1.363512346523405305e-01,1.297761187418991768e-01,1.195646811634551443e-01,1.168428347088519559e-01,1.275095342418944011e-01,1.227147343683459152e-01,1.139923457301121462e-01,1.163194774792566666e-01,1.174245258864086705e-01,1.186360607719336158e-01,1.243841634222428993e-01,1.266472846521434215e-01,1.217101166527867623e-01,1.302133738204985236e-01,1.267024935914803363e-01,1.313256618754784499e-01,1.326321808361169696e-01,1.302831045748488736e-01,1.403204819212535426e-01,1.380627869496538485e-01,1.356319677570273496e-01,1.419876304207970397e-01,1.471052646968825095e-01,1.416760178102806911e-01,1.377166055235567732e-01,1.371346101605296630e-01,1.446096182662161556e-01,1.479535531221853883e-01,1.421397473673612633e-01,1.434793630303176359e-01,1.437997220396286246e-01,1.483643203677599554e-01,1.545751752185389460e-01,1.503716026064947642e-01,1.530472609266900486e-01,1.518392365836289670e-01,1.532437957889891400e-01,1.511183288156307813e-01,1.540147423788640058e-01,1.640406842469097626e-01,1.569799790989342692e-01,1.526631768339296036e-01,1.604760745567795632e-01,1.684624381527634607e-01,1.665263188577612019e-01,1.667145501757765491e-01,1.638095543233750173e-01,1.692641747448629386e-01,1.774744756218745445e-01,1.700201567603098485e-01,1.704459005167832941e-01
1.034915912292366184e-03,1.083146300248096026e-03,-8.081978438714155361e-03,9.611129102744218888e-04,-7.247967921032204622e-03,-4.881075545392690555e-03,-9.054764436309210851e-03,-1.453621275571288264e-02,-8.257443248843972933e-03,-2.088357830108308888e-02,-2.601631315969121089e-02,-7.529877467292250826e-03,-6.215182765420754207e-03,-1.216042560625437557e-02,-1.913991920020495854e-02,-1.999833080410960695e-02,-1.461283998178206957e-02,-1.180205261973199006e-02,-1.335066279435121080e-02,-7.805441633599340297e-03,-2.572044771146115606e-03,5.408579515043911330e-03,-3.203414472533188707e-03,5.196331809937860917e-03,1.682888179974063869e-02,2.458148668771160603e-02,1.564201979024777353e-02,1.097335135741084669e-02,1.205645001574715512e-02,6.066478095675073914e-03,1.358784007711804492e-02,4.812676030789124829e-03,5.254380027375111194e-03,-5.840332799522847396e-05,8.508609560868367035e-04,-2.475215645878750016e-03,2.258257834620488666e-03,4.732245418944030016e-03,3.616959403281741654e-03,2.189474833631434997e-04,8.095588284186739161e-03,1.348066036740623239e-02,9.210402127042598142e-03,7.365699137880200170e-03,1.017065681008347267e-02,7.383344068083589132e-03,1.522007543996997496e-02,7.791605934722096657e-03,1.531431287927086625e-02,-1.567899063756242675e-03,5.972033015283724662e-03,5.132777847708228959e-03,6.052868095493954201e-03,5.979433180949915785e-03,6.637406607557063028e-03,6.344204887169032671e-03,-8.887733972764702214e-04,5.203547302562725949e-03,4.832076827903846426e-03,1.053443219930162884e-03,1.620490031596156719e-03,-6.000067644877905837e-03,-8.626239455477413554e-03,-7.624701422334465364e-03,-8.292792773852510069e-03,-9.729489272657940516e-03,-1.662584696764738551e-02,-1.240860329008217598e-02,-1.405999375674240638e-02,-1.973478411361913321e-02,-1.688329337083249379e-02,-1.661591818044866678e-02,-1.490259298792372816e-02,-6.053464038351169182e-03,-9.722287051887702064e-03,-1.534676225401255395e-03,7.709729767282741050e-03,6.251939690028141157e-03,6.424166225157739926e-03,8.436365181518599987e-03,1.571720841875767424e-02,3.975462833549924316e-03,5.076538249842016230e-03,7.792799588649523650e-03,1.305202833278720082e-02,1.058042345174427593e-02,1.356521943833488564e-02,2.242231726821881932e-02,2.322130989503937148e-02,2.673190599793788536e-02,2.341207765454183035e-02,2.255861144183395409e-02,1.821956553057149999e-02,2.779480365564421240e-02,2.764916290666179569e-02,3.780454600535610582e-02,3.082988508216151155e-02,4.115809887392198052e-02,4.493650072019615693e-02,5.112699300107168693e-02,5.464560815452832593e-02,5.261844094895234969e-02,5.989444672014291454e-02,5.843770942817697045e-02,5.466988068847966620e-02,5.994560491748621156e-02,5.568384701300721495e-02,4.768958257070363138e-02,4.015126693733088448e-02,4.112933260410751857e-02,3.219280645516951755e-02,3.480667542608494730e-02,3.229141451516909928e-02,3.056310652654146975e-02,2.878254823032574614e-02,2.236730625115598489e-02,2.288559046217047283e-02,2.874663377504006051e-02,4.137018585644301749e-02,4.695223564205697198e-02,4.303882118516690058e-02,5.602829067209666447e-02,6.133455368775184158e-02,5.491355779074173077e-02,4.417567030918496951e-02,3.555364424747725627e-02,4.045716815591622606e-02,3.700995909046524146e-02,5.414176173427263233e-02,6.096180497875527959e-02,6.407989390471099944e-02,6.338739857306710523e-02,7.498489854363130092e-02,7.861156857928255914e-02,9.156148282773729496e-02,1.016696231517154464e-01,9.633072627521477305e-02,9.794133967492228698e-02,1.039134167243940809e-01,1.040483098980442694e-01,9.782499979754040453e-02,9.913502608964214202e-02,1.118976308184818774e-01,1.162108352027775710e-01,1.012712677217330465e-01,9.781934243125015027e-02,8.767272646774521005e-02,9.571274807143922980e-02,1.033896804201918096e-01,9.666170007620232540e-02,8.600943104400513017e-02,9.548458279366150991e-02,9.249972559162021601e-02,9.593680142406020572e-02,1.007302295556437993e-01,1.010322696769187928e-01,1.037875217710066966e-01,9.919447550819716908e-02,9.286082516768776052e-02,9.507946842685137401e-02,1.011916441785113280e-01,1.127448410552028268e-01,1.183446885508983998e-01,1.136941228679072824e-01,1.101948155216544711e-01,1.087029002789025589e-01,1.146150455949189600e-01,1.179661157615330969e-01,1.347814044916890996e-01,1.427303326259373450e-01,1.464842085900265600e-01,1.434507498343338405e-01,1.338191344218002399e-01,1.278838204732373474e-01,1.259262587418607249e-01,1.231689414830103579e-01,1.344723370212017044e-01,1.369204396320050920e-01,1.290465973679196798e-01,1.272921281476579181e-01,1.251992608648513083e-01,1.081613562117964833e-01,1.013670358425126372e-01,1.027320133747067349e-01,9.266844534943280420e-02,9.267801402425369928e-02,8.913074658839298392e-02,8.707292575695999015e-02,9.309296519263940417e-02,8.892108034321322130e-02,8.581124864700157007e-02,7.418808582153103848e-02,7.807289028644433249e-02,7.253946267711332274e-02,7.253869091524829671e-02,8.338630905369169566e-02,8.118243452667348037e-02,7.653307819850904692e-02,7.184902417804067687e-02
4.988968346022452649e-01,4.973202657040514674e-01,4.902505391923347999e-01,4.927297320492265431e-01,4.890049154460570646e-01,4.955903211154804588e-01,5.038147674256922004e-01,5.058564365143759511e-01,5.107456972861655897e-01,5.056822551709303504e-01,5.196692051646971677e-01,5.199533094800571353e-01,5.248249776891946716e-01,5.295067640340728188e-01,5.356421017764722015e-01,5.404621081289336937e-01,5.421500860870290817e-01,5.314512425811867002e-01,5.321802358105321984e-01,5.324919521303005387e-01,5.219482058665170232e-01,5.255234425602726134e-01,5.219562071713463869e-01,5.229770700773618275e-01,5.167199515519328434e-01,5.117696132898628125e-01,5.202925281725566675e-01,5.153020387396676227e-01,5.096070749449334025e-01,5.084223928304134610e-01,5.009718893188552791e-01,4.959099597548258798e-01,4.955155931600725427e-01,4.964379715322500553e-01,5.022302313701475507e-01,5.069620316568571594e-01,5.122347376411795494e-01,5.191133767778959296e-01,5.133551927047087515e-01,5.157290237304392733e-01,5.172444206373861819e-01,5.192330418768644762e-01,5.180540045987644948e-01,5.055181755036027846e-01,5.135048955911233337e-01,5.120081660558151171e-01,5.203831000531112805e-01,5.196214333375768213e-01,5.197256337961047024e-01,5.127108721306352646e-01,5.122960452296633216e-01,5.080494850813400687e-01,5.185566054527662727e-01,5.107170889931973434e-01,5.219058659465267702e-01,5.184866530059680789e-01,5.208640030906883656e-01,5.329665469337920847e-01,5.389683964572579145e-01,5.391581396103478641e-01,5.403545289609464897e-01,5.453386886826092628e-01,5.423021798223244261e-01,5.339375027830879361e-01,5.208897441840253384e-01,5.235229187949832497e-01,5.154010740464350926e-01,5.171837549151259150e-01,5.158830802202689636e-01,5.136919986285133355e-01,5.150541702730699889e-01,4.980470920029184123e-01,5.037117346820014774e-01,5.035453894185693002e-01,5.041820809569531603e-01,5.061801221778977622e-01,5.110073645590458291e-01,5.126598888447124747e-01,5.175386216002106909e-01,5.146492805643158031e-01,5.237970405529114304e-01,5.225015499535361485e-01,5.181341737085851662e-01,5.219147707786031543e-01,5.216961408340400341e-01,5.152402668866089552e-01,5.115588916257579610e-01,4.989885345822567819e-01,4.984568939300844104e-01,4.962713272917469443e-01,4.991732959246825696e-01,5.046554937322155210e-01,5.022094398029205431e-01,5.020226156504188353e-01,4.907751915301939993e-01,4.969783199544164365e-01,4.997243516908447813e-01,4.970794175851314112e-01,4.983372222599712353e-01,5.019777851640687683e-01,5.005149256117995549e-01,4.956698317662937003e-01,4.812015268198199802e-01,4.799418715026667059e-01,4.819117449312304013e-01,4.751762835749995806e-01,4.691987186523948195e-01,4.634818386288807601e-01,4.614690109757740855e-01,4.564998881912359918e-01,4.476213270747627093e-01,4.386462555255630780e-01,4.473296662997467976e-01,4.499095966466966634e-01,4.552225684109079129e-01,4.610449552033908382e-01,4.664919573410462594e-01,4.530185562420531720e-01,4.584456833600323855e-01,4.544496730051192923e-01,4.595038235367310264e-01,4.579148719938917478e-01,4.528507040147770057e-01,4.636780430910724116e-01,4.583020733602302665e-01,4.635905743610909124e-01,4.556057887574969656e-01,4.570003961980541041e-01,4.640907081502887443e-01,4.608275610170928793e-01,4.618480585755095902e-01,4.594245393237047503e-01,4.748995775592475543e-01,4.773464182377086251e-01,4.705580090669327920e-01,4.812437721675000835e-01,4.765661239520310732e-01,4.736614675583220024e-01,4.750096205280803785e-01,4.820560554629088612e-01,4.830500158761092955e-01,4.772702755764825500e-01,4.830090825454116943e-01,4.852392250273557250e-01,4.857248270075796293e-01,4.980650003810325188e-01,5.058644464108352778e-01,4.993412732401047438e-01,4.969008953166486608e-01,4.924850230795732586e-01,4.998966500757817122e-01,4.996201500397505768e-01,4.936142769579662803e-01,4.971015383553043510e-01,5.047540717200501570e-01,4.890377289762416479e-01,4.931277581606887672e-01,4.973701437524487012e-01,4.964957150052508039e-01,5.063880650700678387e-01,5.055485598344096054e-01,5.079301013545536314e-01,5.089171091820676729e-01,5.102456095711855877e-01,5.053257703670194223e-01,5.189347164602488016e-01,5.159654915364847438e-01,5.183423357759774364e-01,5.220501125562034828e-01,5.223479878692832701e-01,5.227743332150317501e-01,5.227703889575374685e-01,5.264526807494674943e-01,5.248097090541754550e-01,5.260129182134756221e-01,5.350389586653885310e-01,5.289293347231807108e-01,5.284845719835780109e-01,5.275663012368901894e-01,5.233779147208910132e-01,5.208966203910825321e-01,5.131733650012975101e-01,5.131698212445677809e-01,5.262672039354031606e-01,5.227505336733159202e-01,5.229700745931233907e-01,5.336238463641647112e-01,5.414545057576901632e-01,5.370647707422223638e-01,5.402608742694710031e-01,5.405721033159101019e-01,5.358508542089533977e-01,5.271516646239301496e-01,5.322897816680058902e-01,5.341300809697183682e-01,5.316151326900958596e-01,5.314268258466331440e-01,5.214098842227815611e-01,5.055907541365211033e-01
1.291646680703751986e-02,6.055112451721607683e-03,1.193812659643388521e-02,1.838661554993310798e-02,3.239840038742208134e-03,3.228380938852424501e-03,3.595482696850464590e-03,1.172059623881982569e-03,3.004789585811769650e-03,-8.043026231818357907e-04,-1.611222777085882449e-03,-1.208781964804239197e-02,1.931430396993321502e-04,-7.154801973677668570e-03,-6.951005604544627584e-03,-1.093996840303686213e-02,-1.178591450498346453e-02,-2.527335069476552287e-02,-2.220824186847799100e-02,-2.787243256093260846e-02,-2.774850783592696865e-02,-1.260672703377602871e-02,1.340791281092166068e-03,3.920303989239917394e-04,-2.277623054846651413e-03,-1.875711963388704707e-03,-8.009032534205455175e-03,-7.758099791080968165e-03,3.761568601136625577e-03,1.736099137507999754e-02,2.160584730647644933e-02,1.996968213945894341e-02,1.475553295237189491e-02,2.644758029176847228e-02,2.719465245745555926e-02,3.028749519597329076e-02,3.179322286718304358e-02,2.552138583104584385e-02,2.193037748495944850e-02,3.418806198931442775e-02,3.958568276266452579e-02,3.749881604491210607e-02,3.612158790138851605e-02,2.388609635203861603e-02,2.742193222727996871e-02,3.596158175728507433e-02,3.145388776412295223e-02,3.195558829737184248e-02,4.038069103867882037e-02,5.015871541102621955e-02,5.158008799260600796e-02,5.108945529054314399e-02,4.751561954746871819e-02,4.271853759162937136e-02,4.720574073579787699e-02,5.542614546938397918e-02,5.392761962522717167e-02,4.554866693240397502e-02,3.503789468715109989e-02,3.565836096942760075e-02,3.345580344235805914e-02,3.615667219547247929e-02,2.875188575249962644e-02,3.285389741785040701e-02,3.485890872356087189e-02,3.905997177667046988e-02,3.075211972832542912e-02,3.438472631820837372e-02,2.703523130956087678e-02,1.960692541468228578e-02,1.268489939645857031e-02,1.305409812623429047e-03,-2.110115956202719082e-03,4.680679326830212289e-03,-9.897635901076111409e-03,1.114489256085465091e-04,-7.287133350493909395e-03,-8.776691380193494402e-03,-5.004681189288565264e-03,5.891368233941175585e-03,3.486764185498937227e-03,4.121485099716932013e-03,-2.589148182438622686e-04,-5.483174165328088406e-03,-3.118138018902545661e-03,-2.434873066260612173e-03,-7.447564074019111420e-03,-9.126104581052806031e-03,-1.590026981812949630e-02,-1.781216479357465576e-02,-1.667364869468323380e-02,-2.437878161354833581e-02,-2.024160651318644005e-02,-2.171317389428024588e-02,-2.556010189377624225e-02,-3.191340763141545245e-02,-3.382963530535466889e-02,-3.084619349561563972e-02,-2.420306198649310736e-02,-2.086605591740537530e-02,-3.330847386287782291e-02,-2.862970546149455273e-02,-2.600186878986432415e-02,-2.394222878426823659e-02,-2.133959192361500889e-02,-2.497400527072492563e-02,-2.193955675945104267e-02,-2.647322942294842718e-02,-1.645819138681354349e-02,-1.202055900072265468e-02,-1.631771629328786222e-02,-1.776601489862692299e-02,-1.427303898758046190e-02,-1.419486685720716332e-02,-2.304950509603601733e-02,-2.618513502740419177e-02,-2.472046131707899067e-02,-2.814432489978480750e-02,-2.186647700780954690e-02,-2.615715855079810831e-02,-3.221744007609874533e-02,-3.337961542869531673e-02,-3.164848296640285913e-02,-3.105189970755506401e-02,-2.931015291430399267e-02,-1.890247342679194850e-02,-9.678893211992670859e-03,-1.129463176855019166e-03,3.163059373928849005e-03,4.016151030859448599e-03,1.105897249235764795e-02,-1.692561821313203624e-03,-9.337922820913334941e-04,-3.309855278684532484e-03,-1.679980041345296299e-02,-1.956062187298563890e-02,-8.552067878649115273e-03,4.758662049012938114e-03,8.454073264786751002e-04,3.606524962864420415e-03,1.008803516705720354e-02,1.395376318267404353e-02,1.496258352188185002e-02,2.655408119206797979e-02,2.767702304361506840e-02,3.248087424199671419e-02,4.429875117759009273e-02,4.160502397983208145e-02,3.411639440753798380e-02,2.978071977642542806e-02,3.651184547634189759e-02,3.824658995937777611e-02,4.064602625957956794e-02,2.956824639374529273e-02,2.452253794661228906e-02,2.946064088161800057e-02,3.648619214616347778e-02,3.440780894936140699e-02,3.472852787500505661e-02,2.785883672970933950e-02,3.661968915312108219e-02,3.005358505879946254e-02,2.106406496804605344e-02,2.564302147609703528e-02,3.262081793148612074e-02,3.859885427796137802e-02,3.283297955099293008e-02,3.544805817066542381e-02,3.922871496346065634e-02,3.415685239747779517e-02,3.191336565751951709e-02,4.030256726183445437e-02,4.727267592088193332e-02,4.645795521520165727e-02,4.729416948047215907e-02,4.522448148859740252e-02,4.490130140769756778e-02,3.416758136080065567e-02,3.118199253574146720e-02,1.786195750219687559e-02,1.836808440194754796e-02,2.513601038346102712e-02,1.715837091562697619e-02,1.976887987812546085e-02,2.458791315434806501e-02,2.067166986987354488e-02,1.354259714232376038e-02,1.559137292328651239e-02,2.107758457095447457e-02,1.788051200560726237e-02,1.973387620162526251e-02,2.559210389309454423e-02,8.788377934091623489e-03,2.266433792273686923e-02,2.723604319238649707e-02,2.099923118679905554e-02,2.681413911150235321e-02,3.555578088340712734e-02,3.910785710451658570e-02
8.181025826011168942e-03,1.111106161607580342e-02,1.053857708205640023e-02,8.125954525301303660e-03,1.028560865088236354e-02,1.686667936535445750e-02,2.273011802901656053e-02,3.135205946971654500e-02,2.057439687710285736e-02,1.541409059307801387e-02,1.289539404301174794e-02,3.033195244674191313e-02,2.873486099021030360e-02,2.197063024803592654e-02,2.776602348768902884e-02,2.566223035770608812e-02,1.458448235376480842e-02,1.360784182220612509e-02,1.133741826098549552e-02,2.372105005552851281e-02,2.283456711735595140e-02,2.447113731710541876e-02,1.924180134771782957e-02,1.746938890959959939e-02,2.585126477782305476e-02,2.605055636840906616e-02,3.236042075323717487e-02,3.242515163091828218e-02,2.772967638801553461e-02,2.822302191007607791e-02,3.456556338489058522e-02,4.436621569162954581e-02,4.675870908973597112e-02,5.831346486512112987e-02,5.499319187928675134e-02,5.033994230091139860e-02,5.787520240019381618e-02,6.707418913505555635e-02,7.362953087980063371e-02,7.814746294508156943e-02,7.107523788512325191e-02,7.314531052665393385e-02,7.006086067663246097e-02,7.631739078995920800e-02,6.990096237675844093e-02,8.108136549502135970e-02,8.049157328901485053e-02,8.067977400036040192e-02,8.685789986090645953e-02,9.578255835104863836e-02,9.790983572613581876e-02,7.784039792002450664e-02,7.972270670938641501e-02,7.636485559491495989e-02,7.267663717599041895e-02,7.285213576092773591e-02,6.903057681820345959e-02,6.540158920405818310e-02,6.496594774413937123e-02,6.485406348708848412e-02,5.547776015257572385e-02,6.799874814451124794e-02,6.888020292870936090e-02,7.173505421608608601e-02,7.972254458628161289e-02,8.337729698496740283e-02,8.279889262413213380e-02,7.086705712746642349e-02,7.230453928664233587e-02,6.368657890006691746e-02,6.726535489372982568e-02,6.937719415382563592e-02,7.620939811382017315e-02,7.194304191766021095e-02,6.126537276744364185e-02,6.114336536004222333e-02,6.547801346553130952e-02,6.429609749516861095e-02,6.182522960121961814e-02,6.955810503480909512e-02,5.722729308175779350e-02,5.621120677823036871e-02,5.846526605611173516e-02,6.039411708289851161e-02,5.579073683767336866e-02,4.917869037316704300e-02,5.714185268273359181e-02,4.889619886962053019e-02,4.224012214568905604e-02,3.970029376325633769e-02,2.933043423312782505e-02,2.773284045832846365e-02,1.690309878119481551e-02,1.228243615889405491e-02,1.954630062835401028e-02,2.316299619996269737e-02,2.983104486884535084e-02,3.451225664061625259e-02,3.988088143367946731e-02,4.128812776464302337e-02,3.355322565325581652e-02,4.122926799206380610e-02,3.689461466757396751e-02,3.259294796789607290e-02,3.260923994691540539e-02,3.037037820790432219e-02,3.344374371560879244e-02,2.685854147649935353e-02,2.488946600036321885e-02,4.395626299632793277e-02,4.517645357762242742e-02,4.747260972149361380e-02,4.419581740712487383e-02,5.509761240537978944e-02,6.680895032314525250e-02,6.705042887587865652e-02,5.963658365030638508e-02,6.619464841422323387e-02,5.979941559373444515e-02,5.430455088899507898e-02,5.235696952452646019e-02,5.802505935078862420e-02,6.071911221015803550e-02,5.945355672147116521e-02,5.666309157976880118e-02,4.699175847535298073e-02,4.753925156990091577e-02,4.717464562952065898e-02,4.185778645700707207e-02,4.268047443071486258e-02,4.349827660357703102e-02,3.516433117209791237e-02,4.300708950780762763e-02,3.436406262290346569e-02,2.953536824857350834e-02,2.994646566665618709e-02,2.859026605576980851e-02,3.649470823564459482e-02,5.097054277643629783e-02,5.535387711512159553e-02,4.153610034262159717e-02,4.286173568458440108e-02,4.210057147667696509e-02,3.928907998904576648e-02,4.765701825391762542e-02,4.844718777935166920e-02,5.314771338514113347e-02,4.853406600732981802e-02,4.986790112343357506e-02,4.331277224902572304e-02,4.620681373940481451e-02,4.315456597173184666e-02,4.423820668451017291e-02,4.430816786654853678e-02,4.309166977912295970e-02,4.679662133086304188e-02,4.223173490485796627e-02,4.431666277831951967e-02,5.114449597381327817e-02,5.254313077510310015e-02,5.118982897889880201e-02,5.932432175011354003e-02,6.659530202606279981e-02,6.843871740746940158e-02,7.183199156265700214e-02,8.918079867151995632e-02,9.515878214601557195e-02,9.840779327376131258e-02,9.980964433289721272e-02,9.387847456870122842e-02,9.697650601267419901e-02,8.806412942441296798e-02,7.766953628271926202e-02,7.929864289704739722e-02,8.745675336547867329e-02,8.442286312983839081e-02,8.853559233018727659e-02,9.199054089332586726e-02,9.254481489159238627e-02,9.802606762061479018e-02,9.636052560164221070e-02,9.246027782186262700e-02,8.688605539649012222e-02,8.591087043257480960e-02,9.029036438261012210e-02,9.506947322850098359e-02,9.380297016525671050e-02,8.825582822151976925e-02,9.926486584771898602e-02,1.049141632930980089e-01,1.115428397415825224e-01,1.031243846345558240e-01,9.918537423907715367e-02,9.117019855243946314e-02,9.374070451182739405e-02,9.778347172467959092e-02,9.425915115879414385e-02,9.303761167073001936e-02,8.467072843759861078e-02
-8.211324779840498481e-03,-9.757797769682398023e-03,-1.504768395059316588e-02,-1.461614465257178239e-02,-2.089670806481942755e-02,-2.134641865731019827e-02,-1.034148703998857659e-02,-1.176863953322335524e-02,-7.044230103668966923e-03,-1.372161845389260892e-02,-4.798747197261492639e-03,-6.836436326225020510e-03,-1.093025120880075640e-02,-5.166119261716488158e-03,-1.194418829140657910e-02,-2.541337850154612443e-02,-1.890059426048974409e-02,-5.644263328940272648e-03,-8.905466836312407250e-03,2.202800557465455292e-03,8.804202819717096840e-03,1.037261184423909216e-02,2.982808630885885187e-03,8.982050177978040395e-03,3.169022724855714152e-03,7.360704469370041997e-03,7.089559007566043763e-03,9.268161773627957289e-03,2.046157226607200896e-02,2.198400839270385487e-02,3.211917068554753785e-02,3.158347973837501155e-02,2.718051215185962252e-02,2.340618367416064452e-02,2.414623666041335742e-02,1.439498467999071780e-02,1.234022711542478133e-02,-6.478397834592640112e-03,-1.286175446960594396e-02,-1.233272448665245942e-02,-5.843983913783558012e-03,-1.180863862440215822e-02,-1.016084735487343162e-02,-9.940812376690007571e-03,-1.239852966283882391e-02,-1.982247608458640592e-02,-2.261376819132650262e-02,-2.555579342497313680e-02,-2.150092148267515602e-02,-2.049071856397781388e-02,-2.235840899391113024e-02,-3.196217889864960693e-02,-2.382981039345744012e-02,-2.344415349426395845e-02,-2.512869158371058148e-02,-1.718916496149461987e-02,-1.973446950226838761e-02,-1.931519007850161090e-02,-2.626767204612235826e-02,-3.149152952734906447e-02,-2.895551115897471509e-02,-3.800638407100817573e-02,-3.978286753340184306e-02,-4.299987223610234055e-02,-4.659625781399227146e-02,-4.191480980381231264e-02,-3.858398831283337688e-02,-3.059076970285488917e-02,-2.608088181084058238e-02,-3.246370906144407237e-02,-3.295699279512871033e-02,-3.302868318334090114e-02,-2.867356340448660654e-02,-3.491925341649258774e-02,-2.254250442614565836e-02,-2.047251017321167696e-02,-2.402839184441552672e-02,-2.454228051943131358e-02,-2.076885246166660509e-02,-1.572621594434000722e-02,-3.618223816227802633e-03,1.052433685037421941e-03,7.054744645771774542e-03,7.790161082095470486e-03,1.002784706765352460e-03,-3.400280988829158628e-03,-5.115837872828883637e-03,5.729950783399139977e-03,6.115130343174811356e-03,9.393469896606873593e-03,8.019430322988964702e-03,1.474247429891497110e-02,1.961131119716812143e-02,3.479468108010617261e-02,4.331869141647408383e-02,4.712972795063667675e-02,4.934772101767324892e-02,4.780852277898184344e-02,4.330768028966799910e-02,4.429740125916284410e-02,5.800132564805467877e-02,7.291665063691592230e-02,6.893934719720822002e-02,6.024871855149262212e-02,7.154902707304745813e-02,7.269733759704608000e-02,6.992808697086812242e-02,6.501196689432803266e-02,7.584960450720830416e-02,7.883502371498261885e-02,7.850962290783812525e-02,8.119179586388164394e-02,7.786610747438511837e-02,6.975203045871475327e-02,7.298712061308504362e-02,7.918357769625458675e-02,9.061286125835119054e-02,8.940803163306076939e-02,9.446161813997883128e-02,9.784628119731722529e-02,1.038840030068388098e-01,1.035326123970097267e-01,1.212107859145575561e-01,1.258116754114900482e-01,1.226711966617434896e-01,1.208292268748405035e-01,1.112342275813422293e-01,1.120535303330577187e-01,1.021111016141892369e-01,1.001522934683700405e-01,1.066380983122806603e-01,1.191074355759437209e-01,1.217659337758539850e-01,1.162975169946256632e-01,1.146410055404888939e-01,1.046588043446867872e-01,1.028772227910422915e-01,1.012010156963637914e-01,9.812580713946386646e-02,1.039265929133571936e-01,1.033218510243795740e-01,1.059735229830668229e-01,1.124769445408813490e-01,1.087937590703076801e-01,9.872495645600577741e-02,9.614087066051793529e-02,9.069968966240277153e-02,9.570313684343777216e-02,9.537654231388420500e-02,1.002570308649912978e-01,1.069782050835334092e-01,1.243308673179082391e-01,1.339927128595195804e-01,1.422311875743715315e-01,1.408123844785592604e-01,1.291758356310209466e-01,1.378226634376085447e-01,1.330612284005721901e-01,1.366110651312685831e-01,1.384776042239846683e-01,1.356336132386851967e-01,1.260133803623411097e-01,1.308609419867038381e-01,1.321810109244435927e-01,1.244805704010066710e-01,1.280409265148184095e-01,1.372195380031493994e-01,1.426517616974868341e-01,1.410652592947600481e-01,1.392470007691826994e-01,1.422119006391499851e-01,1.355496326758617309e-01,1.311157827378325313e-01,1.353086085202557798e-01,1.265314803858609560e-01,1.372840519570558138e-01,1.384566096074388852e-01,1.260115160042774296e-01,1.242971204759318465e-01,1.212939375164442529e-01,1.121398489626876382e-01,1.176830839070045071e-01,1.094397103759731926e-01,1.134720428782806517e-01,1.202754529310151449e-01,1.118922228725151985e-01,1.199135240467888719e-01,1.237143867369458333e-01,1.217365463300004030e-01,1.240300401316589002e-01,1.073252401500124631e-01,1.101981121192043833e-01,1.111168684950910035e-01,1.033358234582599094e-01,1.073639125827617613e-01,1.127543828707124607e-01,1.097604517836187343e-01,1.143501103426754067e-01,1.052266436684271694e-01
-5.874812720438796383e-03,-2.487778448752913686e-03,-3.956372175739956108e-04,-3.084661504148233403e-03,5.004505048771419433e-03,2.706823462675009544e-03,1.230480396076076739e-02,1.259941738305875303e-02,1.160788735765709220e-02,-7.152383923891846712e-03,-8.696389638510458597e-03,-1.534107622405939467e-02,-1.339677467199404393e-02,-8.558489217012811220e-03,-1.077780106521628208e-02,-4.963924758677891978e-03,-4.089443965846424438e-03,2.069283518200707925e-03,7.809210775807842037e-03,9.697059457127484364e-03,6.161253884445603776e-03,1.390338827693720497e-03,9.512125018352871920e-04,4.553910608725049089e-03,1.023675469212825123e-02,5.185752183329748154e-03,9.448329549976887051e-03,8.782824402116945484e-03,1.211025301971226965e-02,1.177082065252309240e-02,1.614155242459008877e-02,1.555548979385204013e-02,1.481531695168126876e-02,2.094638856086906281e-02,2.080584849182553001e-02,2.275990457831590652e-02,3.135693677423408154e-02,1.582569400509037036e-02,5.849431850875143335e-03,6.220970474033403821e-03,8.332336835499229780e-03,9.951439776863055947e-04,9.545249833608259252e-03,1.666805346520320794e-02,1.311228685300977470e-02,2.147034731165546606e-02,2.135047962273781130e-02,2.245044916679427710e-02,1.881135539402606360e-02,1.983335432992225367e-02,2.515244917833881280e-02,2.357143627450002110e-02,2.440948295431027287e-02,2.278910018292591710e-02,2.126193429736559365e-02,1.629664225851835957e-02,3.282898218750282537e-02,3.727207915673716454e-02,2.524272410805958669e-02,1.801527415224770529e-02,1.013945559980415981e-02,2.283983837724152394e-02,2.645909324181910244e-02,3.114800088747124787e-02,2.810150050545209138e-02,3.507904884196832995e-02,3.244154117780088942e-02,3.459076167587785827e-02,2.857673412754129297e-02,2.828704312858436667e-02,2.252849208437387660e-02,3.496630798658793143e-02,2.757048950557905095e-02,2.374376096882444692e-02,2.541718256888616037e-02,2.197354638205463104e-02,2.197697029127159557e-02,1.404551263476663120e-02,1.394688587711090215e-02,4.921611637012093463e-03,7.002447522477490277e-03,1.953051294226055765e-02,1.333560949822441485e-02,2.044620357514482026e-02,2.383584865505748024e-02,2.106956086188704891e-02,1.122935310543044136e-02,1.830783362823182325e-02,1.527532151921263438e-02,1.038562443716169181e-02,1.163276869337314529e-02,2.790629413669151390e-02,3.175891166721902387e-02,3.022821103802690937e-02,2.597945403116826493e-02,2.810693531201030604e-02,2.618108526796741192e-02,2.630486763056654256e-02,3.278485678522668340e-02,3.082321498745286409e-02,3.113412557431781066e-02,2.485326628546646877e-02,2.175321887671258572e-02,2.331908754646022652e-02,3.122037066043664016e-02,3.854279277243487928e-02,5.164129512316879139e-02,4.138416569005588797e-02,4.865458424801535897e-02,4.751004042725915505e-02,4.345073137894803900e-02,4.122114669724685071e-02,3.385124939571070024e-02,3.719851738715130446e-02,3.903214228475999220e-02,4.031229685841321991e-02,3.029267880204128405e-02,1.965948781932790046e-02,2.556465797546290247e-02,2.334896792868504725e-02,2.446591710726155403e-02,1.724086293819942356e-02,1.186527888865537492e-02,1.243704356159951001e-02,1.185023465358609439e-02,-2.557597733702319381e-03,6.000425055446897277e-03,4.330282360281616574e-04,5.154683338845303560e-03,5.937784879167146840e-03,7.472655171951749636e-03,-2.021414337682971019e-03,-5.887237078903621509e-03,-1.770434769597767875e-03,2.428264747715749849e-03,3.922007029589544280e-03,6.188182032971193888e-03,3.269305523255519336e-03,7.520388051745482277e-03,1.058506503730630849e-02,3.540169013477598506e-03,3.219933072905769439e-03,1.164799912297552129e-02,1.208220838300902954e-02,9.125649813429137849e-03,1.325673302730586908e-02,2.299433309185971303e-02,3.087486279118262233e-02,3.129515367677310200e-02,2.424730603210675794e-02,2.026622431494133278e-02,1.046584731562510105e-02,1.699285659617548114e-02,1.980735074878977806e-02,2.231994827842425158e-02,2.956100128160619317e-02,3.870980712069527208e-02,3.439282576418871418e-02,3.395723613873020963e-02,3.564817615218606600e-02,5.074150496365250479e-02,4.945536979854647797e-02,5.348076438242133079e-02,6.152659651238399224e-02,6.364702118700583944e-02,7.151803237811563130e-02,6.277975058333588876e-02,6.050240668000297917e-02,6.109699972762508424e-02,6.686918079177488206e-02,5.250923589865596347e-02,4.519846457015797014e-02,4.847955308143291758e-02,5.345367000223734399e-02,5.091259887990535332e-02,5.273921187993318299e-02,5.323396279007406445e-02,6.367316414824930604e-02,5.557196145449475044e-02,5.748017049374197496e-02,5.387541912283715789e-02,5.695740501001547024e-02,5.084928952722628931e-02,5.912015052029404028e-02,6.241176684256345697e-02,7.915683862427749795e-02,7.422336975527735192e-02,7.282733982612484003e-02,6.124596598051604279e-02,5.640338543496409285e-02,6.707179316142279635e-02,6.951040746466805031e-02,7.337270727385712676e-02,7.048858913690088379e-02,7.411629061067674662e-02,6.617029796513612672e-02,5.970226388111733729e-02,5.975801920576719051e-02,6.542324557196060875e-02
-3.767364485452743585e-03,5.619926805518740166e-03,5.375042427902072296e-03,1.195062152045992497e-02,1.612295663661485190e-02,1.307882810436748755e-02,1.050365835799017648e-02,7.840822918900512001e-03,2.834774020358653973e-03,3.345193969559397823e-03,-3.219746444559007555e-03,-5.104897538330968945e-04,4.001571634385746833e-03,7.691657874018398636e-03,1.365317608159633683e-02,1.210660308534730438e-02,1.760230728860921398e-02,1.160273939307867805e-02,7.923290743272297376e-04,3.768007121140047946e-03,5.360850907681825872e-03,8.850249253756478640e-03,1.444562270277398308e-02,1.350752953788392566e-02,1.109848388296560615e-02,7.225635342994715313e-03,5.609198093440775218e-03,1.385774625845230534e-02,2.093077132519761269e-02,1.405856373868499647e-02,1.969772188409683530e-03,1.162733130241477668e-02,3.566203093542073821e-03,8.486490927535299614e-03,-1.990147196916284764e-03,-9.759148191775011277e-03,4.998718336561673581e-03,1.565926212324685214e-03,-5.889376783566943954e-03,-3.422283425725066667e-03,-9.277862698986172330e-03,-9.735806229567262396e-03,-1.293716139350423525e-02,-1.131417396415071962e-02,-2.275682106421137579e-02,-3.185341925740196867e-02,-3.021445876333012440e-02,-3.360721905590593334e-02,-4.051034073263694996e-02,-3.852254112193399804e-02,-3.378365153440366503e-02,-1.508019641296325791e-02,-9.790565845793922084e-03,-4.838058718890476777e-03,2.675269544916512171e-04,-1.008906565502048353e-02,-5.832203616788641208e-03,-3.190947294414111114e-03,6.250026107872119763e-07,-8.123317477124933003e-03,-1.144382270820263475e-02,-7.153573468213403688e-03,-6.943680405089198981e-03,1.168491632138392647e-03,-3.378284467301129711e-03,-3.090350557941990740e-03,6.932922994783431193e-03,1.534005303139377233e-02,1.859314109796717657e-02,2.190464981767626523e-02,1.747264823979710266e-02,2.326308416974975923e-02,1.854567019207820078e-02,1.710528267326153623e-02,2.143900473959209699e-02,1.650869180440971140e-02,1.998932111160105912e-02,1.121522563976073451e-02,1.848982232987038399e-02,1.254211372018313939e-02,7.894108887390706430e-03,1.294375316017787846e-03,-7.037798674878832129e-03,-4.058992625496806242e-03,-4.452434479250162030e-04,1.123466047446424788e-02,9.434023293379629332e-03,1.135756760113782252e-02,8.577401812336654663e-03,-7.475846236206368234e-04,-4.724744905572831472e-03,-1.840416684239774836e-02,-1.148369523838364999e-02,-1.220786997330719839e-02,-1.212386614718669736e-02,-7.027138657984056611e-03,-1.244671703328230523e-02,-2.010624773057146861e-02,-2.086957169467411333e-02,-2.331682562353779020e-02,-9.167424754649941901e-03,-5.622720909928647509e-03,-9.497259576072392129e-03,-1.025880259422607549e-02,-9.521881014506450996e-03,-1.283486196162322499e-02,-1.557588450042509884e-02,-1.557649352372724241e-02,-1.147145341830265418e-02,-1.068193783399133678e-02,-7.719356683860843955e-03,-1.546445901280068570e-02,-1.406972198988650641e-02,-2.271251128537814246e-02,-3.181799125826558633e-02,-3.568310601660569514e-02,-3.396474828084876385e-02,-3.254234412278431826e-02,-3.567469124142561010e-02,-4.220595861265854370e-02,-3.359338139182547339e-02,-2.986722095643451827e-02,-3.422187400338824043e-02,-4.748977716370299251e-02,-4.058344307382776017e-02,-5.649321390897794198e-02,-5.527326539632550911e-02,-5.064152083444987268e-02,-4.685464834520065153e-02,-5.199427996394187512e-02,-5.288686743580297417e-02,-5.066555933173599868e-02,-5.779507863684700542e-02,-6.795143300932116048e-02,-6.841593079405777766e-02,-6.411635951411435996e-02,-5.893329158922039346e-02,-5.405220971796226292e-02,-4.544037983643791495e-02,-4.454264067838070718e-02,-4.741292584949075017e-02,-4.905376237969252123e-02,-4.894252888217710123e-02,-4.591133577915745834e-02,-4.933606159825931758e-02,-4.954841797515943669e-02,-5.093758510111364574e-02,-3.340751778524458926e-02,-3.830818335948436848e-02,-4.472932761797974305e-02,-4.000492108872117508e-02,-4.266840021453637694e-02,-4.223301619586211642e-02,-3.939485146492512774e-02,-3.939708342180651274e-02,-5.569747288826318310e-02,-5.804430761128601124e-02,-5.660714366710197648e-02,-5.094528943782139496e-02,-5.263413295479365400e-02,-3.884300170587645651e-02,-3.888760720481097832e-02,-3.318546441139645642e-02,-5.373092305795089396e-02,-6.270681827979349143e-02,-7.007722448579838115e-02,-6.405915840936456107e-02,-7.077238672797972474e-02,-7.229679265043210956e-02,-6.938183220573712617e-02,-7.645469551743303005e-02,-7.596847650555781095e-02,-8.297416332683725526e-02,-9.012845167945046643e-02,-8.532371681068087743e-02,-8.305695286024493418e-02,-7.945053116129531523e-02,-7.725748119500931710e-02,-8.200624432002751041e-02,-8.479657743087234967e-02,-7.965264413549572042e-02,-7.559213399037387204e-02,-7.264634499537608869e-02,-6.292615978144142086e-02,-5.573277866489359522e-02,-5.823744630197359717e-02,-6.074253849871372873e-02,-5.762077867519671548e-02,-5.847349987925351544e-02,-6.036884338652773185e-02,-6.315386727536442812e-02,-6.670523141923288823e-02,-5.688881509734747266e-02,-5.404889828193241985e-02,-5.579368639438112704e-02,-4.921423588092434936e-02,-7.022389517996038832e-02,-7.691614787205751369e-02,-7.862684203868826327e-02
9.363608687450397866e-04,2.310877206635473732e-03,1.163072481493754393e-03,-2.658323392036092588e-03,-6.331579808354862587e-03,-5.330033978933180691e-03,-1.119626785474947539e-02,-5.893760427559504786e-03,-8.156370618195574185e-03,-1.900756804154914159e-02,-2.460045835006573894e-02,-1.955203793144080771e-02,-2.290539672743061722e-02,-1.279770142164123742e-02,-2.062073219838948465e-02,-3.451662414980314481e-02,-3.979811728277429794e-02,-4.783656314744668542e-02,-3.681101684281598563e-02,-2.840542359299128017e-02,-2.609068451156669119e-02,-1.492314148830354431e-02,-2.459517111096903505e-02,-3.029538080793466384e-02,-2.534933144402050365e-02,-2.419885942716372071e-02,-2.100692495837772414e-02,-2.174315857548011696e-02,-2.137288612417429998e-02,-1.731017356656155276e-02,-1.395403641151377570e-02,-1.630203166251913832e-02,-1.827863358290448062e-02,-2.296203424336776266e-02,-1.991366391316517701e-02,-2.412898066575023745e-02,-2.410727384506818408e-02,-2.069380830501044155e-02,-2.379431112101512702e-02,-3.029008539985456744e-02,-3.231186476085094739e-02,-2.761818392119972515e-02,-1.968729167619928666e-02,-2.311311971068156015e-02,-2.448572207173805790e-02,-2.127147524138040674e-02,-2.030965022263886074e-02,-2.520333208299575106e-02,-2.717001424109571212e-02,-2.949964989435176904e-02,-2.988998294683610848e-02,-3.545347302969788228e-02,-3.273864819995470077e-02,-2.740224215758845297e-02,-2.833796785473418137e-02,-2.218588512747519254e-02,-1.706176820817631445e-02,-2.489247065238395229e-02,-2.112633790055855679e-02,-2.854257319107175381e-02,-2.927142966888852602e-02,-2.357002988408164745e-02,-2.583071779349486313e-02,-1.722357981322939977e-02,-2.090304050161921612e-02,-3.290843868652519599e-02,-3.889467343601373667e-02,-3.385542897883980773e-02,-2.799815626781957181e-02,-3.984290793110871476e-02,-4.378939985803846635e-02,-4.372876996065244021e-02,-3.254046682207430152e-02,-2.342925660087903650e-02,-2.114014000000133051e-02,-2.260908909743160680e-02,-1.512864764318002340e-02,-1.792326077068386384e-02,-8.308620425185472835e-03,1.935293854673725278e-03,-1.692684381777896478e-03,-4.278275067020482700e-03,2.288480377247185601e-04,4.539218339242229172e-03,1.314146354413994744e-02,1.324463084442972262e-02,1.088681497656694697e-02,1.279005115406677169e-02,1.511655595028211369e-02,2.542763252955674430e-02,2.986145903323103590e-02,1.955753370845058486e-02,1.078473112780183735e-02,6.981955827503332108e-03,-3.620522634443275843e-03,3.331798156687789877e-03,1.809332273281328857e-03,1.858608892086430209e-03,6.970896970529526400e-03,3.675109777912145478e-03,-2.270920787344541183e-03,-1.133198109470744119e-02,-1.670106933735334559e-02,-1.613936023723347088e-02,-9.740838861200338400e-03,-4.665128177102502091e-03,-6.300622322479068269e-03,-7.750668256238889969e-03,-3.240984801064611051e-03,-5.526030619541722963e-04,-5.494032789175353794e-03,8.279251379138305444e-03,1.265027610494638168e-02,3.816989178751839518e-03,-3.724807718218890729e-04,2.175592344361271333e-03,8.433436112067389540e-04,1.096412540742543532e-02,2.406078867172678493e-02,3.590701937051918313e-02,4.252378922092026059e-02,3.043764748294208039e-02,3.688987613197799997e-02,3.905360716856134951e-02,3.530529742911946850e-02,4.658717178934741049e-02,4.762377745758612779e-02,4.345379716057664460e-02,3.918674183866274752e-02,3.892272178449271425e-02,4.360253122231567968e-02,3.748965371919495138e-02,4.173212125253433075e-02,2.615012586095993158e-02,1.481716494649735691e-02,1.445060452133056610e-02,9.160793357323837593e-03,1.133850955471879529e-02,8.346148338197936084e-03,7.818051478674275037e-03,1.529073164981580718e-02,5.960992302974353965e-03,3.600828825771472830e-03,6.737755563467172013e-03,4.936132322735473088e-03,-7.044567066757196835e-03,-7.450057705248174476e-03,-9.392970554797312743e-03,-7.794761766882912953e-03,-5.128923587246322392e-03,3.287289162149480137e-04,-6.277970808452763840e-03,-5.106252686038547511e-03,-4.185708356593722222e-03,-7.792748931175982191e-03,-9.851858257577677733e-03,-2.957652721971851077e-03,-7.898002825097524479e-03,3.245846509717412523e-03,1.334699211157344386e-03,1.636319464006079707e-02,1.018531459013033089e-02,1.266616697584971134e-02,7.047949976478797528e-03,1.199029244564429365e-03,-1.874155267803454938e-04,-1.545432449210517797e-02,-2.367855363138551827e-02,-1.446528781251656993e-02,-1.415379083933959899e-02,-1.385780236271427594e-02,-1.233555126973426112e-02,-6.825294246278284203e-03,-4.606809491777736493e-03,-4.437294395783048309e-03,-1.821876920871103381e-03,-3.432560678124751095e-03,-1.392639763361684657e-02,-1.365870237370154540e-02,-8.501437626391900731e-03,-2.152276350426582732e-02,-2.661085525612820815e-02,-2.527471559796935774e-02,-2.339627694199599914e-02,-3.186238346919937486e-02,-2.403160963419258972e-02,-3.540321717452764305e-02,-2.971425389594246555e-02,-2.129280176053786194e-02,-2.226649703643694342e-02,-2.923049209136870802e-02,-3.405659217524888843e-02,-3.209334194416223196e-02,-4.215310821363747740e-02,-4.053367256868776330e-02,-3.797300936194347026e-02,-3.209128482502477536e-02,-3.736246715606202085e-02,-3.632776794847250579e-02
3.761986063073202626e-03,-8.517492209064243987e-04,2.847876555944003126e-03,1.428506147603253451e-02,6.592101479285647145e-03,7.337594778618308083e-03,2.093877010022388019e-02,1.894864544681729504e-02,1.290380740493825458e-02,2.031436347001193063e-02,2.346272126369148073e-02,3.358555598854968960e-02,3.771055162963168894e-02,3.245751959880970039e-02,3.793205194969066080e-02,3.794154201794047027e-02,3.192351322128797464e-02,3.096182447127337339e-02,2.000578946925193891e-02,5.318914704100044868e-03,-1.506629728686811193e-03,-1.322794962974817821e-02,-2.784739244208181766e-02,-2.720265371108969432e-02,-2.103405384979085621e-02,-3.181830372148458652e-02,-2.881098479693794748e-02,-2.689104091928469498e-02,-2.684784474016892880e-02,-2.501078950974363127e-02,-2.016865547679995777e-02,-1.055666740112830466e-02,-8.322809345090626670e-03,-1.336648441152090208e-02,-1.115893840575383870e-02,-1.222677918582912304e-02,-3.914832635891967588e-03,-5.075610658636034098e-03,-2.698382648543608611e-03,2.003856962255992809e-03,-3.390046073324600590e-03,-1.311585987516607210e-03,3.203289993837313450e-03,1.077437266645889929e-03,4.225524683658950231e-03,4.334758035984495085e-03,1.409418925852479708e-03,4.398466542057239553e-03,3.413359196689183962e-03,-3.899080335044222915e-03,-4.310667190737887088e-03,1.455370352973244484e-03,-1.349123963074911735e-03,4.650633026815295147e-04,-1.102978391293358250e-02,-1.487788818339422399e-02,-1.757494162923118122e-02,-1.409861702669204173e-02,-7.757496877571972566e-03,3.992607604568675084e-03,1.147395227509318688e-02,7.437287672272562163e-03,7.271347265707604410e-03,1.137884503830522559e-02,1.560161686446273274e-02,1.351595200327350942e-02,8.993758364069435324e-03,2.286170755088103718e-03,-4.705535591655016919e-03,-1.569859721143030545e-03,2.388342736344415025e-03,-1.177210249997012043e-02,-1.708776714116162776e-02,-2.506373889820898149e-02,-2.879371716287297892e-02,-2.533763193630177157e-02,-3.230821032074675941e-02,-2.423783518119713293e-02,-1.163043819793082786e-02,-4.610647091258781617e-03,-1.618287409510397318e-02,-7.665269142348416637e-03,-1.418073397774151367e-02,-1.386391893687324156e-02,-1.174334366266996735e-02,-6.534535456818863289e-03,-1.190274100230854712e-03,9.782906112334760484e-03,-2.872504945434201096e-03,1.932391399745768922e-03,6.313591759837156210e-04,1.404018043173996429e-03,6.076368284775742444e-05,2.502400009860678357e-03,-4.606924070685220786e-03,-5.785588652194252959e-03,1.190706961803568616e-02,7.569948223315197885e-03,-5.571193815396457277e-03,9.601220399516760540e-03,1.467530331458552842e-02,2.339147066387310334e-02,3.198686952971777769e-02,2.734016004325790644e-02,2.007556819959241401e-02,1.692718248463628838e-02,1.683319252163772289e-02,2.033115907928569402e-02,2.348859697581541506e-02,2.411220087924456981e-02,3.763772551803101080e-02,4.150777939602261213e-02,4.186078348514733066e-02,3.620402518548511417e-02,3.627137616904780454e-02,3.363893236762405953e-02,4.202970484969685561e-02,4.768256040243715188e-02,4.434673506273623111e-02,4.225701303133768544e-02,4.264703036762314964e-02,4.048225657848102121e-02,5.171894131257361027e-02,4.050097203437806603e-02,4.043277058487247666e-02,4.585155927602411335e-02,4.227082667944660060e-02,3.676163410843169554e-02,5.423609552730405958e-02,5.401235339159130011e-02,5.681564666099826744e-02,5.396983069589615656e-02,5.734668264063980808e-02,5.958352767850622067e-02,5.834717569847812368e-02,5.495117331150328743e-02,5.736476479077787932e-02,4.987474534127418757e-02,4.121256591037984751e-02,3.951627062536277463e-02,4.334057947267198896e-02,4.881006787169012151e-02,3.950449519541177068e-02,3.828134603852530876e-02,3.645677963458310994e-02,3.660766570715145302e-02,3.420056356209701109e-02,2.721463513344160590e-02,2.957681156317034515e-02,2.353248782008904305e-02,2.818848603418638854e-02,2.764151534129402274e-02,3.133771037213330807e-02,3.305896345863883895e-02,3.587213030993140900e-02,4.322801282982871585e-02,4.043893086301947326e-02,3.942559026269445988e-02,4.094619394887749619e-02,3.156476692252710436e-02,2.582689875531066562e-02,3.042082330187994774e-02,2.244297264197786176e-02,3.209710043207829322e-02,4.564394315241837585e-02,4.695806604614658625e-02,4.606914034068905484e-02,5.485646853426630332e-02,5.025051720532684729e-02,3.580799299418579995e-02,2.871659232087582503e-02,2.179955605923701925e-02,2.702053628837056826e-02,2.525955033382745740e-02,3.009697634123104093e-02,2.663995558357438315e-02,2.345748353186403665e-02,3.064983012629877990e-02,2.609611436915352731e-02,3.147941540869732963e-02,2.103881902203770526e-02,2.359628345935226024e-02,1.333892119915671380e-02,1.574314715864038108e-02,1.175830424106237213e-02,1.605447559180598477e-02,1.330064311765600041e-02,1.319794929545414601e-02,1.234321371261562668e-02,2.881022616895733551e-02,3.169036815271614876e-02,3.191756141225844667e-02,3.780893809218120738e-02,2.277204620096592858e-02,2.308999524146340687e-02,2.338405417930098512e-02,2.007634462325961697e-02,2.096688754048492420e-02,2.333583925026421965e-02
-6.913930419596133435e-03,-1.033883908973579069e-02,-4.329501636626500137e-03,-8.497435911852837392e-03,-5.317394693920881286e-03,-3.157281298062631063e-03,8.182889122708304069e-03,3.228757142103938493e-02,3.220219047343519936e-02,2.861011906526055720e-02,2.891764739788749497e-02,2.211674178522883907e-02,1.710613989085692579e-02,1.394511740295489508e-02,1.261407167316246948e-02,1.564389603649736504e-02,1.772495447434088711e-02,1.170045518578975187e-02,1.504680473738826893e-02,1.114611934574137771e-02,4.023304469964692279e-03,1.396672747905553305e-03,1.060035657824274363e-02,1.225358024917074483e-02,1.111962172807332179e-02,6.994962453222636038e-03,6.675402618750338711e-03,7.166377141376035695e-03,2.441748988900096888e-03,-6.935779212578578427e-03,-1.205939469855758263e-02,-7.162242837511927085e-03,1.192370454571678798e-04,2.124926032168120670e-03,-5.737936205127035054e-03,-6.848535269232680633e-03,-1.597066292561805448e-02,-1.751552309235780008e-02,-2.392914108640913778e-02,-2.973342304808456599e-02,-2.333882343263119982e-02,-3.266348071331877378e-02,-2.995779133904025171e-02,-2.837243508307171411e-02,-3.652555830989216712e-02,-4.105431681739999533e-02,-3.881131123547027634e-02,-3.687329340723059790e-02,-4.245962803222728954e-02,-4.315786139982925179e-02,-5.348369195583666663e-02,-5.114516632605123347e-02,-5.436722544629500609e-02,-5.999531972784744038e-02,-5.685777873643810959e-02,-5.374648757978369579e-02,-5.243863106630663323e-02,-5.969016068586299045e-02,-6.017437422236431022e-02,-4.939933753761868024e-02,-4.848402943013793709e-02,-5.064663730075893988e-02,-4.130612861102330585e-02,-3.922103047158460171e-02,-2.365243129283679802e-02,-2.293555613752199657e-02,-2.979896493085339854e-02,-2.874562033277326678e-02,-2.339727047948839123e-02,-3.521561207731936649e-02,-4.005916791331449317e-02,-4.274830186140195221e-02,-4.418887874428815976e-02,-4.823026208767965117e-02,-5.634280418908432786e-02,-4.648020697668817786e-02,-4.268490476319747318e-02,-5.492402674620012332e-02,-5.394674946015942663e-02,-4.491192436595942833e-02,-3.551608845525607711e-02,-3.099401654041172849e-02,-3.196682873872411235e-02,-1.946107745462290206e-02,-2.204663619664882016e-02,-1.377051671623198172e-02,-1.488774775497378987e-02,-1.861134096708286917e-02,-2.339281979146180454e-02,-2.101589538166800941e-02,-2.259160777428740469e-02,-2.274393161823074633e-02,-1.446845413275470692e-02,-7.875365416340226674e-03,6.825254863341116696e-04,-8.432694415780484388e-04,-4.240781665720710653e-04,-1.250066725314287475e-02,-1.465006532198679171e-02,-7.767637353903082166e-03,-1.040515968134168856e-02,-6.382463330745958945e-03,-4.486348919050807925e-03,2.522743454797679585e-03,1.566320684434197421e-03,4.050437888456094766e-03,1.569497945027736180e-03,1.267462668662290484e-04,1.299350968583454745e-02,9.820266209674941710e-03,1.323231580255477408e-02,2.106522641236380916e-02,2.992484735733266787e-02,3.229248996531680627e-02,4.786867936281463676e-02,4.374057693223137172e-02,4.467315385737816863e-02,5.050390150629371910e-02,4.424983249822862785e-02,4.675024042288089543e-02,3.842718407284896609e-02,4.514499144072030290e-02,4.356865742614204201e-02,4.371297798880188074e-02,5.092539471968782899e-02,4.845389616088104784e-02,5.157016599442642429e-02,4.496392910497479245e-02,4.503782878549756480e-02,6.056572836824397621e-02,4.899129430294069110e-02,5.871275061425268449e-02,6.283730499738671149e-02,6.689629478932652973e-02,7.150606178745107233e-02,7.098640451219472014e-02,6.197442033491973312e-02,6.853580975105195983e-02,7.181956152094519374e-02,7.263869250949514522e-02,7.741829118968106271e-02,7.776763924369725633e-02,7.018649027519199834e-02,7.106418822087384735e-02,7.846343576795318520e-02,8.214588717700538334e-02,8.017997400107976236e-02,7.401939940259393003e-02,7.167216862188928450e-02,7.934113314983051723e-02,7.138840597509349406e-02,6.359173896145373095e-02,6.219798727295749313e-02,6.428727633293687682e-02,6.956484213213592893e-02,6.797453547788245842e-02,5.957861836628437074e-02,6.309108559367779256e-02,5.789416789066866714e-02,5.708230690781466998e-02,6.177077789794295504e-02,6.560553274728321560e-02,7.209328187742342076e-02,8.231982130686324450e-02,7.989124768956981648e-02,6.443120344945822697e-02,6.774193785026198789e-02,6.597013266133230913e-02,6.481408091131383997e-02,7.297325809822420573e-02,6.806117306065524730e-02,7.895072454686560826e-02,8.810336695435999621e-02,8.468790113980137479e-02,7.717417220053271465e-02,7.427733282305826190e-02,6.460463267042640401e-02,7.018348244099002764e-02,7.653255520529070322e-02,6.982491079437690151e-02,6.343219030487844134e-02,6.209316745150481043e-02,6.444451848704563224e-02,7.073983643936762600e-02,7.255671744835374970e-02,8.177276810887269820e-02,8.189473974358878194e-02,7.923677177631242852e-02,7.594310153451634682e-02,7.468569627675282485e-02,6.571240698207367337e-02,6.373361966634416564e-02,7.106903169921793828e-02,7.582512095801931251e-02,7.550156939690813584e-02,7.167412520148939981e-02,7.707674156199521842e-02,7.714214425830762112e-02,8.109628445376536321e-02
1.158983192297894163e-02,1.839899925277337089e-02,1.618395116317606838e-02,1.859209660955787186e-02,1.103579180231017628e-02,6.531025246398632599e-03,9.239061229933601474e-03,1.273711818322873120e-02,9.686994283318589929e-03,1.703919570734524491e-02,2.277600255044516520e-02,7.545646949483501842e-03,7.842074648315136912e-03,1.244091990084584404e-02,2.708515832392654338e-02,3.296607339533788594e-02,2.062734791852528088e-02,2.095680843865755164e-02,2.258437597873998171e-02,2.456522009202704096e-02,2.174040038159220228e-02,2.683186735399268469e-02,2.985260770992086143e-02,2.667488288894965393e-02,3.184098154425762245e-02,2.611230710181318762e-02,3.231807780725253626e-02,3.622997531780493968e-02,3.107148707216280878e-02,2.489743572568186777e-02,7.575435481566257512e-03,-2.369556267106621636e-04,3.255043175063312803e-03,-4.044198915770979598e-03,9.057670101290386105e-03,1.356064268131825304e-02,3.216924041735774731e-02,4.103264284142392471e-02,4.520899107777044679e-02,4.256868868242086323e-02,4.177941038469414059e-02,4.149710593702249373e-02,4.361971682423518293e-02,4.968788114578482490e-02,4.775659416738517460e-02,4.424684144725991863e-02,4.887877869917563178e-02,5.966716876496915012e-02,5.413448472532285394e-02,4.710363401134117639e-02,5.103804510525611349e-02,4.881714739324201358e-02,4.166799506395532648e-02,5.940960801347761056e-02,5.426504032857503573e-02,5.754716588734013621e-02,4.943454913785309129e-02,5.473752207336383263e-02,5.653487657972912361e-02,4.801601048010759043e-02,5.672006777687863682e-02,5.011291943756299161e-02,5.602575956869637608e-02,6.491836510853259135e-02,5.264466427094419143e-02,4.522672751156040644e-02,3.425852470765303193e-02,3.841970965052727421e-02,3.359116022755138931e-02,3.624405372090354349e-02,2.982908696021441958e-02,3.589121148947851947e-02,2.731245635201723712e-02,3.876360102220651610e-02,4.237451545436909245e-02,4.052724109584844581e-02,3.808672936084096794e-02,4.101782098293180884e-02,3.481073102102320849e-02,4.568016381941796683e-02,4.230632479551433428e-02,4.369810679519347402e-02,3.930646092086041710e-02,2.985486474285510561e-02,3.628487761431446051e-02,1.965057515686701589e-02,2.238481067217352322e-02,3.938275389190445258e-02,3.720514403199987746e-02,4.969443923777468186e-02,5.616873521946418035e-02,4.745524795048032540e-02,5.078225154002136837e-02,4.060189404775949029e-02,4.672139951980745776e-02,4.630136060264591902e-02,3.967324412630320735e-02,4.696030925178028281e-02,5.800028777877714453e-02,5.398307946864183693e-02,5.789637780437613401e-02,6.054453282329018415e-02,6.105428111109238026e-02,5.312303743839807968e-02,6.034607220505429359e-02,6.301885145285777978e-02,6.539042068937901686e-02,5.632886055985607265e-02,6.386884740769778468e-02,6.881223545458960145e-02,7.176897026645860656e-02,7.856682674133418087e-02,6.674165438796030025e-02,6.604312549412334754e-02,6.931101420132709801e-02,7.835203865961980207e-02,8.935675324613061299e-02,7.805828956055162193e-02,7.603047153036372741e-02,7.769708975412832619e-02,8.212437393590732437e-02,8.257913437153223402e-02,8.446978059431108077e-02,8.805838206349329844e-02,8.955012268792651720e-02,8.797369810220116715e-02,8.879895386681710412e-02,9.127218948510802676e-02,9.727961910123363032e-02,1.029952040873620689e-01,9.776408827717313066e-02,1.012230602735485901e-01,1.050782329988143166e-01,1.107514173072338959e-01,1.179786047340269650e-01,1.166368783281221538e-01,1.205040756488632153e-01,1.283438802276097579e-01,1.175623539361146386e-01,1.241551950933479226e-01,1.255109762094991921e-01,1.214531259720689343e-01,1.213489741068976835e-01,1.321573597248402177e-01,1.375987150839859119e-01,1.290814646340437688e-01,1.249871511033530946e-01,1.129173613727248726e-01,1.146000397802242887e-01,1.176177015187590269e-01,1.176412249658018577e-01,1.224571461556746010e-01,1.237726099490411291e-01,1.171558763542564358e-01,1.184183588305290080e-01,1.145388446093934531e-01,1.240418059656960420e-01,1.234430715888720775e-01,1.441923989331065359e-01,1.472122228025735668e-01,1.401140774645780740e-01,1.419405914911631983e-01,1.395997798912620991e-01,1.297373156463387800e-01,1.427978658949896895e-01,1.472361675207346510e-01,1.428611915984816516e-01,1.423738537100738000e-01,1.422856529122871472e-01,1.441899992128514441e-01,1.474016775729214690e-01,1.465585931162287636e-01,1.493566291870043472e-01,1.437986980183939001e-01,1.501793020664047851e-01,1.447851112390060591e-01,1.534889848750966290e-01,1.482790431220578908e-01,1.457932830840029670e-01,1.399514488598562756e-01,1.333013339528698049e-01,1.318244843308953307e-01,1.296137137043654464e-01,1.403610394606874534e-01,1.432870615408934900e-01,1.527061635953258223e-01,1.518976936899953667e-01,1.593457229586127677e-01,1.538420820207370143e-01,1.543906227884915550e-01,1.516521178989978791e-01,1.435423469207109670e-01,1.446972601021984384e-01,1.480745245669503052e-01,1.417372265714587631e-01,1.372977356543220728e-01,1.409631798708846639e-01,1.457975471088862329e-01,1.527176354920985468e-01
-1.827976390245992892e-03,6.174475523918172316e-03,7.015418122576258866e-03,9.545351345978843327e-03,1.311047078980591071e-02,1.539834718408100364e-02,1.232786174287420558e-02,9.994963673363888024e-03,3.339549890592924744e-03,1.447109696394476355e-02,1.405522027775171420e-02,1.146638492071540283e-02,1.459730744925499639e-02,1.273938592752771326e-02,1.251396803431508060e-02,1.503780341300590788e-02,1.808360356918347137e-02,1.312333851084523419e-02,8.842539054865414250e-03,3.734982069076919070e-03,1.034690202185668470e-02,1.359778688658129682e-02,2.701079254267750585e-02,2.070963300348808989e-02,1.681986164187927041e-02,2.803808895551729644e-02,3.303906474957715722e-02,2.824804193336882818e-02,3.171746122872268897e-02,2.716553339299329281e-02,2.250737812963760076e-02,1.904979368022263753e-02,2.169157162354879917e-02,1.941493040270080017e-02,2.814616687490636635e-02,3.868616042276641631e-02,4.104099640337482285e-02,4.524677141066496544e-02,4.710804996681455803e-02,4.523508123514093093e-02,4.901795143788989506e-02,4.239853095484969608e-02,3.296996854634176577e-02,3.329402885457492106e-02,2.149456095727736438e-02,2.188939052988530046e-02,2.817021218757356435e-02,3.050868185157809206e-02,3.016977535512834971e-02,4.144379281495839951e-02,4.464243433853088555e-02,4.798306397040869725e-02,4.632682528282305173e-02,5.427274349694102135e-02,5.667729029166861110e-02,6.664202125099483176e-02,5.826174189385120716e-02,7.738602411685101268e-02,8.455499953494080567e-02,7.853505508107004596e-02,9.181347641064861731e-02,8.158717693944128602e-02,7.996241652414200207e-02,6.557795863999127395e-02,6.318181618515453235e-02,6.789080570662765768e-02,7.068933083559945929e-02,6.097520028253702179e-02,5.447827050190145320e-02,4.781439693255196827e-02,4.902698453820483748e-02,4.628898363991650056e-02,4.386082416280514401e-02,4.732158568494965190e-02,5.821348938660120265e-02,5.719779046495093722e-02,5.968195922335482045e-02,4.882912907384982792e-02,5.107955241597783580e-02,5.111912805238086333e-02,4.383841892142287949e-02,3.456886271017942103e-02,3.147618563614883874e-02,2.449341426000655256e-02,2.748336752805910152e-02,3.611068176032492666e-02,3.242838474497541923e-02,2.146367302385571857e-02,1.541136813780744942e-02,2.755034297280609112e-02,2.738026819029436634e-02,3.166740729726760795e-02,3.634789479174710403e-02,3.374718450702841877e-02,3.714187518697956158e-02,3.601467299937310962e-02,3.371732616511567693e-02,2.373719116719446090e-02,3.044086284933412642e-02,2.872126958841968863e-02,1.290714958457850337e-02,1.685558446492629522e-02,1.443212996454594499e-02,2.288620725462942734e-02,3.207878305213673897e-02,3.786317640002918178e-02,4.367973156445998512e-02,3.386990312614202719e-02,3.594019310754352492e-02,3.560849254240004702e-02,4.582717588182155799e-02,4.580652101360251083e-02,4.550189805300930423e-02,4.539830301912285010e-02,5.180323582468439325e-02,4.594560163277387754e-02,3.939663520384242834e-02,3.380231514907414136e-02,4.316152998506456173e-02,2.973384286895158768e-02,3.713462279337666899e-02,2.928550353172384990e-02,1.441123767026464102e-02,8.310322547275369315e-03,1.080641031122866677e-02,4.664529607675722833e-03,-5.340681624698861985e-03,2.110076340857508677e-03,4.083591699110841397e-03,3.710217823477538358e-03,-1.227917634964194316e-05,-5.682924133568477247e-03,-4.715974796671242378e-03,-2.648891472295930236e-04,-3.470867792149001652e-03,-6.811003777809005073e-03,-9.893644942239213785e-03,-1.017444549613451266e-02,-4.797374988127232030e-03,3.212223685268648411e-03,4.732947931249302867e-04,-1.367113971887935460e-03,2.982106750588528823e-03,1.387691007496101928e-02,2.480626939848781104e-02,2.135849586462609459e-02,2.957733393053417481e-02,2.221576261486426368e-02,1.543951582882549002e-02,1.779710747139572752e-02,2.330667884998538497e-02,2.499779777084234350e-02,2.316270247719970019e-02,2.160330955408606632e-02,1.905943201645401291e-02,2.815145594282389072e-02,3.353358427059478786e-02,2.850408773028580145e-02,2.175240503643756027e-02,1.918121250378241466e-02,1.458345075895240914e-02,1.411341889966448090e-02,2.249121990005134922e-02,2.894358470681575660e-02,3.943766047371980582e-02,4.805675979342854259e-02,4.568697282357878087e-02,4.149255181539442117e-02,3.393119415375774051e-02,3.533650712470159244e-02,3.715321581757807801e-02,4.580496478104559982e-02,4.928304035578500580e-02,5.393944440350097180e-02,5.546000661209430499e-02,5.867790705040769328e-02,5.762108960889305437e-02,5.213284443621631070e-02,4.869563205299608233e-02,4.712556836207829752e-02,4.828318962565127798e-02,4.447313581958203116e-02,4.891809900618675211e-02,4.852218895031498724e-02,4.654809667722586281e-02,4.979866505503108970e-02,4.324682470968607001e-02,4.457610387459538109e-02,4.501556785455105431e-02,5.003302667365355783e-02,4.499435768665485669e-02,4.365440816224986503e-02,5.616293693225704597e-02,5.166480083649006849e-02,4.548798603709028332e-02,3.128454322535355325e-02,3.518626311569419962e-02,3.603116727614995296e-02,5.092483547014155926e-02
4.997776245200941658e-01,4.944402079510603620e-01,4.955635247626131723e-01,5.022999531019713970e-01,4.990036228179551836e-01,4.968665112043150756e-01,4.905316019079604684e-01,4.973358281872249376e-01,5.046198414532606646e-01,4.996820104341087587e-01,4.961342051052677893e-01,4.978543252928708251e-01,5.027949985292536894e-01,5.091658653977102489e-01,5.072120414896044149e-01,5.149155563217787668e-01,5.121899823583339062e-01,5.139003059821589670e-01,5.134192937206050189e-01,5.077146570887514088e-01,5.107756344046759933e-01,5.176185259862421395e-01,5.180723582570131436e-01,5.230130981509438781e-01,5.153788922526842953e-01,5.108221768486553849e-01,5.101494687936135586e-01,5.110052190148279827e-01,5.146240999546248807e-01,5.186092040293587280e-01,5.177478227256270271e-01,5.185163994026265044e-01,5.243099020539908617e-01,5.305667445336840204e-01,5.239247248890870345e-01,5.272805761723106110e-01,5.371514206136610570e-01,5.397975948247570877e-01,5.544024353824827944e-01,5.553841654102359415e-01,5.484032190699735798e-01,5.471694427711432107e-01,5.506487554801071660e-01,5.437689127786760057e-01,5.496039676716687472e-01,5.510284790620711970e-01,5.428643126071135416e-01,5.396167031929662850e-01,5.377604765457713043e-01,5.347371621657845964e-01,5.244667853116248279e-01,5.360497315564456411e-01,5.394762976225827567e-01,5.306755883571397936e-01,5.349750403096892315e-01,5.408677193012257911e-01,5.342279397173724798e-01,5.379155179482275617e-01,5.400938821859926353e-01,5.369514127531321845e-01,5.295923889682714325e-01,5.252907065323790814e-01,5.308493571553831725e-01,5.367789236668576436e-01,5.218749789842848097e-01,5.088490230311759621e-01,5.113895448741720973e-01,5.028420250842897676e-01,5.100059510480490221e-01,5.128737869487428602e-01,5.210352207711390626e-01,5.150532736128403677e-01,5.097720275911314936e-01,5.025021250702785824e-01,4.943438386590921496e-01,4.944029951646916055e-01,4.929932178372266605e-01,4.905185851338030867e-01,4.767165484634547923e-01,4.773797810899627070e-01,4.619092804788146323e-01,4.499748834394978747e-01,4.514706948442920309e-01,4.627121243357940061e-01,4.753432637047392273e-01,4.552037419881196367e-01,4.587496321286262391e-01,4.661801799597730667e-01,4.732349726766365006e-01,4.725426841769330144e-01,4.675293683372678255e-01,4.713700189344929847e-01,4.660878335333632494e-01,4.792962690960361760e-01,4.787040425031051094e-01,4.586522139849637525e-01,4.548784365617096204e-01,4.452349220739601487e-01,4.397287679142481420e-01,4.356996415835289738e-01,4.221391934244445587e-01,4.274922268917166757e-01,4.386640672944869257e-01,4.506720012761881167e-01,4.496947335468837181e-01,4.550817152076908623e-01,4.511935202736887529e-01,4.489771859173636859e-01,4.409076840687892185e-01,4.385967264235815510e-01,4.412422434755284839e-01,4.435730606578136004e-01,4.521257294246202041e-01,4.508534977744867445e-01,4.588598164168737892e-01,4.543141753396542359e-01,4.511047102006144893e-01,4.575681954769239557e-01,4.581844635611800332e-01,4.659600748026440642e-01,4.732079081645767515e-01,4.698226281651106673e-01,4.782112195454606973e-01,4.801185303851097097e-01,4.721444006418943351e-01,4.660438660875445560e-01,4.583692140142474059e-01,4.603718017911866967e-01,4.480697447510162967e-01,4.487092491400315186e-01,4.448860442954403749e-01,4.572943951660604078e-01,4.542163954333927056e-01,4.576993478689599937e-01,4.552021982002048550e-01,4.648928843333329231e-01,4.583325214313099805e-01,4.616573472860200922e-01,4.709807807020707227e-01,4.870462606951277418e-01,4.899638569947760147e-01,4.856463237675358591e-01,4.859658039932107099e-01,4.905260405923931311e-01,4.984914994610730732e-01,4.927856393138587143e-01,4.846949735156301231e-01,4.785671580721252982e-01,4.773150894231982244e-01,4.746331382286284040e-01,4.773339909105019929e-01,4.742675115894242066e-01,4.731006879151073430e-01,4.726412278122491539e-01,4.823436755840806445e-01,4.737347802375197481e-01,4.706489369965083935e-01,4.743677806401853103e-01,4.569038515963226299e-01,4.536548131616930379e-01,4.436856072554936636e-01,4.415515686820892793e-01,4.366928545042405574e-01,4.338970407599170853e-01,4.432510567787680822e-01,4.498398354695165025e-01,4.439379448005274509e-01,4.432605680059395481e-01,4.400841934719434967e-01,4.419303698142665882e-01,4.450240529535665623e-01,4.554382904960005973e-01,4.616225439921666784e-01,4.553760565015584350e-01,4.614669412858670716e-01,4.708628918172095834e-01,4.735281639511474405e-01,4.673011804119860946e-01,4.735217279748681896e-01,4.742126213045969596e-01,4.784478414093825682e-01,4.796135829720409860e-01,4.796542079807816217e-01,4.744741146325096581e-01,4.739687405050723723e-01,4.659982523247257480e-01,4.698748290398427341e-01,4.689802893487175495e-01,4.768146093419015630e-01,4.791691761159936336e-01,4.673883035867209546e-01,4.777982615580216308e-01,4.735174104211447577e-01,4.830821336013605971e-01,4.842952533731187947e-01,4.816220259570522244e-01,4.841795143965298975e-01,4.819439446239479063e-01,4.948522642743673483e-01
6.674466539868894807e-03,5.449150646642995921e-03,1.040766605949521029e-02,1.301483440955948298e-02,1.477520543741148683e-02,1.881411463055871619e-02,1.459908274312140750e-02,1.675762803144488847e-02,1.454324540423530474e-02,1.187504503392405875e-02,1.157559778513562662e-02,1.951040848128642730e-02,1.680767070586260820e-02,3.265193937149837855e-02,2.327567010632715372e-02,2.078305447908078765e-02,2.172698915955711615e-02,2.216621834451472720e-02,2.355870354214918694e-02,1.673262046255632671e-02,1.334614935607383174e-02,1.260315859987709390e-02,1.871928626155693748e-02,2.489775318435542492e-02,2.496489294353556460e-02,2.626299169429007277e-02,2.475137929335553821e-02,2.532288709865844825e-02,2.561156932580093901e-02,2.212329184179271518e-02,2.333874368506496863e-02,2.202460818091501668e-02,1.057679896760536226e-02,1.617866569620830114e-02,5.026589505968277402e-03,1.431901249574550443e-03,-2.564809549017682370e-03,5.390526596904423977e-03,4.998341197240381041e-03,6.372366461191796526e-03,1.591354366970270870e-02,2.845018263063902458e-02,2.959562807822352370e-02,3.192500162265621277e-02,3.308396658407087437e-02,3.263128582346933731e-02,4.151632618424215548e-02,4.906545759531736467e-02,4.789092983980547391e-02,4.636400412816686634e-02,4.732581636657085672e-02,4.302221864910502069e-02,3.896815749328938483e-02,2.954948666322781969e-02,2.219139411518558300e-02,1.610195937878405870e-02,1.117101217283346035e-02,-5.851852974749154057e-03,-4.500947512880241683e-03,3.432875877796151901e-04,2.593339591552004924e-03,2.536468688504679540e-03,-6.592301699403447547e-03,-1.146066571465647298e-02,-8.332446878421577094e-03,-6.437864155335606964e-03,-2.824458367746396446e-03,-3.722486179339020308e-03,-1.384080648791623583e-02,-1.865344348846228670e-02,-2.711090488725709929e-02,-2.750484970680534477e-02,-2.206174382705632098e-02,-3.011922965060432472e-02,-2.724926670924003244e-02,-2.277943287493753438e-02,-2.682319631579978617e-02,-1.954440962787352271e-02,-1.634843703634255435e-02,-1.709258318265986787e-02,-1.621022621757581272e-02,-1.201782799447018678e-02,-1.570154920867001744e-02,-2.210459192082614086e-02,-2.711005213669532080e-02,-3.352353384949602333e-02,-3.470015809425455039e-02,-3.131818251479886323e-02,-1.996637302048457144e-02,-9.901812034848300748e-03,-1.199393057695813218e-02,-9.654288074341883796e-03,-1.452881643175982923e-02,-2.544092149762618854e-02,-2.984899716903720648e-02,-1.768601599806034208e-02,-1.040655463437986650e-02,-5.269751222890660391e-03,-1.062443590862160829e-02,-7.461607913885635879e-03,3.145310885211491034e-03,5.602684726928289401e-04,3.836840318563620143e-03,6.779433280292240446e-03,6.142842088031352961e-03,6.565183958931165853e-03,7.482364043833781252e-03,1.053702816872295264e-02,1.754998212659216947e-02,1.484943767313679289e-02,1.842695483973930473e-02,2.071098406789806043e-02,1.741885542409665408e-02,2.629917347840308658e-02,3.521996092883437207e-02,4.071519076473872900e-02,3.792631217077446076e-02,3.930110726107596819e-02,4.689797380355482243e-02,5.028149403403731760e-02,4.821819865827892126e-02,3.702561631013064070e-02,4.008373946292585061e-02,3.984088611660668855e-02,3.600590765648080394e-02,3.847180412044576281e-02,3.420609654626100005e-02,3.130685367324659990e-02,2.902898015208673493e-02,2.039819605996858951e-02,2.455728049125521090e-02,2.949254552030716389e-02,3.215571390142835106e-02,3.044419172371888582e-02,1.797273931097219390e-02,2.431958095203415673e-02,2.835472710260186768e-02,2.661121714830023965e-02,2.827094913604939058e-02,3.487865017686558183e-02,3.361389289079380616e-02,2.991426130147072440e-02,3.439457742474591462e-02,2.119436826841717553e-02,2.561952016764781903e-02,3.259957634238815072e-02,3.926230161096724847e-02,3.948616690032751703e-02,3.385597176587779034e-02,3.266996945120256846e-02,4.027076621072305657e-02,4.950530806544588963e-02,5.607853990743542905e-02,6.495683158738621565e-02,5.730360767715538678e-02,4.812632009108722825e-02,5.652101098378935901e-02,5.648203202313571009e-02,6.085415747526296687e-02,5.892105507688877308e-02,5.989483339340086199e-02,5.982391829092243568e-02,5.529230680876384002e-02,6.432615884085547686e-02,7.048482464917739387e-02,6.356508754398312866e-02,6.476017229680670895e-02,5.928562999772971770e-02,6.422639179355311978e-02,7.639143772702136626e-02,7.559932923014975326e-02,6.913938389629117887e-02,5.817753916213048299e-02,5.812680015726990473e-02,5.325394771597260352e-02,6.267682897662135710e-02,6.401850219641561091e-02,5.849304155945692085e-02,7.139688297327585753e-02,7.426561478086937673e-02,6.865568492220397445e-02,6.364305942226738955e-02,5.870449623170220094e-02,6.735259945961313832e-02,6.418856086895907698e-02,7.096237972932430138e-02,6.989698949626721447e-02,6.781151462852989809e-02,7.936956937113620603e-02,8.828226113561472854e-02,8.696622973488422892e-02,8.082084826357485707e-02,8.701737733774307648e-02,7.859662998697325431e-02,8.169024898701308934e-02,7.682377598223143200e-02,6.415661789879464894e-02,6.418950750132827732e-02,7.061421834646118556e-02
9.690090974052781303e-03,1.067867027021874443e-02,4.449970332207795268e-03,1.243099285546893883e-02,1.363006508578326094e-02,2.074902641413917462e-02,2.708275490299412100e-02,2.786382523190335941e-02,1.967168362324037828e-02,9.213229872722767180e-03,1.326313306662716372e-02,7.711396875504808110e-03,7.188948340829171869e-03,1.108335018731075247e-02,1.545290230251701591e-02,6.559422609116169478e-03,1.266951536937141812e-02,1.551741561457592455e-02,2.920508164381507149e-02,2.749679819936984640e-02,2.138445432863773574e-02,1.844998303660945471e-02,4.414626580082877186e-03,9.424795562875738775e-03,-2.475319365757460907e-03,-8.359124212093706208e-03,-6.556667562119159777e-03,-7.306709045022632965e-03,-4.199186850537611412e-04,-9.957507879126602235e-03,-4.813795234098399572e-03,-4.598644035045433391e-03,-7.710107827871480468e-03,-6.708178988355694566e-03,-8.661711380617900802e-04,1.154892702809361300e-03,-4.538424233774944819e-03,4.104541460925568291e-03,6.356030768215482907e-03,1.045683526527384222e-02,6.282367104686385068e-03,1.073004484790853960e-03,-1.013119864988538781e-02,-1.715817035209396893e-02,-2.203955570508830258e-02,-1.718006973466653167e-02,-1.393532222877204643e-02,-2.083389721682730664e-02,-1.254762165026522720e-02,-9.779241620730520085e-03,-1.521151398278815757e-02,-2.135284100646205746e-02,-2.986750133021904424e-02,-2.023911214145497628e-02,-2.684970488604704331e-02,-2.975616803280171571e-02,-3.560766420079363587e-02,-4.125981773545651238e-02,-4.144330814419304454e-02,-4.873566015991841194e-02,-4.209235135296798824e-02,-4.833497780853952819e-02,-5.546400314112785723e-02,-6.166813558239695597e-02,-6.030266013232823963e-02,-7.150341162048040600e-02,-8.302099972654029825e-02,-8.185332717859961082e-02,-7.404039967511974463e-02,-8.342457046676222954e-02,-7.537876194646649097e-02,-7.843884888464787430e-02,-7.852553031375938963e-02,-7.338172569411309520e-02,-7.031177454338731481e-02,-6.281552383874453027e-02,-4.866137205061177307e-02,-4.567420236341415696e-02,-4.758016568500299248e-02,-5.081062335566927102e-02,-5.144490960783612565e-02,-4.511488374845384897e-02,-4.497718858634817962e-02,-4.416710268930219146e-02,-4.607357972988564837e-02,-5.624847240640762358e-02,-5.823732906793369773e-02,-5.628419670820940246e-02,-5.560529865978432185e-02,-5.281095475351423735e-02,-5.148306217780205390e-02,-5.352928255096047611e-02,-5.114068722766058894e-02,-5.747368410619155266e-02,-5.840835684723631738e-02,-5.049838060730753309e-02,-4.986081153756270062e-02,-5.653750300350210423e-02,-6.965836136842271098e-02,-7.666860312362626384e-02,-7.771923154519683186e-02,-7.676589574069617172e-02,-7.618111769504447295e-02,-7.673544034911260192e-02,-7.623900453876342187e-02,-7.122726787295687034e-02,-5.697026700519917941e-02,-5.491804911610512901e-02,-4.795684191392082796e-02,-5.519331503889843976e-02,-6.375640619932762543e-02,-6.447012382009514875e-02,-5.310734521718841333e-02,-4.988988034678615291e-02,-4.667762095446777865e-02,-4.384829092511420556e-02,-4.353006217441345027e-02,-4.324997618845312364e-02,-3.891104860486483547e-02,-4.793268073393387035e-02,-4.412637166748822892e-02,-5.296901124959631918e-02,-5.986660544279572699e-02,-6.553327434931426054e-02,-6.415478910039540406e-02,-6.686985181046217752e-02,-5.894440162986423759e-02,-5.175663215015099961e-02,-6.389588037646713736e-02,-6.304384168893584217e-02,-6.569895568401210029e-02,-6.366500479414338720e-02,-6.554178190654649794e-02,-6.739730942425971316e-02,-6.751595128855540640e-02,-5.729746167737095885e-02,-5.952995428140465256e-02,-6.414311735449917951e-02,-6.771174331317650341e-02,-6.685259232461986112e-02,-4.951839605983348463e-02,-4.198360106513698842e-02,-3.970767981238509242e-02,-3.897769929575774228e-02,-3.839455605704006347e-02,-3.169638065365823487e-02,-2.398483413008372506e-02,-2.259503832653103617e-02,-2.356712737685042608e-02,-3.143519021754123677e-02,-2.415560733409929592e-02,-2.332507439921235187e-02,-2.072652293199354553e-02,-2.436939367898287995e-02,-1.934583246930929659e-02,-2.722827259925711396e-02,-2.369509363397529281e-02,-2.130410866712850390e-02,-3.122480996607016057e-02,-3.237407276734687034e-02,-3.603666987155643847e-02,-4.238566580794963373e-02,-3.162753946205670158e-02,-3.459005715439820300e-02,-4.615151568503456092e-02,-4.292186433051019961e-02,-3.498497102858028063e-02,-3.060431426086051773e-02,-1.382651274836373817e-02,-1.373618268540469263e-02,-1.771328067018758390e-02,-2.192795824101780727e-02,-1.997788360373338803e-02,-1.971033455745456117e-02,-1.708301482470146043e-02,-2.987570103796002852e-02,-2.214611177529181296e-02,-3.325009738045351521e-02,-3.933011563389251369e-02,-3.517333020581098896e-02,-3.397682501135810412e-02,-4.582229519793371009e-02,-4.861599097154721549e-02,-4.937014643305019657e-02,-5.431969777956043022e-02,-6.046756178157499523e-02,-5.730722353649995299e-02,-6.500615183783738094e-02,-6.147427272205362170e-02,-5.849589963103151574e-02,-6.527138669842727503e-02,-5.749962597092374977e-02,-5.182018948592769653e-02,-5.093062115210999358e-02,-5.063291711172594745e-02,-5.503202387931978301e-02,-5.376159301555167441e-02,-5.242085761841520919e-02,-4.897814394949681627e-02
-1.096971796752730689e-02,-1.972953938086567313e-02,-1.558126614495679470e-02,-1.830983670373019859e-02,-2.426008436336322960e-02,-2.619337541666042629e-02,-2.075385410003324771e-02,-1.451483873220757448e-02,-1.988258195382200041e-02,-1.987941954936730399e-02,-2.121601712119582095e-02,-1.641180073095085956e-02,-2.106890716455793455e-02,-1.638474724424763412e-02,-1.698574002907687550e-02,-2.132818199323865266e-02,-2.511931115993502189e-02,-2.276878849263008417e-02,-2.477066165427419669e-02,-1.704030071571817351e-02,-1.213421097170172200e-02,-1.696567876600288058e-02,-1.472590298759605433e-02,-1.362014986644866262e-02,-1.165676337963305470e-02,-9.678941489417803093e-03,-1.246886824986816363e-02,-9.853442160704748570e-03,-5.118009358235653568e-03,-7.775301940704762438e-03,-7.152210375714747499e-03,-7.607121660274939433e-03,-5.368727858086792815e-04,-3.367388582187138581e-03,-9.861265464245996815e-03,-9.284415975943309529e-03,-6.687286886891672701e-03,-3.391657688349735029e-03,-3.785640215777545843e-03,-1.653874522673375556e-03,3.698843031354674335e-03,7.719106317609358836e-04,6.313094622518330284e-03,8.505074426129400483e-03,-4.500376537360944312e-03,-1.748156718953011723e-02,-2.171229191332253033e-02,-2.012916533364359981e-02,-1.132173342586811383e-02,-8.549597916751741286e-03,-2.028599168107832543e-02,-9.561661767826933056e-03,-1.646639529288869766e-02,-1.821271556225579485e-02,-1.291209652257540447e-02,-8.320131088683738879e-03,-1.042820159652080997e-02,-3.616070621118183670e-03,-9.066937399219428956e-03,-3.833075694102208025e-03,-2.058577626596620747e-03,-1.797339981558707458e-02,-1.803138385899577881e-02,-1.636033262420244841e-02,-1.626218351789544825e-02,-1.459915970362352620e-02,-1.316903015289651313e-02,-1.458164555291360624e-02,-1.334395096171857829e-02,-1.724317662720727118e-02,-9.265615075272182199e-03,-3.554132327196623739e-03,4.515497897131473537e-03,6.606928180537987097e-03,1.900867645517287027e-02,2.069252266515471742e-02,2.104554866661795254e-02,2.611219798069982709e-02,2.568327696597918694e-02,2.340677285010986028e-02,2.663171871977086658e-02,2.988294670856489130e-02,3.667331558409530484e-02,4.328036247165244210e-02,4.695445635167974641e-02,4.457774832387111780e-02,4.711236738106056726e-02,4.647372329287699499e-02,4.684900164487826313e-02,4.300317258649226371e-02,3.858281926234825854e-02,3.856405314917960708e-02,4.515872332186519900e-02,2.597456464837605630e-02,2.388891825112233330e-02,2.790138599438468300e-02,3.297353646021266432e-02,3.394622505080720221e-02,2.979130332287586655e-02,1.964917393665159204e-02,9.933933854397536053e-03,1.608486671925613010e-02,2.787230908009843272e-02,2.436029284427389599e-02,3.041052773494295342e-02,2.624430223830370376e-02,3.421365006701005546e-02,4.389843767894981152e-02,3.576442031847141406e-02,4.564250684201241054e-02,4.485306435626078975e-02,3.773542669503431035e-02,2.634182102301105277e-02,2.799414477405096080e-02,3.166997417400535531e-02,2.914687780074680726e-02,3.138171647539286790e-02,2.743887561389341326e-02,3.095128161870924419e-02,3.049406440102035015e-02,4.323359619577273744e-02,3.392860461898491303e-02,3.827194345886969495e-02,2.570214585542384550e-02,2.065975061142670544e-02,2.122251031677854782e-02,1.842633217078336674e-02,2.699807685979703498e-02,2.612519779328807690e-02,3.130289233300405372e-02,3.335178127784473728e-02,3.650129929352557978e-02,3.629337852018645755e-02,4.341007993029850909e-02,4.379729413251986364e-02,3.739158922086301129e-02,3.970800575848847103e-02,3.555283289840651534e-02,3.490479078607894997e-02,4.177890391898781558e-02,4.212038914090086850e-02,3.730823484977680710e-02,4.579326216390042920e-02,4.257487434552587741e-02,2.751499673005564431e-02,2.551604834262207258e-02,2.956779462712034665e-02,2.310415895947614401e-02,1.637262507761303235e-02,1.415895953713075181e-02,2.085041841408952212e-02,6.359574262775327322e-03,-5.643411786179716033e-03,-1.402085478471776052e-02,-2.600053726638381149e-02,-2.933609910826703512e-02,-2.801831443422825654e-02,-2.983208295738198207e-02,-2.568500312329547591e-02,-2.056844922887795385e-02,-3.129562016834294691e-02,-2.462049562358882560e-02,-2.328162106633196657e-02,-3.008174136104314889e-02,-2.739366798014715096e-02,-2.091013813629472723e-02,-2.984968338122895998e-02,-2.009562876012120636e-02,-1.329156079031921373e-02,-1.946329205243658989e-02,-2.069458411183305174e-02,-2.550169388912622292e-02,-2.182975333490039943e-02,-1.215439306827426069e-02,6.535117517699282758e-03,1.185593481869882081e-02,1.425993376855494432e-02,9.843640409490924531e-03,1.006130104089698711e-02,1.888453303442680364e-02,1.441265817300032767e-02,1.830705137792837736e-02,2.212783993742300712e-02,2.663946643570086134e-02,2.395213484011565752e-02,2.634731140435010721e-02,2.893785683909046169e-02,3.774782518660752678e-02,3.412098322627308417e-02,3.273061363205977820e-02,2.536490507703760555e-02,1.759363888791063563e-02,1.387396992340241518e-02,6.536652852384829820e-03,2.942207320844851624e-03,-5.583738811396239676e-03,3.292347190499424550e-03,7.930953665324674828e-03,1.670594681575147955e-02
-3.531138391587796983e-03,-5.130626906631021236e-03,-9.469958140971991567e-03,-1.276850601328152757e-02,-2.026262669660988322e-02,-2.581239497340134803e-02,-2.224590680008052546e-02,-1.145848008263666146e-02,-1.981714453855541735e-02,-3.322252196876654406e-02,-3.842576274015505056e-02,-3.949028877737110338e-02,-2.624494031541226360e-02,-2.420248173475379738e-02,-1.840765861227611211e-02,-2.177647042731373911e-02,-1.766297382289589921e-02,-2.469887885957465501e-02,-3.510086779045125394e-02,-2.657912750267142979e-02,-1.641680236661224868e-02,-1.183755330076808124e-02,-1.074449700504482609e-02,-1.059276851962383768e-02,-2.103540962298049849e-02,-2.064620150327649978e-02,-3.611934740246992848e-02,-4.484128669414853136e-02,-5.559143739199910728e-02,-6.408322401377802846e-02,-7.182218583679021717e-02,-7.115096270075213503e-02,-7.027419290355692294e-02,-7.657387646307181606e-02,-8.375455833488838764e-02,-9.452495465060871405e-02,-8.244841095483813886e-02,-7.972930225084987055e-02,-8.556189864539584522e-02,-9.217701029433476856e-02,-1.006911763365692103e-01,-1.075185419580126367e-01,-1.146108035920615220e-01,-1.111074360450092779e-01,-1.132631603326723357e-01,-1.131151075585445781e-01,-1.002482397579590734e-01,-1.041910634304234751e-01,-1.083407423394469188e-01,-1.188744507401480466e-01,-1.211960086365335143e-01,-1.224623191019336838e-01,-1.327579243142838206e-01,-1.321142697548112477e-01,-1.308560515613116371e-01,-1.334039497418321174e-01,-1.375137142106060417e-01,-1.373154509459363903e-01,-1.464098015547759812e-01,-1.434355186538855409e-01,-1.389654525932343399e-01,-1.416780558390580425e-01,-1.446760276458139982e-01,-1.436652193315541282e-01,-1.374877555930155704e-01,-1.404603072749052439e-01,-1.421368567083529377e-01,-1.580447577924596336e-01,-1.554929777868473695e-01,-1.533988203639933823e-01,-1.448782972639808819e-01,-1.515856481621918050e-01,-1.449411400685796103e-01,-1.372103822002874729e-01,-1.446362626721295341e-01,-1.291621268954434576e-01,-1.301430523014875940e-01,-1.465157471589310090e-01,-1.462712238029667267e-01,-1.506901757886757454e-01,-1.432435004176278448e-01,-1.439979200521156466e-01,-1.393432757896574947e-01,-1.417559473954437821e-01,-1.340518893777346565e-01,-1.357570095112222153e-01,-1.369364881105909204e-01,-1.324222542144852521e-01,-1.331429972068825240e-01,-1.335453010279602504e-01,-1.293509104641511198e-01,-1.305561726022275160e-01,-1.283072793275522316e-01,-1.273388950652836471e-01,-1.160352008709981397e-01,-1.118361505693688113e-01,-1.172297232352077501e-01,-1.043639871164742938e-01,-1.097995763076063530e-01,-1.153671678661378208e-01,-1.331676134045954862e-01,-1.342258031720954259e-01,-1.315175264063854210e-01,-1.279958716655448803e-01,-1.281168686250871713e-01,-1.198267329261928776e-01,-1.244367837279394956e-01,-1.073444975684482577e-01,-1.093427188540619099e-01,-1.132916025788253123e-01,-1.201390666301301868e-01,-1.264400851974319395e-01,-1.289806364021080787e-01,-1.212898136591561288e-01,-1.158848580712832782e-01,-1.094187375379214455e-01,-1.086581430447462054e-01,-1.007509364895416148e-01,-1.013555389916566962e-01,-9.843353323786625808e-02,-1.070636285352355166e-01,-1.012484680114331542e-01,-9.860475025756956780e-02,-9.634111399918474095e-02,-9.933752215866058222e-02,-9.457421233078704137e-02,-9.046612821663388426e-02,-8.765672767068632965e-02,-8.713918145546634131e-02,-9.028152120175916839e-02,-7.917871111090768466e-02,-7.630493479579462945e-02,-7.833878014045488059e-02,-6.957228212330218708e-02,-7.181833700049954083e-02,-7.931919752855751127e-02,-7.767125683857380170e-02,-7.557454258691288784e-02,-8.312782530092231725e-02,-8.098814596779260744e-02,-8.327026302806142533e-02,-8.666054739787563965e-02,-9.082094049461474083e-02,-8.979628076092432964e-02,-7.858618582969675859e-02,-8.048602311785969798e-02,-7.829844360825190253e-02,-7.130340209482846636e-02,-6.451937724829097387e-02,-7.352819095797891169e-02,-7.382878179830239251e-02,-6.881626928552762867e-02,-6.903780599887596181e-02,-7.122703822111024763e-02,-6.940016548627334081e-02,-5.505468806464726417e-02,-4.363823533824233436e-02,-4.607528990801446067e-02,-3.829574697238020964e-02,-4.226308291571304054e-02,-3.541343156917905327e-02,-3.534378024779513683e-02,-3.036978586951871728e-02,-2.664039650475482843e-02,-1.609988527168412786e-02,-1.831840410669480917e-02,-1.690429929156944330e-02,-1.821668933704636076e-02,-1.590034611691893210e-02,-2.398230758353158548e-02,-3.220175977008447182e-02,-4.405854642730179516e-02,-4.116305543335441186e-02,-3.001979944559867580e-02,-2.039928105194348945e-02,-1.398378245268305266e-02,-4.080020832790314314e-03,-5.272517543688463176e-05,1.836042748617318495e-03,7.633838478275251430e-03,-3.349863500173751174e-03,-1.344525925614641071e-02,-1.585172101219284313e-02,-1.061836727557335242e-02,-1.096808956582754832e-02,-1.405184085072735956e-02,-1.653675800668312490e-02,-2.433425807295592352e-02,-2.073637827011649837e-02,-3.658892987222892024e-02,-2.844129165570096623e-02,-2.661919847097357281e-02,-3.612112308948609019e-02,-3.367453848225884089e-02,-2.966701131328149110e-02,-2.523453523223180214e-02,-2.343597657480887830e-02,-2.239567349358846660e-02,-2.347135231455322810e-02
1.088795728274995211e-02,3.752738906877423238e-03,-2.399346608191893666e-03,-2.099181947636129600e-03,-8.593109932623195502e-03,-4.454502340340481432e-03,-1.269768619565641958e-03,9.253539972815690712e-03,4.144491100367636224e-03,-5.433356244508502284e-04,3.401386468609940948e-03,1.759294583990987995e-02,5.479911905547613094e-03,6.862263004536765451e-03,1.043066971827143023e-02,1.251446303713697056e-02,1.401454803246980976e-03,1.191011149701591033e-03,3.400602824310262591e-04,1.329822887185997445e-03,4.026650253475421749e-04,-4.022566159334838715e-03,-1.355377133804754920e-02,-1.993843891908260793e-02,-2.015555111247845088e-02,-2.946529751117018397e-02,-2.110060881866415022e-02,-1.552107748902775697e-02,-1.837860525908968298e-02,-1.303485770493544374e-02,-1.298686757447240978e-02,-2.144955103859827114e-02,-2.851455323314713505e-02,-2.774914382256064849e-02,-2.007659691402237379e-02,-1.707747395539907509e-02,-9.966173866962245095e-03,-1.215083550144907890e-02,-7.159130216064282445e-03,1.597561438593721184e-03,1.495181367472206077e-02,1.968877618070358562e-02,1.110815821119564423e-02,1.014466626404256049e-02,1.008893242503632742e-02,2.077267729521482115e-03,1.001865954527502919e-02,9.647786273514893235e-03,1.171141770326728643e-02,4.998679925675221167e-03,-9.150034322635662576e-04,-9.802533482784847249e-03,-5.207195129054474105e-03,-7.057749290151557608e-04,3.592663140352883241e-03,1.630077051343959207e-03,1.189077867815128628e-02,1.102198133094725238e-02,6.691267251987526206e-03,-3.864955891327921840e-03,7.949293291999569994e-04,-1.909319171189773328e-03,2.948585027369596701e-03,5.864782003648581245e-03,6.955632688697666391e-03,-1.394365921976073452e-03,-5.483628443237529085e-03,-7.197190453801502463e-03,-1.596931412892117069e-02,-2.050334732095844548e-02,-2.720734599869557499e-02,-1.677653484490836816e-02,-1.372820260896937157e-02,-1.100163247586600015e-02,-5.438342972210953759e-03,-2.442347149772488343e-03,-5.471803868267240134e-03,-1.306389151564230598e-03,-1.298153151170423425e-03,-2.229996307482541747e-03,-8.030513200385884509e-03,-5.615825869323808756e-03,-9.347191718566254595e-03,-6.135821969267034326e-03,2.277120920452258349e-03,4.741923656450342320e-03,6.376203232673601298e-04,-9.094398981395377356e-04,-7.459211116350693282e-03,-2.079554550095859440e-03,6.670576909094386685e-03,5.612685834196100287e-03,9.033373004224944103e-03,1.117258280352907002e-02,1.964668961984826143e-02,2.356140653259672021e-02,1.563524643160655800e-02,2.954887804873548504e-02,2.808075675685207245e-02,2.474843916808880731e-02,2.585429735593292727e-02,1.922636705158619480e-02,3.723033747133708965e-02,4.850812290514846387e-02,4.037564455396198265e-02,3.238359402380969199e-02,2.548830570021964545e-02,2.173291604770238514e-02,2.330872652258890454e-02,3.006774007833037943e-02,2.942998128208153957e-02,2.114148791270321209e-02,2.219123656006411621e-02,1.949066011540005749e-02,1.283590964369748025e-02,1.284112936069513496e-02,1.381205656774612406e-02,2.715668309104845440e-02,2.588688503950754144e-02,2.841347102599330043e-02,2.551105368509970842e-02,9.947795311144225563e-03,9.831927559973842323e-03,1.156180857798034221e-02,1.026964002652998656e-02,1.631335423467780016e-02,1.954048001707155841e-02,1.262659508953500181e-02,1.911965153577558849e-02,2.313007987468874635e-02,1.953251467243789438e-02,1.247246685040671182e-02,4.796340074784943494e-03,3.198854295104346449e-03,-2.563680144627014830e-03,9.463637412363182233e-03,4.201513723853534873e-03,3.726924532356825238e-03,2.151334231010623363e-03,3.813679883315713483e-03,8.615115773221355445e-04,-6.219580641927469674e-04,6.770438578592647902e-03,1.043262543036784992e-02,1.523243572981549873e-02,1.272785992228481385e-02,1.002016452125892125e-02,2.435736044081068460e-02,1.282205230413724709e-02,1.424560094400026747e-02,2.546862008871163263e-02,2.201124864378913026e-02,3.103014933618246374e-02,2.513601349874452009e-02,2.073662027847425482e-02,2.304218742392682984e-02,1.903578875438853568e-02,1.085315996164372930e-02,1.385779932845546819e-02,1.942901085196004074e-02,2.293743479850075817e-02,3.056022064460670040e-02,3.591889418140079004e-02,4.044848558710215092e-02,3.004704476405858915e-02,2.295289256427578833e-02,3.461422461311112336e-02,4.674667144312424916e-02,3.588455967395481894e-02,3.831396770440760602e-02,4.108032534011411135e-02,4.296665988626980487e-02,4.279918404670959853e-02,4.453779357764694330e-02,2.840782998072064608e-02,3.003452278155685842e-02,2.737821985877705866e-02,2.676161795729976173e-02,2.166745657532537575e-02,1.471882507122592929e-02,5.174157346805501392e-03,1.500906644721001614e-03,5.789389443101713995e-03,4.714663646220793036e-03,-7.722462036593019663e-03,5.398996134274476610e-04,3.664892525570700565e-03,2.136893952352020114e-03,-6.701094662549871191e-03,-9.442317259736585089e-03,-1.870650152911356064e-03,3.921557103060517580e-03,7.706088636315184398e-03,-7.604449975457516081e-04,-8.273449992349125176e-03,-1.018862159497381341e-02,-7.437697689507566552e-03,-4.319898101665676712e-03,-1.939363946751623130e-02
2.645033077944552048e-03,-5.395781047195371410e-03,-7.327783115086390978e-04,-2.971147348296858740e-03,-9.139607186160447413e-03,-8.277901933788635661e-03,-1.336373540547367011e-02,-9.236687472902082446e-03,-1.019834802799228154e-02,-2.107816504189738080e-02,-2.352333573146684481e-02,-2.258633436460432201e-02,-1.946903969348617175e-02,-1.497943444929349457e-02,-1.354579381299201267e-02,-1.061333269362398947e-02,-7.932061376861336208e-03,-8.420117350582666596e-03,-1.130957535661949315e-02,-1.627849226891332074e-02,-1.894375236738226817e-02,-1.560350077595763080e-02,-1.217090955474990979e-02,-3.211916184381364767e-03,-7.480371061809599521e-03,-9.956638673983678189e-03,-1.577041388296361937e-02,-3.335761861393124472e-02,-3.185984686897951751e-02,-3.361425932565450386e-02,-3.361496438824854854e-02,-4.226204950936168769e-02,-5.122746851560404380e-02,-5.441653967784196994e-02,-4.387664136511474494e-02,-3.768983066251047759e-02,-4.542562738017080770e-02,-4.264412874597849068e-02,-4.561168310307614493e-02,-4.137818428382109004e-02,-3.087526561720314172e-02,-2.613646154381079820e-02,-2.820726353443631096e-02,-2.468993836990341501e-02,-4.503826479538876326e-03,-1.893982845078508691e-03,-6.236472284800554516e-03,-9.826989796362140678e-03,-1.259879228637028267e-02,-8.132343575319089454e-03,-1.920321978112017255e-02,-1.196294015965418053e-02,-1.451816881864512708e-02,-1.462427727904834149e-02,-1.076336671009353596e-02,-5.337650352671964755e-03,-3.946164801584883808e-03,-2.315303143496880503e-03,-9.367810418604217981e-03,-1.222628700437230348e-02,-1.016004595210996328e-02,-1.118091312994946851e-02,-1.447301762591953964e-02,-2.536800302570519500e-02,-3.930647899093329956e-02,-2.208982703191084834e-02,-1.146135821077420500e-02,-2.310666309257638010e-02,-2.821726937237070340e-02,-2.833317654384003709e-02,-2.852312677949208827e-02,-2.247208044117996253e-02,-2.759951814090283798e-02,-3.492526186889002154e-02,-4.220857643333852244e-02,-3.556982225761786548e-02,-3.043123366676642530e-02,-3.245332181373163094e-02,-3.065047765250152392e-02,-3.367059796358440327e-02,-3.536423215277623155e-02,-3.770376698042304797e-02,-5.188015764056638085e-02,-5.404639195065230606e-02,-5.280273513429760424e-02,-6.000897624656489904e-02,-6.117228423765954520e-02,-6.381895283098364124e-02,-6.063847071112206388e-02,-5.497464616771099988e-02,-5.736174578547068026e-02,-5.497985070944149538e-02,-5.654714994809173501e-02,-6.526740995024314651e-02,-5.674630172892251162e-02,-5.556252677740702861e-02,-4.829413171110282649e-02,-5.175466340308684104e-02,-4.872132453375660477e-02,-4.548005252972529833e-02,-5.485842221600376739e-02,-5.973077593239711769e-02,-4.407753436791412432e-02,-4.119221834277538019e-02,-3.897817159566736855e-02,-3.020830059693472430e-02,-2.289910453442396340e-02,-3.408630791846792990e-02,-3.046944772907416582e-02,-1.914698479518393837e-02,-1.112988494434197229e-02,-1.517603491137552857e-02,-2.005282613972817277e-02,-1.984209311998525599e-02,-1.427709464601149662e-02,-2.827625591662868629e-02,-2.512767612745102352e-02,-2.331581848779560803e-02,-3.397698679709829778e-02,-2.780928530615893110e-02,-2.526677044319518978e-02,-2.395745036784292792e-02,-2.810893524935111076e-02,-2.831888207908308738e-02,-3.517240480275656694e-02,-3.256179311822214595e-02,-2.966859404210471854e-02,-3.049707811204081104e-02,-3.042432669056498173e-02,-1.894443257822008703e-02,-9.339818502338814374e-03,-7.069644119523932346e-03,-8.967160650364966804e-03,-1.581504746753276819e-02,-1.146450458712683015e-02,-8.370564944360408058e-03,-1.015288270378583713e-02,-3.068472128643161267e-03,-3.487216226949877741e-04,2.134711736373677386e-03,4.313300335166737193e-03,1.588450839352575222e-02,2.133707942298431609e-02,1.803236956209606709e-02,1.848735129736161012e-02,1.646259810490686981e-02,1.428834148840566788e-02,1.496562392328383215e-02,1.374762205930980807e-02,1.625495076046338389e-02,1.557868758918916872e-02,2.067551125839839354e-02,2.167335346388571393e-02,3.167864585083079998e-02,3.384421043483158698e-02,2.710379880073779391e-02,2.455919487943991272e-02,2.558015436742935855e-02,3.473274177705230892e-02,2.156501431424286130e-02,1.577678776579749878e-02,1.537153071631090773e-02,6.052883766808989791e-04,-8.763660851173119340e-03,-9.034942868751158485e-03,-1.024854144794726078e-02,-1.249515462174880832e-02,-1.361042133243543610e-02,-1.315743695652618270e-03,-8.959286176185588804e-04,-3.418679479115307313e-03,-1.210958054761694571e-03,1.312368446197076637e-03,-2.301883437057263004e-04,4.766223384692821856e-03,6.129069442701645318e-04,-1.629597487706227390e-03,-8.042580688705312092e-03,-1.679829188630670850e-02,-1.352424578527551199e-02,-1.331315230912976690e-02,-1.829534712183050749e-02,-1.195807319396149579e-02,-1.774619085560084908e-02,-5.849110541287156836e-03,-2.863690004790905852e-04,1.399839773223149515e-03,2.808612054201497718e-03,3.828046770746856842e-03,1.102687856499895425e-02,1.361748390657642124e-02,5.098807719020072987e-03,-1.225557318274508693e-03,6.838552718499539725e-03,5.310102832547783022e-04,2.118886691782931667e-03,5.648928350790238979e-03,-4.628107586974157008e-03,-1.079253925018712479e-02
5.948848727766128247e-03,1.204403584494903937e-02,2.407058937747685867e-02,2.529762020537473788e-02,2.637008499203074424e-02,2.332530236050735228e-02,2.693858827668066044e-02,2.736626714608950822e-02,3.947715649906898688e-02,4.217755963081839393e-02,4.253069769490201713e-02,5.268546838229656859e-02,4.103187159584540528e-02,3.661125962823006535e-02,4.442053416490532314e-02,4.369166349196172694e-02,4.488583049177892470e-02,3.374074257839123486e-02,2.865751595775164334e-02,3.110386268857502634e-02,4.349350532466819685e-02,4.314472406306438246e-02,4.505179368639154747e-02,4.391497465057687261e-02,3.306751881035790985e-02,3.967028065948759175e-02,3.797227642641565204e-02,3.643297590159996768e-02,3.378807187011490659e-02,4.376476720437502688e-02,4.166320079185925618e-02,4.784794719140410268e-02,5.439654548130529871e-02,4.042387332282897094e-02,4.028360648271749056e-02,3.917223783152731786e-02,3.850630138125972490e-02,2.794068592334159051e-02,2.347999269146421736e-02,2.983434565917870984e-02,1.760066519050396128e-02,7.862225764467972028e-03,-6.148286275526479439e-03,-1.339642541463953104e-02,4.350643144076342395e-04,-1.398248259364944825e-02,-1.876423838357187818e-02,-1.064661172588518730e-02,-4.061205582942166784e-03,-1.026173101742148056e-02,-3.689275694771333887e-03,9.093324467092381985e-03,3.103218806015627107e-04,-1.547920659547719980e-03,-1.707456321011535487e-03,-1.027557839929924997e-03,-1.183468690450835414e-02,-1.775070512772300782e-02,-2.461653683764356351e-02,-1.855014330016248325e-02,-1.496834278190697920e-02,-1.353735331267746748e-02,-9.564657620989052561e-03,-8.412772356898525275e-03,-1.387295745643061726e-02,-1.421082146810619465e-02,-8.543996872608067283e-03,-9.640223148745059520e-03,-7.665029894533482296e-03,-3.790074656035945667e-03,-9.148217451518466867e-03,-6.247017194974445117e-03,8.709750388973513599e-03,1.426221336044104088e-02,-1.005467889963116215e-02,-1.750396819937263468e-02,-1.674743386231324072e-02,-1.473838031765214995e-02,-1.589216198375726155e-02,-1.039341511249016435e-02,-5.563780578501166182e-03,-3.419919493800555998e-03,-6.410708083013522476e-03,-1.073292858297198588e-02,-1.619130785451525223e-02,-1.243598852967237045e-02,-4.563872779769270055e-03,-1.599767742877798975e-03,-2.011084023639743597e-04,-7.030041087491787364e-04,-1.789770577286148561e-03,-3.461734442782559915e-03,-1.457516165289295812e-02,-1.379025217323537854e-02,-1.311573072486286670e-02,-1.230692409916366199e-02,-1.116241601870203784e-02,-4.565002021987943880e-03,-6.101726903705059595e-03,-6.484471807246833946e-03,-1.018132660862389183e-02,-6.840624630458083319e-03,7.050335376012047475e-03,7.811535426777503621e-03,1.406305780402837026e-03,4.596835754584133529e-03,8.866566100906379810e-03,-1.637462320665325141e-03,1.086688300095439100e-03,-3.182202168091331513e-03,8.728432932625881414e-04,-5.998629014990953037e-03,-5.954187756884268476e-03,-3.128138776714260542e-03,-1.034352778146476262e-02,-1.242935879356112799e-02,-1.698320083584497694e-02,-2.646809773116995737e-02,-3.078859360329913586e-02,-3.256294421210948614e-02,-2.619537532715680850e-02,-4.083326794784655073e-02,-4.364904928379646776e-02,-4.088126589705526337e-02,-4.070363144062626171e-02,-4.877222233948415309e-02,-3.314509841842717963e-02,-2.814759935163433507e-02,-3.194795234620030622e-02,-3.499118945785126278e-02,-3.380135015316963754e-02,-3.161520155638616880e-02,-3.672294240687001832e-02,-3.306860871767863808e-02,-2.985293747530850042e-02,-2.503162552481591474e-02,-2.930948526052357464e-02,-3.108482006609472950e-02,-2.574110417978715815e-02,-1.723420461751584004e-02,-2.096010821027239485e-02,-2.538388239481059391e-02,-3.354603031877841784e-02,-2.813131799171036951e-02,-2.719484532777893468e-02,-1.644124937644860646e-02,-2.798252951118691129e-02,-3.477383939574013594e-02,-3.061656834670635138e-02,-1.750375911965122017e-02,-2.280724460161316289e-02,-1.749959907189044608e-02,-8.242766829099947012e-04,-4.513110205367419983e-03,2.048036387504417050e-03,8.552262740862369428e-03,9.387209255869836261e-03,6.320753593655558875e-03,2.932977059652918262e-03,-3.929356379574245467e-03,-1.092655456598486119e-02,4.237311262481245622e-03,1.780305530267688174e-02,1.489426516906335735e-02,1.089662588334210785e-02,1.485751377966096354e-02,2.656210528211378624e-02,3.272709927580152306e-02,2.789468110474237206e-02,2.401110703597898396e-02,3.294348587460789457e-02,2.270659595105433901e-02,2.754323804414360657e-02,2.999557705991471104e-02,3.668761917880401791e-02,4.279125295125995460e-02,4.860794787797222127e-02,4.953696204913296541e-02,6.276090107549940622e-02,5.840397058519004175e-02,5.810854297381366079e-02,4.430546038929734226e-02,4.065461828727844756e-02,4.808819956975856486e-02,4.564318415030121229e-02,4.830847954683330919e-02,4.982414903511487442e-02,4.865733629938700372e-02,3.999224305734044860e-02,3.648281933075253614e-02,4.254953774428577029e-02,5.184976580968845422e-02,5.661882808021419244e-02,5.941680255636627717e-02,6.936238910515832301e-02,5.999706154060784058e-02,5.723296940053945736e-02,7.055081372615989999e-02,7.561792090466917804e-02
-2.298592275931476525e-04,-4.077474189066697396e-03,-6.876849055142185071e-03,-1.332731531302921990e-02,-2.300925683941796099e-03,-1.181974381145173714e-03,-3.160744655327893567e-03,-4.841550553615642065e-03,-1.014514314721540883e-02,-1.930113254470346498e-02,-2.264885938264837861e-02,-2.378867067634274357e-02,-1.878976081710270057e-02,-1.211710750717880439e-02,-7.414499520570700004e-03,-1.192466519547505030e-02,-1.505966030815186589e-02,-5.634286711079102353e-03,7.273874891000861251e-03,1.172756061854254156e-02,1.586745207638096469e-03,4.392054187179453197e-04,-8.432916595867995940e-03,-2.163640426418880422e-02,-1.885238721737082443e-02,-2.257513200558711880e-02,-1.851712734719258152e-02,-2.340539384563975270e-02,-2.347163825663100417e-02,-1.885626059419526213e-02,-1.839169566938772885e-02,-1.878800215709138660e-02,-1.122801879720892321e-02,-7.457117026800717113e-03,-1.282364467501866806e-02,-9.916389494013029549e-03,-1.480243309285084359e-02,-2.665110092170904638e-02,-1.596355886357735121e-02,-2.451866274416034802e-02,-1.861713584997110038e-02,-1.977502958584865730e-02,-1.910975417739462640e-02,-9.159484277265398863e-03,-1.098152110860595165e-02,-1.430076303717497076e-02,-1.036790537371220199e-02,-2.120355356180394016e-02,-2.734491942262810144e-02,-3.311406340461195419e-02,-2.497300933789085853e-02,-2.926297639009192014e-02,-2.376757628351403723e-02,-2.738897391863800990e-02,-2.272040359477700555e-02,-3.051416277774575414e-02,-3.089572834254738359e-02,-2.936914328778177097e-02,-3.706371584331899505e-02,-4.117360936210801708e-02,-3.800859094926325316e-02,-4.661444791866954651e-02,-6.216576551435709641e-02,-6.419729296045720290e-02,-5.897617653128387621e-02,-7.088536203356826659e-02,-7.598703769963649490e-02,-6.757252598222460160e-02,-7.112521588126809180e-02,-7.087255742299911065e-02,-7.886611151865811908e-02,-7.937385786933263965e-02,-8.003368804869374908e-02,-8.081044379820624679e-02,-7.936667561341759214e-02,-8.750966666641911418e-02,-8.467660725923878418e-02,-8.245488547520497813e-02,-7.325161785172817908e-02,-7.240169038949192948e-02,-7.692299132448926491e-02,-7.376795539558116122e-02,-6.542429966570643962e-02,-7.842112543085640042e-02,-7.539463736889380485e-02,-7.446024622462790732e-02,-7.517378845051513048e-02,-7.449151547107157878e-02,-7.983005803372482390e-02,-7.359934136829524021e-02,-7.484175683540829349e-02,-7.307209890594916490e-02,-7.071651210318362357e-02,-6.869058947427432449e-02,-7.282809955179463113e-02,-7.575761459235565154e-02,-7.743713973266179440e-02,-7.436878694100257370e-02,-7.793060942602207664e-02,-7.426517880567419516e-02,-6.557845968066601527e-02,-7.127831153568579825e-02,-7.614178941956802060e-02,-8.575874884218803729e-02,-9.330967231441356091e-02,-9.995566024766865121e-02,-1.067463613535096223e-01,-9.646316739058979906e-02,-9.971498939685669027e-02,-9.767160715045657138e-02,-1.079802979710826477e-01,-1.137196895159766630e-01,-1.106107289978149055e-01,-1.040060925936197589e-01,-1.045514269179531469e-01,-1.121774815168008615e-01,-1.224722801501929581e-01,-1.197786984323023635e-01,-1.275285620662440778e-01,-1.245135614187558581e-01,-1.206778699700893492e-01,-1.178982263122348439e-01,-1.146617831356747941e-01,-1.174141760553115421e-01,-1.215960588303000300e-01,-1.221388329805506157e-01,-1.179587319810764950e-01,-1.145114990435936592e-01,-1.155994646660553626e-01,-1.173622755152775587e-01,-1.289304803996381421e-01,-1.241219952572493179e-01,-1.260041503380522621e-01,-1.205886713631901114e-01,-1.209983304175742680e-01,-1.141038060451158159e-01,-1.170271514668181495e-01,-1.179504288836805276e-01,-1.204323715520847493e-01,-1.196350235461562939e-01,-1.187888035687355293e-01,-1.126764346009746925e-01,-1.104884097431137607e-01,-1.042884228259170348e-01,-1.033589546231574591e-01,-1.033914362516964308e-01,-1.000883967438566113e-01,-1.046787513534476743e-01,-9.385770901169515623e-02,-9.590081137967805536e-02,-9.423926103238214336e-02,-9.525751442646970824e-02,-8.968755109130507885e-02,-7.663239427933304926e-02,-7.416760574094943825e-02,-7.762001592639650172e-02,-8.413526640341305318e-02,-6.849742826901825121e-02,-6.230633686816005462e-02,-6.588591381083608312e-02,-7.767621493737349170e-02,-7.432441013704990662e-02,-6.972291294454860400e-02,-6.852979197269430667e-02,-6.958039409558043620e-02,-7.319972896740639667e-02,-6.361819938299412280e-02,-6.450582779445961090e-02,-5.529395012980284352e-02,-5.419802097027039134e-02,-4.303188732499334951e-02,-4.538930664657393754e-02,-6.071368182882919129e-02,-6.991685931785787678e-02,-6.462939367682676850e-02,-7.480810938946012845e-02,-8.474770486044934381e-02,-8.954033741046218964e-02,-1.026584107177307970e-01,-9.957094639028499228e-02,-9.775501579642184580e-02,-9.394743283517503762e-02,-8.206284610528910561e-02,-9.203607137643758651e-02,-9.910540569747763873e-02,-9.508286346028711755e-02,-8.999175690099130154e-02,-9.670881242480579287e-02,-9.038935823338541120e-02,-8.979900162196012559e-02,-9.168860075564726209e-02,-9.619800958350857578e-02,-1.028894963389412609e-01,-1.054287333234647794e-01,-1.115876534488249444e-01,-1.093595321248068408e-01,-1.117508597517306440e-01,-1.088767505825555398e-01,-1.140978303140982308e-01
1.032129756171674441e-03,1.031362222015686989e-02,1.887983855637396374e-02,1.935579573762852973e-02,2.004619318857594687e-02,3.279514413740398232e-02,2.188552751483033992e-02,1.819482650644618435e-02,1.372769873085480201e-02,1.126482561111269085e-02,6.511574771118126825e-03,2.164908809450952210e-02,2.425082272419057383e-02,3.808480162232966149e-02,4.082873139122313033e-02,4.551188422554537649e-02,4.348600942045281748e-02,5.282164825629183380e-02,6.390593650982696883e-02,5.622878942746580705e-02,5.199131027098587154e-02,4.912762313150793175e-02,5.366315915264221331e-02,4.650893553451482948e-02,4.287232578684078976e-02,3.958575766159135728e-02,4.022793255176377453e-02,4.202128651003156357e-02,3.697184143931729616e-02,3.846933237423127289e-02,3.190999311970933727e-02,3.384874511554961107e-02,3.539786410963716851e-02,4.376079097032167797e-02,4.828505297303024857e-02,4.282120765244761679e-02,4.394732824562023327e-02,4.146018055850502620e-02,4.853480064964410534e-02,5.363633385991271874e-02,5.435415473508108802e-02,5.941622609715692394e-02,4.639691264441511004e-02,4.536299818464581413e-02,5.177492155470827390e-02,5.273117255664878933e-02,4.604598996654422904e-02,4.552190233786956863e-02,5.272306086272841863e-02,5.827353290548707709e-02,6.025411422659727317e-02,5.342405385484131491e-02,5.133641008524284649e-02,5.812252176526722103e-02,5.002926270621264881e-02,4.586569760636700216e-02,4.077143485007170276e-02,4.112933811842809512e-02,3.962230273327851243e-02,4.311808933686316070e-02,4.044331121386775946e-02,4.606871248135778474e-02,4.669023272043708317e-02,4.601190938064220887e-02,5.359568141896377952e-02,4.319997452191563087e-02,3.812844511107123940e-02,3.081584512357127964e-02,3.635604111753192730e-02,3.174167530819326649e-02,2.731042714346201133e-02,3.265808631378154525e-02,4.091361295449334745e-02,4.782077999808685004e-02,3.818378553528977565e-02,3.232389091736145859e-02,3.064341924532325637e-02,5.204168784176711748e-02,6.016172781028009120e-02,5.608899994811249873e-02,4.998643636923211231e-02,4.002659745016214771e-02,4.582854613243848158e-02,4.443870506230283846e-02,4.501926510283486144e-02,4.652825877281408645e-02,5.323043919392513729e-02,5.120543353036881989e-02,4.833371694145444097e-02,4.579929035981995800e-02,4.124423073962920488e-02,4.123903809334301951e-02,3.690163345855408672e-02,3.002361047821908158e-02,2.330139132672312194e-02,1.495675381077720897e-02,1.593527638566290955e-02,3.102406011440460298e-02,3.576550090152259137e-02,3.614301206591915422e-02,4.062193123430889174e-02,4.795482378130883766e-02,5.430538251769068125e-02,6.566715512072954231e-02,7.423094567119145615e-02,7.296116621274691127e-02,7.237492338638017164e-02,6.951076493868235673e-02,5.663686845029088091e-02,5.790102032812687038e-02,5.760126066900703862e-02,5.913690688124472600e-02,6.037966360878440492e-02,5.738590000518676432e-02,5.674229123648221601e-02,6.981756708852106252e-02,7.525110903877282875e-02,8.114678070741572491e-02,8.817523207032315624e-02,8.534966407133401378e-02,8.703969674201919582e-02,9.157068560334101492e-02,9.011048055361074727e-02,8.138667362856827348e-02,8.030144491343499391e-02,9.262218646408461320e-02,9.991329480254818041e-02,9.719391932468464390e-02,1.042814848862325117e-01,1.013342417500690956e-01,9.948521012268007890e-02,1.060021935920938407e-01,1.020494298510847830e-01,1.193407784362072177e-01,1.230708000979464090e-01,1.117167894761073726e-01,1.095957100396956763e-01,1.034526612749834679e-01,1.133452812899264361e-01,1.113219965206563439e-01,1.109263106967918050e-01,1.169456285758109781e-01,1.182846717295003292e-01,1.163832083707496828e-01,1.160683453187882491e-01,1.215931004054853770e-01,1.223092305271631930e-01,1.259319181417506706e-01,1.138768386338466221e-01,1.141076174663377685e-01,1.108200513381380203e-01,1.169459209180989667e-01,1.169729028824941924e-01,1.219349227471136360e-01,1.320829794362267384e-01,1.261713798968586431e-01,1.219946719621743669e-01,1.163171746153586761e-01,1.125459068906913412e-01,1.089217631955214649e-01,1.117421865944473042e-01,1.124054364086720242e-01,1.161639364225462434e-01,1.295401427028050889e-01,1.186718334263071606e-01,1.211953328480434161e-01,1.307916699889366541e-01,1.299407777866394276e-01,1.202164089291794941e-01,1.182244854741929807e-01,1.121671165789998592e-01,1.090581816755614997e-01,1.069269220202090781e-01,1.108579146768381568e-01,1.058113820791289350e-01,1.045963691227780323e-01,1.107392550603434334e-01,9.938690019242032991e-02,1.047292822952936714e-01,1.095390697051339679e-01,1.144627047689477234e-01,1.079495925965792552e-01,1.058800090939479438e-01,1.008738376681446447e-01,1.024606327630859237e-01,1.032814378883444156e-01,1.029518069914866218e-01,1.116364597534623415e-01,1.100169957717033464e-01,1.129845499644671486e-01,1.194871618840118443e-01,1.275270448224125608e-01,1.282438976175165890e-01,1.242964635704218723e-01,1.239981066644324503e-01,1.290180150980043960e-01,1.319904370328890686e-01,1.279924398845332101e-01,1.258130852900192775e-01
-4.125490055246132208e-03,-8.542049284552537258e-03,-1.866935321817653898e-02,-7.695732283719711186e-03,-4.566944533994272276e-03,-1.072194977745780878e-03,-8.631361525616958316e-04,-9.384925359922512058e-04,-4.677364704637723865e-03,4.283011284459104472e-03,2.742994245251532959e-03,-2.660126045733749757e-03,-2.563895754262761253e-03,-1.592879869290248981e-02,-5.102864101165434027e-03,-1.062743844171418900e-02,-1.099595393242083427e-02,-9.930451031858031699e-03,-7.058610165932503733e-03,-4.482447711325356771e-03,-7.458560889136771517e-03,-9.255162163724914640e-03,-9.366234475388245453e-03,-1.059457896365282280e-02,-8.733629360906146680e-03,-1.749954507259414427e-02,-1.838346660002513830e-02,-1.275670685974585571e-02,-1.704860499194798401e-02,-1.389274278714518543e-02,-1.100809856648438112e-02,-1.317224160788242442e-02,-1.838983544781440035e-02,-1.024334075656662540e-02,-1.237340494413844381e-02,-1.329925469515725461e-02,-3.309249015236623986e-02,-2.034850924103124778e-02,-2.485909088304610187e-02,-1.458846850310183130e-02,-1.648504349881617717e-02,-2.687273125703937282e-02,-2.826433224224175755e-02,-3.246569806351108645e-02,-3.130177084105468382e-02,-2.531049841939657374e-02,-2.540901206545521929e-02,-1.848163371762644169e-02,-1.320867160971937390e-02,-2.001649245711314279e-02,-3.086491956625618885e-02,-4.400353274898792522e-02,-4.615040742954860942e-02,-5.283677228298774148e-02,-4.879934693563722781e-02,-4.733280884643817354e-02,-4.181230599163769657e-02,-3.350650034368517910e-02,-3.037081032504539493e-02,-2.207213893456427822e-02,-2.344008932801474113e-02,-2.090866123293649501e-02,-2.760795895085271442e-02,-2.556071340317423932e-02,-2.699712138956662788e-02,-1.578817653319181460e-02,-2.314948470149747611e-02,-1.513202118754185428e-02,-1.360899530331769261e-02,-1.397280592632003764e-02,-8.857468654962325980e-03,-1.266543963842329049e-03,-1.060769521328280493e-02,-1.216790231014132015e-02,-1.697644495763897185e-02,-2.835656122196331119e-02,-3.603877346847299962e-02,-4.454209221468743984e-02,-4.844880130856368816e-02,-5.196199511420991624e-02,-4.864229729199605334e-02,-5.507824192246785905e-02,-4.706968557110203372e-02,-5.091560945419852657e-02,-4.734465341405018346e-02,-5.718307007147634125e-02,-5.796745151817830899e-02,-5.788125504141096445e-02,-5.013654444433091745e-02,-5.068051494034891274e-02,-5.870105799917393202e-02,-6.297169006129786639e-02,-6.509633351533587742e-02,-7.695291923273743506e-02,-8.369831064254101838e-02,-7.461871783017644255e-02,-7.703234394266146590e-02,-7.997125212216099621e-02,-7.091856403694450639e-02,-7.995483638531260262e-02,-8.619993789159141606e-02,-9.307055938268098128e-02,-9.805767115475129414e-02,-9.859482588459518582e-02,-1.051807087005127289e-01,-1.020232885626199959e-01,-1.072839529967903882e-01,-1.021213914722117616e-01,-9.971215230004207286e-02,-8.976958337617928219e-02,-9.099629769129254087e-02,-7.712675963835270709e-02,-8.359459757572854088e-02,-7.347060028959906397e-02,-8.794001942256471360e-02,-9.031627770645654640e-02,-9.218443591035642426e-02,-9.287520360807977049e-02,-9.021694836507553050e-02,-8.918810804817473015e-02,-9.700799113270230922e-02,-1.007570323618507679e-01,-9.412595659637722212e-02,-9.137443246046830780e-02,-9.245368918764657051e-02,-9.700433065066943472e-02,-9.470678474487417842e-02,-9.611103200796791701e-02,-9.895142268973353139e-02,-9.198422629953725838e-02,-9.394690490000082161e-02,-1.039669144014887803e-01,-1.079278271818266965e-01,-1.044395988748591242e-01,-1.004241371760341284e-01,-1.011748429938544580e-01,-1.009316331627247154e-01,-9.609420725266246133e-02,-9.468944718085589574e-02,-8.782467912377732444e-02,-8.712571308012519167e-02,-8.140321813890216696e-02,-7.980093985750240371e-02,-6.718012050858603035e-02,-7.189004550622997425e-02,-7.804128935593410143e-02,-6.804251206974124000e-02,-7.273234494425191710e-02,-7.459862816725469636e-02,-7.614991733638207250e-02,-7.803710906386099322e-02,-7.645110089631994288e-02,-7.905213287800109956e-02,-8.574292290344932843e-02,-8.515699420727199098e-02,-7.393140588675747860e-02,-7.583535303354692336e-02,-6.986569589351075693e-02,-7.050149801849822651e-02,-7.090185315679456424e-02,-7.286879877849528064e-02,-7.341781117533659196e-02,-6.675663993070084234e-02,-6.119126430800375660e-02,-5.984212669974859483e-02,-5.482746576779025383e-02,-6.174996301657316444e-02,-7.037823935185538726e-02,-7.629063337666459887e-02,-7.574203754402038247e-02,-8.372936481983049573e-02,-8.461596857394314275e-02,-7.941631088938626293e-02,-7.531969050876663463e-02,-6.803902254288124452e-02,-6.858459965386132229e-02,-6.540591383713309503e-02,-7.262757714347944926e-02,-7.709428035301572890e-02,-7.777728142203622907e-02,-6.583833409405880077e-02,-6.281032136153619216e-02,-5.832656802318717665e-02,-5.981600141985946723e-02,-5.786283272696215313e-02,-5.230662420954425990e-02,-5.808763966273849250e-02,-4.314623334539947203e-02,-4.846359876949581091e-02,-5.758696871649755106e-02,-4.519136475561479072e-02,-4.536001891101973382e-02,-4.973451366392232093e-02,-5.795082667394697851e-02,-5.862161335533926099e-02,-5.716696274934263827e-02,-5.278877281578770592e-02,-6.147907889870350001e-02,-6.215430600971460356e-02
4.954624517511355686e-01,4.996173690146058499e-01,5.011684972115030279e-01,5.009065046883534045e-01,5.034434485772841805e-01,4.974563490557066814e-01,4.913230962114229494e-01,4.865562829905517028e-01,5.002097087619299387e-01,4.941529652156582686e-01,5.003617044583454909e-01,5.043702342080872425e-01,5.089990363718721600e-01,5.115693093006632441e-01,5.080075802572069366e-01,5.002388751287156765e-01,5.058231503542649499e-01,5.113113500323803740e-01,5.017051593187835667e-01,4.981732130924117485e-01,4.894534850276062721e-01,4.849708597619995509e-01,4.771671879723931031e-01,4.775605287287433831e-01,4.778809420930324459e-01,4.715394663113008922e-01,4.778860900656780597e-01,4.717738218840081266e-01,4.677686397063254842e-01,4.597753961192717620e-01,4.598758746557236043e-01,4.537766163369707506e-01,4.557328589520535100e-01,4.619015650127746286e-01,4.595586127744634153e-01,4.555310267245479272e-01,4.577495732482709800e-01,4.613225575251322375e-01,4.716215693784170937e-01,4.798600005339140329e-01,4.744866757959203540e-01,4.801152364536272477e-01,4.899638541702158179e-01,4.877160106005767881e-01,4.891097777477611541e-01,4.834050334649916958e-01,4.779355968001645083e-01,4.694352638062631033e-01,4.798766097475950509e-01,4.750372498333984561e-01,4.726277001421799739e-01,4.665974024535318732e-01,4.651554007569980165e-01,4.632540422087733645e-01,4.531345869874620624e-01,4.610378602540293747e-01,4.624379107924388443e-01,4.631469027262039018e-01,4.549907910709854453e-01,4.411071302643591041e-01,4.340607384297817117e-01,4.296965167032755217e-01,4.350876920695533334e-01,4.444303506619445288e-01,4.462572437360554090e-01,4.386453825971023956e-01,4.472220161092210211e-01,4.435988824055873136e-01,4.434840961004226645e-01,4.332133452569620347e-01,4.270993354020175548e-01,4.323724149474442169e-01,4.325128894866831497e-01,4.335870684245518580e-01,4.388020078455550088e-01,4.395344339323230543e-01,4.402403020195143069e-01,4.298379876748500417e-01,4.421904668679832451e-01,4.350106125594444539e-01,4.321792289725755465e-01,4.314555649040536234e-01,4.347070346286738829e-01,4.389280703571526998e-01,4.261104666742699387e-01,4.224164574548095463e-01,4.181552792720205636e-01,4.295956655302120564e-01,4.277479608990878979e-01,4.444111277085792122e-01,4.488370323484011659e-01,4.507693052044571824e-01,4.450809378111378334e-01,4.501809599244831483e-01,4.489089178446295514e-01,4.417915397256874654e-01,4.349971449842263693e-01,4.328981032173794263e-01,4.221601040721859044e-01,4.286102019243974159e-01,4.262863024797560740e-01,4.251507992916618850e-01,4.211679974428302331e-01,4.247722551885316222e-01,4.222527343158062885e-01,4.237450389343357937e-01,4.281208719437005761e-01,4.218649607092634923e-01,4.176850947501083433e-01,4.290931638493296618e-01,4.258102166536635313e-01,4.302499030159144811e-01,4.368491932923219689e-01,4.340863647241839929e-01,4.338415365883567798e-01,4.262108118974218818e-01,4.281478652000926255e-01,4.275007751443495319e-01,4.314275703385435090e-01,4.385589468061958929e-01,4.347261104754971961e-01,4.388418212741576063e-01,4.446439490319419319e-01,4.370596081778435060e-01,4.374347930723257449e-01,4.421699879773619002e-01,4.421887899322446969e-01,4.400561890311177060e-01,4.285591752145440081e-01,4.312885963675667789e-01,4.340499103632818878e-01,4.372753897359676345e-01,4.403707438131838070e-01,4.459221086362932240e-01,4.425476668854089746e-01,4.380352167753946424e-01,4.397783175506472797e-01,4.325588329613781480e-01,4.350085273047987200e-01,4.364311444339037394e-01,4.420923084002689740e-01,4.346620103562355841e-01,4.287534970929907097e-01,4.226598542486267318e-01,4.145615195504204764e-01,3.965889641507684971e-01,3.949774849548434719e-01,3.931230792374156846e-01,3.953490343119135386e-01,3.970105564798948605e-01,4.012755143470890240e-01,4.090445725446293368e-01,4.148213457786192326e-01,4.116088442985907925e-01,4.160411526069904831e-01,4.001618161350922742e-01,3.977413244495613398e-01,4.010157683726336963e-01,3.810919441866855162e-01,3.838049711215524296e-01,3.761306813715040720e-01,3.739406982713486260e-01,3.624507310814631955e-01,3.584654778227898686e-01,3.506656431895699977e-01,3.561545351248227576e-01,3.552172561884222035e-01,3.603895973245225259e-01,3.652735324005239037e-01,3.586557490528552439e-01,3.625130376830622558e-01,3.601399917829650743e-01,3.616793752237979498e-01,3.733849003914480602e-01,3.734583060399833121e-01,3.696402671871955592e-01,3.637943655306025703e-01,3.755340126430522507e-01,3.706015523961575520e-01,3.742739811690899976e-01,3.802840024316407330e-01,3.782103004095409560e-01,3.836880772657214056e-01,3.962428879429212292e-01,3.929503619322253782e-01,3.979303012968532505e-01,3.954892767556096311e-01,3.949772078220912253e-01,3.980540890646169783e-01,4.020231897107869878e-01,3.997992389502458832e-01,3.933121734676616743e-01,3.856475112383372372e-01,3.788534212719557037e-01,3.721834979395972631e-01,3.785569130549333861e-01,3.541301414422755034e-01,3.660805208943703759e-01,3.562728989303944327e-01
-1.305762876194451610e-02,-6.436790775106423015e-03,-1.245714637254372557e-02,-5.611731440240450008e-03,-5.856082216885253981e-03,2.142624459621023623e-03,5.340059515355651681e-03,5.978515793974687430e-03,1.142630990435978058e-02,1.660095530427705551e-02,1.111495045462619277e-02,4.457497400017157788e-03,6.316675345985772044e-03,4.042408829750840024e-03,-9.112250015483845667e-03,-4.348803274522410056e-03,-3.487495891734848901e-03,2.635688477945619893e-03,-1.160789009814209780e-02,-6.946627659619451431e-03,-1.002633876656881286e-02,-9.520631676018451173e-03,-1.464734951168916721e-02,-1.380135612779429324e-02,-2.241576680218835063e-02,-1.900047771166278598e-02,-2.445977022053785754e-02,-2.625155399727505112e-02,-3.288769008184662390e-02,-2.809398926789371739e-02,-2.115753685625092889e-02,-1.724194434198405429e-02,-1.309206786218077359e-02,-2.464189522693563048e-02,-1.672818006555289866e-02,-1.960620596753346809e-02,-1.519122292627514068e-02,-1.411897166471011780e-02,-1.667276924528050472e-02,-2.061252099033569415e-02,-1.330182344745388032e-02,-7.726478855438570839e-03,-5.798333309914034672e-03,-1.224084824318212583e-02,-4.974084109356152750e-03,-9.431567793332758937e-03,-7.889123141033006076e-03,-1.666240680950623401e-03,-5.587760673102977211e-04,-5.056727853606240823e-03,-9.546636865304025318e-03,-1.201344142893052622e-02,-1.685697508905730641e-02,-1.350602423071214052e-02,-4.251578482762839034e-03,-3.432549620178703548e-03,-5.009102889464057615e-03,3.373213606951665916e-03,-9.421644144951646024e-03,-2.190796172497645744e-02,-1.628951018699322656e-02,-1.508763977246195716e-02,-5.119945087448661905e-03,-1.143947703071769920e-02,-1.087214173175005301e-02,-8.747285652271910572e-03,-7.624334120567326928e-03,-8.835591876670699854e-03,-7.657978754557353412e-03,-7.068399986343523733e-03,-6.676455343028474092e-03,-9.710519734014207843e-04,-1.206323308674251901e-02,-2.287201077995577869e-03,-2.116382169753436987e-03,2.786558224211438221e-03,3.546941964676925650e-03,5.164332728403234207e-03,1.558593742955520500e-02,2.172479943370773589e-02,1.315431832880887587e-02,9.564212812538639558e-03,6.218580475133254383e-03,1.421087773462685958e-02,1.678508179411868084e-02,1.827353317102345040e-02,2.435231595277052852e-02,2.101929905039108190e-02,3.167594130059498553e-02,2.472615347022737164e-02,2.053494227393663774e-02,2.746726118726623006e-02,2.876397901723166256e-02,3.060968043190496340e-02,3.265727366218711819e-02,3.118137979186850345e-02,2.791496479268653491e-02,2.465041505413851849e-02,3.572231022953101243e-02,3.280750807197556351e-02,2.319973424050985472e-02,2.843230173511787987e-02,2.717301933051519472e-02,2.171421486929242528e-02,1.789555992711528570e-02,1.284270368352008126e-02,2.102233537529130461e-02,1.472865977662365586e-02,3.967259412678409564e-03,-7.541343876815397029e-04,-1.635176105118498618e-02,-1.043198708985935627e-02,-1.549939190875810474e-02,-2.301926911116559255e-02,-2.328715938196819490e-02,-2.853781558980832481e-02,-2.247247411854649130e-02,-2.417472845520133098e-02,-2.241590546198013456e-02,-2.341238063693275653e-02,-2.433104002964873655e-02,-2.055141158068810731e-02,-1.835981516759462376e-02,-1.718118170810222292e-02,-1.719479525235119433e-02,-1.023030096382210492e-02,-4.848975509844287608e-03,-1.052146601619552597e-02,-7.353144183997965995e-03,1.425824045084876819e-03,1.007363372858328249e-02,-5.652248080001802399e-03,-1.371479053436952360e-02,-1.290135932739607839e-02,-1.672764833072528864e-02,-2.413915717572600456e-02,-2.925267085251536184e-02,-3.178290583558540661e-02,-2.501853800347308282e-02,-3.699631032134423347e-02,-4.813342740589518498e-02,-4.692828637785445567e-02,-5.205951790006747848e-02,-5.398130048695594374e-02,-5.813227915523095507e-02,-6.201009375955733594e-02,-7.006749268921359797e-02,-7.484452202118829778e-02,-7.361280141900665430e-02,-6.886249648376369104e-02,-7.501553212682489369e-02,-7.701031387947243623e-02,-6.788146645615020236e-02,-6.213631330840052591e-02,-6.574953061672585142e-02,-7.520616419768251515e-02,-7.890588566115595837e-02,-7.830047940008694196e-02,-7.622345731646663902e-02,-8.310220499236725678e-02,-8.891504045572640180e-02,-8.855355578856487220e-02,-9.009226088281747924e-02,-8.083685384945635266e-02,-7.014099683570955424e-02,-7.310275959647986876e-02,-8.019543742937128294e-02,-6.984993818653395525e-02,-6.983799898877349199e-02,-7.926948035750040755e-02,-8.966365622570737770e-02,-8.628177671729983511e-02,-8.781389624374727476e-02,-9.609675125812490448e-02,-9.550824455841754046e-02,-7.859843301143845662e-02,-8.707217005644386776e-02,-9.887293211933642634e-02,-1.067609924395559184e-01,-1.026394283286941322e-01,-1.174045573703129813e-01,-1.136331170582271510e-01,-1.125219628909877589e-01,-1.169380967662173032e-01,-1.248596825605853139e-01,-1.169162947762199256e-01,-1.229160840708297536e-01,-1.126464523772369303e-01,-1.024367231194473898e-01,-8.720006463542558095e-02,-8.179176415785845145e-02,-8.779931794094752995e-02,-8.688235497229351845e-02,-8.574950903506176059e-02,-8.427382002710871733e-02,-9.214969824839024104e-02,-8.113635298737043033e-02,-7.860815279596915228e-02,-7.782394108735204985e-02
-1.202204458145185798e-02,-1.271819802284711483e-02,-1.300447254256736213e-02,-1.322326755725894420e-02,-8.774631891219034086e-03,-1.376922442961536069e-02,-7.584748902896631256e-03,-1.173005918307290854e-02,-8.877685672397170671e-03,1.821230703432496351e-03,-3.584559066982825719e-04,2.987253821980911115e-04,-5.608997157340699612e-03,-1.066089394601797517e-02,-1.813427538721448101e-02,-1.672464989113682521e-02,-1.037738701818102793e-02,-7.420847175591039485e-03,-7.169218865798017253e-03,-6.807889430203113712e-03,-1.611350380070579458e-02,-1.901848280508879052e-02,-1.530904025096674510e-02,-1.509170480547836896e-02,-1.953422375401060729e-02,-1.329896598350010714e-02,-2.036690832040037591e-02,-1.217067859559415113e-02,2.268055722547327249e-03,-2.355409627812850466e-03,1.406667026157713482e-02,9.259558925429196147e-03,8.721178987111128517e-04,5.866784070592170885e-03,1.687713978499145312e-02,1.437365665548341782e-02,9.797481871283847399e-03,1.938786124383199555e-02,1.954222993208052511e-02,1.725442730528187543e-02,2.847012617124111342e-02,3.278455551272574375e-02,2.308996876515719693e-02,9.087846381934119866e-03,1.249777696053206572e-02,1.672518784476233200e-02,2.113927633493970296e-02,1.207461966622794258e-02,1.764715436333202589e-02,2.968647093024387798e-02,3.547843017587161418e-02,3.895059005288973447e-02,3.589065767915970012e-02,4.947805243953050380e-02,4.961012454901467250e-02,4.721962730679258452e-02,4.913734062625209342e-02,4.608531124631495834e-02,3.938489094692992909e-02,4.138572007400471292e-02,3.568346673946928838e-02,3.324741908379535288e-02,3.576401158796518182e-02,3.317152117251939702e-02,4.124135023168381403e-02,3.913384153202155435e-02,3.626239203711845160e-02,3.466479630873832429e-02,3.338409422644651736e-02,4.279984500361171118e-02,4.618586395927040678e-02,3.804092072927260648e-02,3.901651719943088903e-02,3.440777936592856467e-02,3.646486536252739608e-02,4.549174700238337032e-02,5.383515789054227341e-02,5.183764742828984862e-02,4.902868978939144140e-02,4.623938221859366648e-02,5.381657816861554894e-02,5.828059947333556756e-02,6.201492878109198664e-02,5.110844439683596974e-02,4.529644194295625453e-02,5.094016560726789128e-02,4.399651641088389575e-02,4.636700316837181340e-02,4.948190844205838101e-02,5.231012130189920811e-02,5.810775975677601179e-02,6.603185099783798195e-02,7.078465776457468217e-02,6.572759625213887846e-02,6.107947806850004546e-02,6.005908097507108023e-02,7.042703895705622330e-02,7.215581867777087766e-02,6.677081478828027217e-02,6.608912300478610169e-02,6.214807098899279014e-02,6.554969995830717266e-02,8.108775535440765347e-02,7.621493689158356788e-02,5.685196995301788903e-02,5.471906543598711870e-02,4.584014801688697516e-02,4.966545968406144845e-02,4.387990301913309577e-02,4.013931029505250075e-02,4.252301079496190878e-02,3.671760141769159907e-02,3.849254822590413710e-02,4.810841149488653129e-02,4.985335291633799515e-02,4.473694358125470533e-02,4.606245010353184066e-02,4.453697627287052374e-02,4.320771436958703582e-02,4.312936040804922488e-02,5.588992566888097840e-02,5.467014671932490105e-02,5.863735827152376234e-02,6.631788111526466800e-02,6.496315578030641136e-02,7.430471440699885910e-02,6.912855836946821264e-02,6.580140984827546891e-02,6.472124648944770076e-02,5.731602510205543316e-02,6.104376662677545029e-02,5.940395583528149809e-02,6.134521291971341966e-02,6.168902986678644063e-02,6.077577267808360190e-02,7.320522263109838224e-02,7.724259046873702128e-02,7.309607038857923733e-02,6.621469403786713059e-02,6.548693438343498874e-02,6.179396582031487783e-02,5.864722859885957568e-02,6.426648837466214514e-02,6.808152887597845870e-02,7.333874210530506865e-02,8.020744844997401701e-02,8.062271351221961257e-02,8.029087932800879623e-02,8.376927685912642640e-02,8.410206617075752233e-02,7.277347167045038201e-02,7.472602701398906033e-02,7.167330202391369864e-02,7.984492636367060414e-02,8.180988726077761952e-02,8.049284072274227875e-02,8.292994041110139658e-02,7.885810451026685486e-02,8.036772395939363600e-02,8.183738673930254781e-02,7.347903542606068483e-02,7.925792661487855717e-02,6.380120300248807996e-02,6.903063509888877902e-02,6.375278615109238045e-02,5.882290247392338994e-02,5.978655151069041385e-02,5.788921542213387034e-02,5.943135310553732120e-02,6.298117449875702267e-02,7.049737441899031620e-02,7.931424672607491344e-02,7.535785378499618159e-02,7.026364357152917184e-02,7.024932208509897247e-02,7.052031945009072655e-02,7.072003557951894726e-02,6.844019155321569292e-02,7.563850036669143850e-02,7.800488382473029503e-02,6.717248569053360652e-02,6.787385543508368813e-02,6.677074568589301540e-02,5.789704981638301579e-02,4.776371754405715764e-02,4.286102953904763480e-02,5.763583129214455703e-02,6.297372711578783089e-02,5.981150014532878728e-02,5.829609438584471698e-02,5.297102458314745937e-02,5.947014623595311272e-02,5.777808040541415613e-02,5.800002321760491103e-02,6.320536343798675849e-02,6.828708324885290892e-02,6.655758461142206872e-02,7.063849298179601666e-02,5.563490367681046128e-02
-2.888745540647534409e-03,-1.301381507374180582e-02,-8.461668734036861123e-03,-9.069392216282130131e-03,5.778836568692640591e-03,-9.821255266308047752e-03,-1.522773064296817185e-02,-2.506810838160843796e-02,-2.963996148872455327e-02,-2.519624385349189533e-02,-2.047641137557605281e-02,-2.454703999631041925e-02,-1.758921558393496121e-02,-2.441333337189523917e-02,-2.202540804456190257e-02,-2.569935422373960388e-02,-1.512041239600839075e-02,-3.030992339681944092e-02,-2.482285678491400610e-02,-2.772094639534262300e-02,-2.508689225217327137e-02,-1.823894782475200121e-02,-1.880199485783769914e-02,-2.007071302131956461e-02,-1.722397635348783124e-02,-2.977942357698213499e-02,-1.916753645789998073e-02,-1.878253204870703602e-02,-3.420067732350961370e-02,-2.969935166442703653e-02,-2.710322262150307790e-02,-3.134674584921213342e-02,-3.740713524463459144e-02,-3.785932366355730661e-02,-3.537111620204618639e-02,-4.101916744067345827e-02,-4.566427769195435804e-02,-4.795677400205156093e-02,-3.919560404414229593e-02,-3.472365768249566220e-02,-2.668499266153252780e-02,-2.287170212980419587e-02,-2.704032389402197950e-02,-2.291400138056904831e-02,-2.506827385543607817e-02,-2.275610379099250388e-02,-2.082109088390940790e-02,-1.542725525119984127e-02,-1.157924523863604511e-02,-6.301599317814300660e-03,-1.780479955674188833e-03,-1.967484147765405193e-03,2.328839794756340682e-03,6.794189813942437713e-03,4.803429907176262614e-03,-9.055089784404078690e-04,1.008855127085409725e-02,7.170426694692627785e-03,1.960776304797271635e-02,2.153099539230448820e-02,2.273172062907639901e-02,2.343944486667043706e-02,1.262045985310821655e-02,8.280373256491724288e-03,2.204938338826944837e-03,6.723296312147371018e-04,-1.406122789517963434e-02,-1.890372263368109845e-03,9.424562061542910568e-04,8.266687947428613854e-04,-2.051416732539517590e-02,-1.449223925323270615e-02,-1.832302266636968643e-02,-1.487372809592046180e-02,-1.958369104351113943e-02,-3.045071576576769551e-02,-1.972889901335467960e-02,-5.186825923833279783e-03,-1.178441503064994386e-02,-9.649385420222228449e-03,-2.552723852792073214e-02,-2.028637912167353952e-02,-1.909278007430522880e-02,-2.291390015640279443e-02,-2.909330383421790747e-02,-3.419895994749437562e-02,-2.864352720916947884e-02,-3.190550777979108549e-02,-3.835647145519813922e-02,-3.250153093955973627e-02,-4.028317021922150909e-02,-4.122891365078353715e-02,-3.467703221522043522e-02,-3.483426032765192526e-02,-3.695487617757160781e-02,-3.282166647966665990e-02,-3.455449977906564080e-02,-3.239464649271060065e-02,-3.104790641525148262e-02,-2.543129572542826219e-02,-2.074386884647345247e-02,-1.868755462192683153e-02,-5.022196594027255809e-03,-1.677509838420862022e-03,-2.837362849328152904e-03,-1.770033771537318475e-03,4.189820317194478498e-03,1.610149038609014205e-02,1.722118647378866399e-02,2.132023222173915628e-02,1.296896958681300824e-02,1.289700072900969510e-02,1.447422553367718606e-02,1.021584124699271949e-02,1.625156315278703661e-02,2.345118579467581760e-02,2.106360196988112457e-02,6.936484490402766712e-03,5.399374906745440204e-03,1.098883759528037143e-02,8.289016363043050228e-03,1.484185828877840688e-02,1.337341068834561886e-02,1.478779123499198399e-02,1.111045305818699098e-02,7.793648634206332658e-03,4.932233581157947563e-03,-6.223210374114176990e-03,-4.504957753566398923e-03,-9.777700815110857563e-03,-1.645509609995897404e-03,-1.105661511787540095e-02,-7.564957633152554449e-03,-6.598893085678974105e-03,1.455963605340200757e-02,1.087530948934580313e-02,5.850172750766209455e-03,1.149411492258272174e-02,1.636795944657638141e-02,1.703701765993361275e-02,1.630767766541987157e-02,2.943782243745941135e-02,2.628660704485977218e-02,2.406659774989171330e-02,2.561776407306318171e-02,2.276133285121844860e-02,3.177612871067009293e-02,3.841072245710525079e-02,3.807296226474993911e-02,3.781676024435122463e-02,4.167159170736873391e-02,3.511896362570293695e-02,3.265936906956203034e-02,3.548898615087651975e-02,3.179849667630173238e-02,3.544469464319145724e-02,3.439146153267101658e-02,3.368169385129865523e-02,3.595630193863542934e-02,3.007207628871420152e-02,3.626983998065046177e-02,3.333449259036774803e-02,3.615536937782246746e-02,4.525545129945203471e-02,5.349339841377165339e-02,5.439097273221347312e-02,4.752999237220109641e-02,4.577014969904041886e-02,4.583065077182276598e-02,4.268164059967738400e-02,4.381316570701359464e-02,4.219462665447302335e-02,3.378294344973997720e-02,3.836863398959555055e-02,3.107829132203982977e-02,3.515191665955703926e-02,4.035515602457521306e-02,4.866242962532067035e-02,5.268200176553229641e-02,5.573967111550875292e-02,5.823667508305740981e-02,6.899871244932638537e-02,7.162646742442702053e-02,6.726369512950813867e-02,6.385435527874429307e-02,6.375684912857913778e-02,6.172798831893741567e-02,5.309336911317962676e-02,5.130618029515179174e-02,4.440283245312163368e-02,4.734243322063091952e-02,4.832377435923097125e-02,4.170758656376231943e-02,4.053027097087034958e-02,3.565042060088134679e-02,3.844337470240820342e-02,2.547387327915645594e-02,1.751324563773737353e-02,2.166637594287398536e-02
1.119877213968190587e-02,5.422193104941144814e-03,-1.474233390933510357e-02,3.022299412939768309e-03,4.932600313016844741e-04,3.720392554491531566e-03,1.041868479728400715e-03,2.700044711988205774e-03,-3.988926207385439827e-03,-1.325620858399344237e-02,-1.770072020256671652e-02,-9.791197194514289839e-03,-1.502228205358270216e-02,-2.276018739996505530e-02,-2.135076528845840718e-02,-2.218702211891960749e-02,-8.623169570633032119e-03,-5.308913545559250727e-03,-4.901578429712602492e-03,-2.197713053734177274e-03,-1.075569272515105625e-02,-1.088200903050968310e-02,-1.724359272406126783e-02,-1.506276642273107758e-02,-8.868838400524469909e-03,-7.209762124837943570e-04,-1.164936195426446650e-02,-1.335585120928826225e-02,-1.262499367101474305e-02,-5.163591464979727826e-03,5.500538128172397304e-04,-6.560639429288665433e-03,-3.182449593535731803e-03,3.640583019090101648e-03,8.658376286340883042e-04,5.737037533368492120e-03,8.207783312268981252e-03,7.597327324904117572e-03,1.650538369953903281e-02,1.017622499201536329e-02,8.392534766096774665e-03,1.135990060461047717e-02,1.666928261665001285e-02,1.585764511108177233e-02,9.158598449623352872e-03,1.132388912714453119e-02,3.052160790331311796e-02,3.008066400741627941e-02,2.768834501091903960e-02,3.480645090887549142e-02,3.214840768076719646e-02,2.724593445918045698e-02,3.391513981062953959e-02,3.919318088834721631e-02,4.024030016578261648e-02,4.238958193724391005e-02,3.592940347471360041e-02,4.058428361309764781e-02,4.792789154011879021e-02,4.190223337772858159e-02,4.470550923996372689e-02,4.560303522059652725e-02,4.247051165050605426e-02,4.596120727127166183e-02,3.072867350116441354e-02,4.028671912316748871e-02,3.942983391356798262e-02,5.097098035346495776e-02,5.262989156424844467e-02,5.941425245341502848e-02,6.006000706685988427e-02,6.557102086746720293e-02,7.106810777903327381e-02,8.150924010215321314e-02,7.703600243207213427e-02,7.231966435472739207e-02,6.615540392463080399e-02,7.063902197293640828e-02,7.107982865739689848e-02,6.871910763801548916e-02,7.012129378276966973e-02,7.626275071399522820e-02,7.248963147466146173e-02,7.302925339158791718e-02,7.391928186841763282e-02,6.748256159273906263e-02,6.546192552562211942e-02,6.350944770834866804e-02,6.048975215951175183e-02,4.817321633871120973e-02,3.855738833281487088e-02,3.992054081618220951e-02,3.373096992269406652e-02,2.825384013795017440e-02,2.070376447951918081e-02,1.344289392535841753e-02,1.798959487516412631e-02,2.552137743686214849e-02,2.071068990736249157e-02,3.443242913252482496e-02,3.526424475139414844e-02,3.719405151781449148e-02,3.391565140489432445e-02,4.149058690102157276e-02,3.953337893601235886e-02,3.365432211764574771e-02,2.147867849578864383e-02,7.753898503736646533e-03,5.906046260790137614e-03,6.580921463010412989e-03,5.308741442898243755e-03,3.841797039666553990e-03,-4.496709439277893350e-03,-4.038631817102561819e-04,7.227189272046596370e-03,2.676935999800673753e-03,-4.863535424047471176e-04,1.004069041505875615e-02,1.620048831199205619e-03,-3.726550061820104939e-03,-2.156118699569713193e-02,-1.721059404259477760e-02,-2.655830003598278616e-02,-3.608420693732369844e-02,-3.057145208039053000e-02,-3.506553508811933312e-02,-3.368984267069982663e-02,-2.695554462730153159e-02,-2.561452111736011589e-03,8.422409055106752987e-04,6.058469252720545366e-03,-1.612726696834342055e-04,-4.729934519744824310e-03,-3.173754359750978124e-03,1.651601114021159639e-03,1.777620253891617087e-03,-2.863007557303510944e-03,-1.829647667932843367e-03,-1.140843945599605887e-03,-7.517904631901269757e-03,-3.304877164479048772e-03,-1.074407603920410348e-02,-1.260434071629973340e-02,-1.485524271941697505e-02,-1.166391856254593226e-02,-1.225912933062065120e-02,1.561670329762404261e-03,-9.988657332050619383e-03,5.877971320908427499e-04,-2.415139578130838949e-03,4.397449260198338025e-03,-6.452072073465356730e-03,-1.269235136338784167e-02,-3.199917031681324270e-03,4.450486206142648983e-03,-5.901759452864354001e-03,-3.429641370432071935e-03,7.881870739377988544e-03,1.423453628583210701e-02,1.567446040632110293e-02,7.003253700863626766e-03,-5.513059569496157539e-03,2.241996509721091296e-03,1.388459994660984527e-02,8.336563325780782518e-03,3.190437788133858484e-03,1.090757262706587745e-03,1.067870386951758066e-02,5.117226316460775880e-03,8.754478904790861590e-03,1.139970467017334399e-02,4.336858197370480929e-03,4.268064989078354174e-03,2.562591626047102961e-03,7.609261950233569324e-04,4.042157634202452922e-03,-1.678186863715219919e-03,-5.502661288359680589e-03,-7.190467110261344191e-03,-1.125678190672883133e-02,-1.624887084580941068e-02,-2.857209464696394002e-02,-2.547996645792583240e-02,-2.506927187591015058e-02,-3.788265854171019714e-02,-3.561507008993500256e-02,-2.993574225640080466e-02,-3.743913927943012809e-02,-4.430964095104393541e-02,-4.272169354030212751e-02,-5.473156067261009811e-02,-4.322836036551031685e-02,-3.835242094689540054e-02,-3.840912494411351241e-02,-3.013091946245586433e-02,-2.509098903253650578e-02,-3.307661626102077757e-02,-3.366374243292159091e-02,-3.378534108245600381e-02
9.066870820830946059e-03,2.143630040443818968e-03,1.137330465226212874e-02,3.590379531216165120e-03,-4.274756062259098266e-06,-4.260294950295132922e-03,-4.700053254369580130e-03,-7.616101743743934616e-03,-8.936265965444957146e-03,-1.569624602855630019e-02,-1.117541537779202440e-02,-5.908453089266166650e-03,-6.691464151303138687e-03,-8.965084790487215516e-03,-1.141009548430058779e-02,-8.799882106762139250e-03,-5.467101148374651359e-03,-8.918379338062441472e-03,-7.541042286829566579e-03,-6.622642333125086309e-03,-1.347729562242869564e-02,-1.148490358328153708e-02,-5.171029075016754691e-03,1.227594592389117875e-02,1.113848091383130325e-02,1.328419569627408564e-02,1.791355376530248678e-02,1.891285120756136529e-02,2.516518402821156172e-02,2.419929200174662440e-02,3.177530426045172690e-02,1.800149069686968195e-02,1.547592058161353576e-02,1.302177378136493667e-02,1.740657343323442560e-02,1.488861255759094809e-02,1.942471139012655335e-02,2.238179215555733889e-02,2.078680403268047192e-02,1.440610906688209736e-02,2.320122358861304718e-02,2.748833474426826823e-02,1.923793356912887817e-02,2.142398266708349722e-02,1.035278074958408991e-02,1.238099486231763503e-02,5.292291500010223512e-03,1.097243027549770801e-02,1.868328368597560116e-02,2.121982185548786440e-02,1.798149194383173374e-02,1.515430673051143193e-02,1.943046943509077473e-02,6.689311681793291831e-03,7.072568438986574085e-05,1.887233169209755895e-04,-1.752977371920101017e-03,-1.152302053182113414e-02,-1.706482821771137734e-03,-9.694643453123869339e-03,1.936548036963584712e-03,-1.759356917351238055e-03,8.196928809022006532e-03,9.513483339522000454e-03,4.769321389980794162e-03,6.375138269835837514e-03,7.142269193527115909e-03,9.093309067087317413e-03,1.550053912109254119e-02,1.186898713622823801e-02,2.024760728590127914e-02,2.654663005229238731e-02,1.940986382939064933e-02,1.634267337891297939e-02,2.890343262428420740e-02,2.354883581467605291e-02,2.060045321541687305e-02,2.615287695571689996e-02,3.900171413826999944e-02,4.758420079039035744e-02,5.833128953445311515e-02,5.323047243611266077e-02,5.210453437369899632e-02,4.629440424384761998e-02,5.218618940982727716e-02,4.533987151680086286e-02,4.873240984394856812e-02,5.203017928986787555e-02,3.652376306768832792e-02,4.618255877078163152e-02,4.420654111667739194e-02,4.071489122216744722e-02,4.836315080697236451e-02,4.074613528715827909e-02,3.879316723010877571e-02,4.928239709568635329e-02,4.817019524209330966e-02,4.991827335603849641e-02,4.759810814949026747e-02,4.665451564941906770e-02,4.313434409060257907e-02,4.316720911684277656e-02,4.674648237277713447e-02,4.586110216474884038e-02,4.710815611871376624e-02,5.265717725862414239e-02,5.508080271124703858e-02,5.778333860260524701e-02,5.948026964680547257e-02,6.597124822184310955e-02,7.292079486449663805e-02,6.500790200439036937e-02,6.116859290927341430e-02,5.546520271813348835e-02,4.746241585981449129e-02,5.382416158652860577e-02,5.751019953399551243e-02,4.811886067575112808e-02,3.061508353354046308e-02,2.442058523508881460e-02,2.459237231986895547e-02,1.841885078187586317e-02,1.451987470114413960e-02,2.597753524579898832e-02,1.655008981473508195e-02,1.596714023661168977e-02,1.767061575224495446e-02,1.728735311305251363e-02,1.389174559996328093e-02,5.290092938481571680e-03,4.811214351114990670e-03,1.588672181822622931e-02,1.022753577522952581e-02,9.798059704182265905e-03,1.644272284502987583e-03,1.973506805745214344e-03,2.547646732718740047e-04,4.302996769580208708e-04,4.898176519148712479e-03,3.024127237006429825e-06,6.294540378380165252e-03,9.472329730974218473e-03,1.530530973474708220e-02,1.958161408920512658e-02,2.665528095229348707e-02,3.639648096378239606e-02,2.341254142787039041e-02,2.316847880113595548e-02,3.138366667856928166e-02,3.201067123756506927e-02,3.563060167533357164e-02,3.992919377461241065e-02,4.128222139059360696e-02,3.766138719610768321e-02,5.396363129279385662e-02,6.511113860990511149e-02,6.396758269304951561e-02,7.331227792214249639e-02,7.645847059877321217e-02,7.566510226447530074e-02,7.606602079697007135e-02,7.829704762505848570e-02,8.402483581850027361e-02,7.131146260694920525e-02,6.464952280947626473e-02,6.242839047964392901e-02,6.051763412673177162e-02,5.988163848933381050e-02,6.166817623903886325e-02,6.546382137949653679e-02,7.932418367906468593e-02,7.994358662343932498e-02,7.240296057980703803e-02,6.898627265541615317e-02,6.748435958019075032e-02,6.789712351543350510e-02,7.127640318273713305e-02,8.215262669838981069e-02,9.118487313907945591e-02,9.337173206881303755e-02,9.031804201686981226e-02,8.558636107515273095e-02,9.258977606574959884e-02,7.991746461043841565e-02,8.213965080829752075e-02,8.728128638708022857e-02,8.631980734703917357e-02,9.556091701237054425e-02,8.592637531387806171e-02,8.230129363737564985e-02,8.135968460039334771e-02,8.623631284340926850e-02,8.440123788979030095e-02,8.181201403661012006e-02,9.003917725413791706e-02,8.826788964048501440e-02,8.203572088552997521e-02,7.313511052037494076e-02,8.031348859849432587e-02
2.917921241921757770e-03,-6.325680400410085488e-03,-4.231722594679621779e-04,-2.031491910824561459e-03,4.115181814248684844e-03,3.966634651519996939e-03,-2.593413663742166406e-03,-1.127615680975771646e-02,-1.917342343504137986e-02,-6.881076626408197741e-03,-1.042096608671065974e-02,-8.589755785310699415e-03,-1.473086207925954072e-02,-1.195550216947175587e-04,1.420041321552565749e-03,6.612267731619725971e-04,-7.945271761567536742e-03,-1.236829814810797706e-02,-1.909373865663469005e-02,-1.907297436649620787e-02,-2.797616343540647310e-02,-2.781777330854020777e-02,-1.792498613203108437e-02,-1.829716607141631049e-02,-2.736942619164504931e-02,-2.154295708888405783e-02,-2.346444427705695127e-02,-3.697875123471212888e-02,-2.359692961633613750e-02,-1.896804192266229178e-02,-2.264240509813980617e-02,-2.273051286510903435e-02,-2.845998035335257567e-02,-3.257783541261600330e-02,-2.827363863241307701e-02,-1.257480921141430202e-02,2.877774770821718564e-03,9.689859998339617891e-03,1.327096741353534295e-02,1.805778874838409251e-02,2.305022934623613198e-02,2.450826033996143447e-02,1.739060840339474306e-02,1.599494320915591586e-02,2.652642697098147456e-02,3.414447577295241787e-02,4.436295944196024660e-02,3.730659239954987882e-02,3.153524783233121326e-02,2.606142408943769653e-02,2.772412644901687054e-02,3.078582214233709438e-02,2.509453090140431955e-02,2.360290222669243418e-02,2.304091446147481931e-02,2.489475527837188215e-02,2.695295396900097146e-02,2.668449512744643093e-02,2.093414113320158851e-02,1.770225269019872275e-02,2.625682061855365290e-02,2.784505543526361038e-02,2.818378319502886503e-02,2.184340519729001742e-02,1.904586344697233383e-02,2.242464508982836696e-02,2.369138267632900016e-02,2.986836161897760827e-02,2.150801386471509410e-02,1.158574417215272809e-02,7.607873987120465469e-03,1.575488682325380113e-02,1.752820231122526051e-02,1.563901690891880691e-02,2.346145421597988640e-02,3.172926873293543948e-02,3.420227695289065201e-02,2.305393665058779601e-02,2.739970651047758665e-02,2.042283281864817543e-02,1.984501847387132659e-02,3.124904161426264593e-02,2.856824400289566246e-02,3.569280813992761758e-02,3.473650201554535910e-02,3.193578307012634454e-02,3.170807291157601293e-02,2.701615690189412833e-02,1.788251939684690206e-02,3.126766755544796439e-02,2.994542812754813141e-02,4.339267309854159815e-02,4.114138473970951893e-02,3.920422457923482262e-02,3.647968700948720638e-02,3.345061339437807590e-02,2.735114287512589032e-02,3.275676803177815510e-02,3.155742917158142757e-02,3.515554120453380504e-02,3.921969702380009859e-02,3.245409831751584068e-02,4.105874529270432671e-02,3.419924115067764919e-02,3.067645158553457610e-02,2.597594574111144333e-02,1.533756867684864418e-02,2.340610982980247806e-02,2.146018974699074461e-02,1.872072846323517489e-02,1.000641017802365688e-02,7.912100284452262128e-03,1.026614147429167831e-02,-7.454267974141479819e-03,-1.063048128628015128e-02,-2.323849168721504529e-02,-1.595221302790727699e-02,-1.824659105208997420e-02,-2.710438696518812501e-02,-2.132931000141928199e-02,-2.745813984380575390e-02,-2.720410483657439288e-02,-2.681320817776202195e-02,-3.057359958406909856e-02,-3.830811113078345931e-02,-3.824369870061650190e-02,-3.687651358094597848e-02,-4.896600721339943590e-02,-4.694659338996244602e-02,-5.516654518654601908e-02,-5.681139814598645116e-02,-4.985731018575437906e-02,-4.699477016407587610e-02,-2.862221309844689698e-02,-2.737994483951139771e-02,-2.381261601783487766e-02,-2.636635331325740822e-02,-3.027936382714880789e-02,-3.298636222730320922e-02,-2.984480046195510036e-02,-2.041267958989561801e-02,-1.690711369264043251e-02,-2.592493945229031038e-02,-2.327278826432411726e-02,-2.684652399408393730e-02,-1.994897091921616142e-02,-2.054534259989538106e-02,-2.322469232524157837e-02,-1.641820745891118052e-02,-1.086346810262071166e-02,-1.442328405927014931e-02,-1.201001271524173783e-02,-1.295780697031209336e-02,-1.344290651154059733e-02,-1.278924090219034533e-02,-6.695736234386072926e-03,-8.638183490338605455e-03,-1.075985842111811322e-02,-1.517392563418350909e-02,-1.888131340803770805e-02,-2.022438264731833690e-02,-2.390966503905150517e-02,-2.860118519981506846e-02,-2.430907368270677701e-02,-2.888530602537637409e-02,-3.552182945620278864e-02,-2.664817662269813869e-02,-2.020808580379806346e-02,-6.359360865109334529e-03,6.465993260792685798e-03,2.727538694781506037e-03,1.329249383671739747e-02,1.432288001297006043e-02,1.139428773720704662e-02,1.429584211682013994e-02,5.247629838205038547e-03,-2.900277886215310921e-03,-6.459816315580050108e-03,-9.128212874347327310e-03,-7.614606828031814448e-03,-1.356792111726825428e-02,-1.895002549956009349e-02,-1.488979228354445246e-02,-5.355350858200628658e-03,-1.319931893620549836e-02,-7.992748843735401898e-03,-1.144416765923705198e-02,-1.432231387113678568e-02,-1.719560950797143981e-02,-2.268174286908031592e-02,-2.081046090988913910e-02,-3.251749078859730163e-02,-3.890306484041307356e-02,-4.440051718643105161e-02,-5.468841308517705113e-02,-4.941470457926529919e-02,-5.355182717603509251e-02,-5.341546586447128847e-02,-4.111948207752114115e-02
-2.177556268342410988e-03,-2.167349901892766904e-03,9.617184214300900785e-03,1.621801778264263943e-02,7.822262472060392477e-03,-7.748880315223454635e-03,-7.542621839535050207e-03,7.867879296133953662e-03,-5.890545871288163648e-04,-1.039968754733880396e-02,-2.928362804300223624e-02,-3.527747353921791007e-02,-3.914056130373828879e-02,-4.012878677043658221e-02,-3.579986614442902393e-02,-2.866389508523989327e-02,-2.805666801892340093e-02,-3.101896309468386501e-02,-4.334498744757422917e-02,-3.112935204174881870e-02,-3.825418878666937694e-02,-4.613607260646048619e-02,-3.884583108736778395e-02,-3.797855929321929114e-02,-2.252336806880489775e-02,-2.571341165554672653e-02,-2.065708026471588937e-02,-1.923237984160468955e-02,-1.094704331997817942e-02,-2.135875022597692047e-02,-2.594650354970811854e-02,-2.496982502547921354e-02,-2.232853882904340878e-02,-2.263855223983252812e-02,-2.295417707316066425e-02,-2.181332137864984422e-02,-2.268218492851816620e-02,-3.143117029893328918e-02,-2.650409200571435600e-02,-1.592451596498972027e-02,-3.508094446347993778e-02,-3.179255783595971718e-02,-2.773847435180453597e-02,-2.938347015258237563e-02,-3.068907056247265411e-02,-3.399351541310843133e-02,-3.774346777895735278e-02,-4.640079511229554948e-02,-5.384011435164281351e-02,-4.828176302232420336e-02,-5.620228810844898892e-02,-6.494013609318952107e-02,-5.592504399502450790e-02,-5.495227224258845272e-02,-6.060071737618971666e-02,-5.670688308210300455e-02,-5.602069697132255194e-02,-5.022881092600856023e-02,-4.722616658418582469e-02,-5.331743330789383978e-02,-5.405464955663254190e-02,-4.949401183819975708e-02,-6.291056302084262197e-02,-7.269256549619215746e-02,-6.889385706016554201e-02,-5.594254492667043860e-02,-6.032251256224768071e-02,-5.417531928820561865e-02,-5.530987308077537495e-02,-5.187017831770055626e-02,-4.802095029640134766e-02,-4.804039868701591443e-02,-4.966390806968621480e-02,-4.935087584857882070e-02,-5.699671195511893385e-02,-5.191978416503211652e-02,-5.269254797740468427e-02,-4.817260082547182576e-02,-4.593391945674504123e-02,-4.068547143340667943e-02,-5.540718250266327138e-02,-5.418583430572346954e-02,-5.792938648739270890e-02,-6.057794653551344666e-02,-5.850425040412240985e-02,-6.291314122601752989e-02,-5.915924137845391534e-02,-6.386534204528455938e-02,-7.020053434286371852e-02,-7.591591410853844313e-02,-8.625760047319258605e-02,-8.238037394013852932e-02,-8.452150259366839058e-02,-8.356128044456916093e-02,-8.064264394018579030e-02,-7.881521534266490436e-02,-8.294703297886979465e-02,-9.381106340400544030e-02,-9.479969489372527813e-02,-8.131003264603300917e-02,-7.090452252490363205e-02,-6.662330104551786314e-02,-6.287164602930941926e-02,-5.584303931558928791e-02,-4.689542239263122525e-02,-4.794327383567796586e-02,-4.137207667893084972e-02,-4.749373607033852140e-02,-4.555452086058516675e-02,-4.460245781207446136e-02,-4.108053915733866912e-02,-4.851196889764473191e-02,-5.072706513768823755e-02,-3.769153987625425972e-02,-3.793853085270579989e-02,-4.260204587878539673e-02,-3.452137866840560010e-02,-3.939812100632168052e-02,-3.258272708135540735e-02,-3.093025047163759644e-02,-3.755455615812481468e-02,-2.274965272973276595e-02,-3.565692542840669804e-02,-3.958515595875500975e-02,-4.320881729253776837e-02,-3.890390118316945645e-02,-4.350772186427319388e-02,-4.555835593011815093e-02,-5.570210212251560516e-02,-5.513717842886117770e-02,-5.278827892600038846e-02,-4.844624482090161693e-02,-5.183023877758163173e-02,-5.640723317342588583e-02,-6.279693532128881317e-02,-6.142430073096158405e-02,-5.072122605251165595e-02,-5.078740748117780562e-02,-5.586644513698911518e-02,-4.882578850370197093e-02,-5.052664652467234174e-02,-5.370365331207063025e-02,-4.603248848169996105e-02,-4.695166477905692026e-02,-4.823347284679289221e-02,-5.581477289109453011e-02,-5.264929840813825646e-02,-6.210544789257678444e-02,-5.616123882073276175e-02,-5.678990785508960387e-02,-6.179344926831722290e-02,-5.320604876992401921e-02,-5.137545959809788204e-02,-4.777033752642681486e-02,-4.371599777228794143e-02,-3.878575849515424057e-02,-4.416993315609153703e-02,-5.302225584250723489e-02,-4.356766205621386695e-02,-3.460074085524612875e-02,-3.838450833318898803e-02,-2.851280551387302617e-02,-3.724502814057580741e-02,-3.399594186435676846e-02,-3.119295695239837976e-02,-3.294142044118007762e-02,-3.414721810229445764e-02,-3.810361695010464067e-02,-3.516899908054268303e-02,-3.382950189347776193e-02,-3.316119598658856527e-02,-4.365742993194306892e-02,-4.555401007782026307e-02,-4.025943590851972093e-02,-4.181767638775163443e-02,-4.543319776466798326e-02,-3.947562697160247880e-02,-3.987807962926912669e-02,-3.539175849280501440e-02,-4.286502918650543503e-02,-4.420649571644456877e-02,-3.662841376441160895e-02,-3.832659635315781993e-02,-3.623311825406300840e-02,-3.958359265357205142e-02,-3.909957394273991943e-02,-3.897156364687497793e-02,-4.205922349233892632e-02,-4.554634640423205899e-02,-4.078058267233448941e-02,-4.334873830327352906e-02,-4.578882367481449528e-02,-5.347911421287787626e-02,-5.208296992974386502e-02,-5.752643743840451379e-02,-6.264662540914840705e-02,-5.753618814566914541e-02,-4.162219079324478571e-02,-4.690697828200612179e-02
-2.968175726783746013e-03,4.915370135776187671e-03,5.140159078163581557e-05,7.763242726156905499e-03,6.276060889078238086e-03,4.907242172260030920e-03,1.114246639359611074e-02,1.568379039297657790e-02,9.933632929984521215e-03,6.574824860552915332e-03,4.648630006452094884e-03,4.055492363295285299e-03,5.961039936475612776e-03,1.602058960840454030e-03,-2.905390393848099849e-03,3.413913099701260459e-03,9.034937058804376128e-03,-5.251127167253023462e-03,-1.762863459097736840e-02,-2.446305408284547497e-02,-2.767753455885341857e-02,-3.210635113736317464e-02,-2.906531934717689059e-02,-2.438238475772060154e-02,-2.598552762624535203e-02,-4.320798363038887840e-02,-4.348849985784289385e-02,-4.354207935742099300e-02,-4.426924518780655377e-02,-5.076281688733332020e-02,-5.126110648978621231e-02,-5.469542206360423348e-02,-5.803055504471922588e-02,-5.187151872128654972e-02,-5.104012294673446193e-02,-5.591247812318216048e-02,-5.524148454740845926e-02,-5.469456626141396688e-02,-6.170010810150801384e-02,-6.259384752798353990e-02,-6.820545101980453329e-02,-5.558428789042726970e-02,-5.073813136406572777e-02,-5.560246981847028619e-02,-6.581839724701740724e-02,-7.043624631581947571e-02,-7.871034117840983169e-02,-7.348243109515795179e-02,-8.620392367818791035e-02,-9.616837012201001622e-02,-9.749880490502609021e-02,-1.049582053741125731e-01,-1.109694044313634109e-01,-1.159939728489899624e-01,-1.116566291709831793e-01,-1.108669289329499846e-01,-1.031679286691417480e-01,-9.408945287313481842e-02,-8.394657187934548292e-02,-9.022801956941110813e-02,-7.915158989880036189e-02,-8.368706599619769870e-02,-8.429283247655394717e-02,-8.489897800156821772e-02,-7.474909262332976589e-02,-8.303838661447213165e-02,-7.997401187049357763e-02,-8.693423235051908615e-02,-9.043886769670993198e-02,-9.032841346408118643e-02,-8.752454511513428626e-02,-8.483438237523249770e-02,-9.797756477877372916e-02,-8.773796435327167742e-02,-8.780872489789937063e-02,-7.778858675852279303e-02,-8.278339323968864072e-02,-8.236874090948569094e-02,-8.406071510985024808e-02,-7.484078048186977583e-02,-7.630009469170849490e-02,-7.738530192112717809e-02,-7.068373224397705989e-02,-7.896719910289565214e-02,-7.949635897643107796e-02,-7.248014827502485824e-02,-7.408024261252502130e-02,-6.979095093158904639e-02,-7.465752849634868515e-02,-8.288892799769331798e-02,-7.576491575269914125e-02,-8.095711544683663330e-02,-8.441638680276923601e-02,-7.706121444142670363e-02,-6.718048853360965300e-02,-7.957488664996445471e-02,-7.563444958924707417e-02,-7.947845639494635628e-02,-7.622898003429565139e-02,-6.435639373318696732e-02,-6.632223012085290692e-02,-6.463099762068205689e-02,-7.088276165064810730e-02,-6.670453335388079608e-02,-6.980872718226661944e-02,-7.037038344938933987e-02,-6.868779128554704239e-02,-6.019139255531907873e-02,-6.450642521200841695e-02,-6.950370917107287494e-02,-6.450090622300083676e-02,-7.559002471441395032e-02,-7.041136366458075613e-02,-7.181123142223730382e-02,-6.413441266237991656e-02,-5.694121884316089011e-02,-6.234627450727218967e-02,-7.016957569192221189e-02,-8.015985552610631337e-02,-7.579121307417205355e-02,-7.124316471163015529e-02,-6.877333738049093426e-02,-6.723988870967470555e-02,-6.373731445287085517e-02,-6.393660170100089191e-02,-5.624490038347412790e-02,-5.284586182008028238e-02,-5.796921207079373112e-02,-6.404099408596514165e-02,-7.119577753437933421e-02,-6.929481959705033334e-02,-5.931932527454088916e-02,-7.500475825504669680e-02,-7.072431038468506015e-02,-7.429672542238663357e-02,-7.860588608868078475e-02,-7.937154300503278248e-02,-7.554982487712563755e-02,-8.557444441539152624e-02,-8.511350528268539495e-02,-9.135120679952206391e-02,-9.480780074234268495e-02,-8.550274853355405158e-02,-8.016415531039218501e-02,-8.819486885579599922e-02,-8.507734470382344316e-02,-9.381495574252317338e-02,-9.430377004566212196e-02,-8.914191089696782422e-02,-8.470774587790856625e-02,-9.006178710095616435e-02,-9.453472051952399591e-02,-9.209509332698000150e-02,-9.418635584433973640e-02,-9.318272445059982978e-02,-9.489255433373726401e-02,-8.049024792390711835e-02,-8.222708198787055667e-02,-7.719154902701234888e-02,-8.596876337389527944e-02,-7.439414531470735226e-02,-7.555322553319548939e-02,-8.154831535640888474e-02,-7.772766764583602384e-02,-7.692083942199581803e-02,-9.352307942283036302e-02,-9.241165292680941779e-02,-9.926190815695537517e-02,-1.003005477840619303e-01,-8.984316422868623975e-02,-8.591877311828795272e-02,-8.505823120837668894e-02,-9.386239405043590722e-02,-9.315126373408731675e-02,-9.893163505923879830e-02,-1.010354346443860241e-01,-1.141943001099016003e-01,-1.124515821732931103e-01,-1.044953227252718442e-01,-1.051305611646060623e-01,-1.126300840344639509e-01,-1.194851869082410589e-01,-1.203718385321082968e-01,-1.159839868204321639e-01,-1.104367604059618702e-01,-1.164253673954462470e-01,-1.256642804339931918e-01,-1.223568867376536168e-01,-1.267276935752067457e-01,-1.303354880868352883e-01,-1.271052624269138620e-01,-1.303537491281038241e-01,-1.372718549946718436e-01,-1.406425396740085543e-01,-1.506638274939359756e-01,-1.539901254194349645e-01,-1.438556686258413708e-01,-1.432906558684451936e-01,-1.489075171696681299e-01
-9.277728962187129294e-03,-8.762833239490645451e-03,1.189421264202286319e-03,-7.492782128741021664e-04,5.425757396493645877e-03,8.746332050557161647e-03,1.201195581718335348e-02,1.035686027034970515e-02,1.383217258192635281e-02,3.120588489789626052e-03,1.062418384515866586e-02,1.545427829474515374e-02,1.054047069859979403e-02,2.446338425030140581e-03,-5.171029211517057071e-03,2.659994822093332371e-03,-7.978914653022283962e-04,-3.777571289413513087e-03,-1.556568393844462092e-02,-2.922585969359218355e-02,-2.189033017257656366e-02,-2.179095284531709989e-02,-1.553524587463175899e-02,-2.263652726920968930e-02,-1.873996395548254215e-02,-2.746791922466323976e-02,-2.777271093839135674e-02,-2.365911081079527176e-02,-2.264762062642442300e-02,-2.313125251956690137e-02,-1.718478078996352534e-02,-2.117466598269393541e-02,-1.811105275154677174e-02,-2.907613283059517009e-02,-4.597607887187511039e-02,-3.877986696007420381e-02,-3.100936618913954779e-02,-3.795683582435656345e-02,-3.122633236095903597e-02,-3.312934920769039504e-02,-3.292795053207667882e-02,-3.672124972488764044e-02,-3.894305337781694271e-02,-3.915349589163368699e-02,-3.103108173954127053e-02,-2.115555421228538374e-02,-5.219929113095534562e-03,-1.479230313776982129e-02,-1.420782134517954709e-02,-5.552620871491284818e-03,-9.137422672232218754e-03,-6.525905463662951163e-03,-2.239401466867619109e-02,-2.012162555719891263e-02,-1.750397695807788881e-02,-2.707056791165671217e-02,-3.790021140135618749e-02,-4.931853723605543471e-02,-4.993194070512162186e-02,-5.600364271243454123e-02,-5.628082941941951745e-02,-5.627459519615369415e-02,-5.975178358222502095e-02,-4.707969687612428844e-02,-4.192779816420855177e-02,-3.267751903443379818e-02,-2.804140648740403516e-02,-2.692898396996852226e-02,-1.345876376424450654e-02,-6.304986922077975876e-03,-4.380541656152717178e-03,-1.424001906566669650e-03,-6.557695994574333151e-03,2.589447746173211690e-03,-9.455775352669592779e-03,-1.294933722025597839e-02,-2.052033842018452861e-02,-2.008841636295898361e-02,-1.503339238189315905e-02,-1.959995282053627469e-02,-1.829241865015680465e-02,-1.365623174253740787e-02,-1.002853706738583879e-02,-6.718240315660107750e-03,-1.527571610514913934e-02,-3.657577718788208171e-03,-4.883669181711920888e-03,-3.120833275598500559e-03,7.981125243397644425e-04,5.087276741692924910e-03,4.549518301830343496e-03,-4.239826875424648929e-03,-6.065037164279930490e-03,-1.515664012493855850e-02,-1.150911341739222632e-02,-5.128851088842010381e-03,-1.167984318009555010e-02,-2.358822059379762220e-02,-2.501799100091640915e-02,-2.754918885528668399e-02,-2.900267177075576200e-02,-2.119680597031839420e-02,-2.816633184651193625e-02,-3.164407040621404488e-02,-2.509514868344490252e-02,-2.764225045936119507e-02,-3.370554770007666567e-02,-3.460965273865537067e-02,-3.143304062603765464e-02,-4.130420328603016944e-02,-3.802405746892182498e-02,-3.479991752603826816e-02,-4.261812132126439889e-02,-3.511437388554139449e-02,-3.875273580286773406e-02,-3.778282169177463179e-02,-3.880219892120583686e-02,-4.654338009180475355e-02,-4.186910794316119067e-02,-5.309777067716010823e-02,-5.168345803864508869e-02,-4.319696173933423866e-02,-4.746429390224917583e-02,-4.852814774357921968e-02,-3.985945947063280342e-02,-3.738363428843196473e-02,-2.595395266840353626e-02,-2.852318337147524696e-02,-3.127512303583688397e-02,-2.788103498680562578e-02,-3.242302437578029051e-02,-3.132395612394938550e-02,-3.811560924177660736e-02,-4.779050131153823877e-02,-4.816375686767233183e-02,-3.935908835115742993e-02,-3.652775620496193781e-02,-4.324753920310491634e-02,-3.695428583596917921e-02,-3.663005834728377819e-02,-3.977237590581447074e-02,-3.893559198202124760e-02,-3.164823241847024987e-02,-4.059868085824798467e-02,-4.345432951530600607e-02,-4.543640824560946090e-02,-4.150722078243750113e-02,-4.214125032390445003e-02,-3.615257365575751808e-02,-2.891836121367811346e-02,-2.548720570364088403e-02,-2.607872866415772081e-02,-3.994683507824377255e-02,-3.109665253112874408e-02,-3.660270301004849014e-02,-2.343975878976887334e-02,-1.123981943974825676e-02,-1.262732050547052225e-02,-8.716925164144656568e-03,-1.265883609290295933e-02,-7.967605280045361033e-03,3.697085146180332724e-03,1.122345305159024899e-02,5.908808306859921790e-03,-3.869175873194655342e-03,-1.794755443458869240e-02,-2.638633441140386671e-02,-1.603063903754205211e-02,-1.031436986067073985e-02,-5.951249202006351352e-03,6.461779541051523856e-03,1.634516571227880716e-02,1.726097373423279499e-02,1.503262040402935859e-02,1.250977821374625945e-02,1.198660747282096796e-02,1.568470992139468084e-02,8.767195022611718250e-03,1.002370039351338331e-02,1.771370198541214955e-02,5.629191433494074373e-03,5.630992246560854661e-04,-4.845210809295871605e-03,-9.863883654037553655e-03,-1.188375174243947591e-02,-1.433209629945074448e-02,-2.744782631726862959e-02,-3.804708186765400763e-02,-3.493197778532877024e-02,-3.351235173070998136e-02,-2.088426881975361665e-02,-3.127202929029500311e-02,-3.917795740176821528e-02,-4.373156560417292699e-02,-4.455263644307062842e-02,-4.970876860713498852e-02,-4.458854861297752853e-02,-4.681476491300506221e-02,-4.796789607086491408e-02
-2.329440085503931522e-03,-3.548951576321751449e-03,-1.702207552480793171e-03,1.432372676926869058e-03,-5.050413082461439711e-03,-8.534866300686175938e-04,2.165134749834084996e-04,-6.282069131295765860e-04,4.091939497097856100e-03,3.239697199779151271e-03,1.442340249999289614e-02,1.480220081563801866e-02,1.346310195787144698e-02,7.580993029419906895e-03,2.055270957672849542e-03,-4.261372699645627274e-03,1.611726274858483153e-03,-6.286218482050270027e-03,-1.165382520203132183e-02,-1.629398742381246712e-02,-1.774999674348095094e-02,-1.364966288681295978e-02,-1.257645804323249787e-02,-1.129234896150978391e-02,-2.079019070035526690e-02,-3.004039800607724228e-02,-3.385067185210398344e-02,-4.731262413497179520e-02,-4.167100072974299491e-02,-3.838549619401052104e-02,-3.570180006789235028e-02,-3.416186477281667883e-02,-2.885126767699691674e-02,-2.585012809505973785e-02,-2.443122196189547249e-02,-2.479143411591745380e-02,-3.343150678547831406e-02,-3.109672809305616750e-02,-3.793638055654222768e-02,-3.432635285852866924e-02,-3.236699256300895611e-02,-4.254029097271796317e-02,-4.439766698042443838e-02,-4.005815409063013394e-02,-4.491754896594195301e-02,-3.541582895252760183e-02,-2.908938062101790178e-02,-2.731007852589923193e-02,-3.020233943104838961e-02,-4.098832254919948515e-02,-3.692122285558804146e-02,-4.599350163520357637e-02,-4.500645586354095479e-02,-4.869048074882081217e-02,-6.167093384789647942e-02,-6.705387056649675381e-02,-7.221508960865276328e-02,-7.554843380430974198e-02,-7.972375015892912975e-02,-8.091721140442609261e-02,-8.192786851746849952e-02,-7.604525518549777596e-02,-7.004238257986285243e-02,-8.795482017727189461e-02,-8.033531725019145420e-02,-7.788425798738765615e-02,-8.052139812814014530e-02,-6.991003933909153978e-02,-7.190343114889871656e-02,-6.879126171958267755e-02,-6.862339372681643124e-02,-4.987939238906797385e-02,-5.165681441774170463e-02,-5.939741265160231043e-02,-6.617618643506174847e-02,-6.078109550472346467e-02,-6.635401425107477491e-02,-7.016819248476105497e-02,-7.231370210350288041e-02,-6.873792197053951725e-02,-7.120186558875782334e-02,-5.987004336787685871e-02,-7.149340899333912758e-02,-8.171118709492726506e-02,-8.043469003929015759e-02,-7.530526448605058543e-02,-8.520422636387817161e-02,-9.076938812999579831e-02,-8.694120752175442390e-02,-8.192251045594022008e-02,-8.011125187259325597e-02,-7.909556152007204965e-02,-8.904131098384818199e-02,-9.953968173635374672e-02,-1.092307126578678095e-01,-1.171319437152628096e-01,-1.129853149743133972e-01,-1.035915160350388275e-01,-1.015560489742269729e-01,-1.039136321643997218e-01,-1.022471555211926370e-01,-9.705218733157047750e-02,-9.848844015232841032e-02,-9.975619505853643154e-02,-9.810464585523882841e-02,-1.004227158469283010e-01,-1.007357447066542233e-01,-1.052760812656730882e-01,-9.492360401975025175e-02,-9.584034296664728503e-02,-9.711813496912138910e-02,-8.575745640944358594e-02,-8.228120733053373437e-02,-8.618369441944803699e-02,-8.091834599110168946e-02,-8.894613089100408820e-02,-9.391802279175197332e-02,-9.327981432699118669e-02,-9.141721012166220683e-02,-1.016229878991250363e-01,-1.074448349336915021e-01,-1.095980686721893388e-01,-1.104382955391679660e-01,-1.044227664620127755e-01,-1.052274084748072436e-01,-1.061163245617242623e-01,-1.170910783092232316e-01,-1.106954546307847287e-01,-1.138733850826718769e-01,-1.107538685245943316e-01,-1.113233282923161011e-01,-1.209102213397717784e-01,-1.159336058075271098e-01,-1.174778461805398994e-01,-1.200317649819505478e-01,-1.198050014464951823e-01,-1.239826557436433802e-01,-1.181890454412075353e-01,-1.170598343435896721e-01,-1.196295613997211266e-01,-1.121727169328121110e-01,-1.166560213604924956e-01,-1.219455111056877428e-01,-1.210133913833889019e-01,-1.317528108229336081e-01,-1.238085326938908465e-01,-1.153804607620900619e-01,-1.095051611006604142e-01,-1.140243113151988702e-01,-1.084670765775878759e-01,-1.077913320301436412e-01,-1.097776925069649662e-01,-1.059311297328351525e-01,-1.080588889012306514e-01,-9.860575458359013834e-02,-9.734715247822260664e-02,-9.998129394966452643e-02,-9.537876710720330498e-02,-9.278612815857673057e-02,-1.001504360316416986e-01,-9.893012712886831150e-02,-9.973705273651435610e-02,-1.047081011613042595e-01,-1.082085572010060837e-01,-1.166533868961340537e-01,-1.205048714154591250e-01,-1.246727365495132606e-01,-1.267287606152413260e-01,-1.209799713370246499e-01,-1.136290438203353681e-01,-1.243136884151152394e-01,-1.174500496301637831e-01,-1.126960944400690889e-01,-1.162037166508991248e-01,-1.133098566623575582e-01,-9.819861237192682724e-02,-9.073844658040614020e-02,-9.429084802424672618e-02,-7.930185230228273263e-02,-7.747376124311716739e-02,-8.144367096784882465e-02,-8.033728077817711699e-02,-7.966932132226192675e-02,-7.643640249806711584e-02,-7.252264711913472550e-02,-7.926962991261299329e-02,-7.668727458744170611e-02,-7.396700647298516673e-02,-8.274858539312623940e-02,-7.848021888933517931e-02,-6.520890691163283570e-02,-8.011647195913379482e-02,-8.876599253710587556e-02,-8.540983874060961711e-02,-8.747881149138667101e-02,-9.142031288485837071e-02,-9.619155687814817668e-02,-9.077874863668165817e-02,-9.901094900693177547e-02
4.970155186940196090e-01,5.072478843093863876e-01,5.085032488196324918e-01,5.087100043177085196e-01,5.172733543898739850e-01,5.166606361342446219e-01,5.109544379398832659e-01,5.113476420913422027e-01,5.161043155204462218e-01,5.232898147295829139e-01,5.256998344792572775e-01,5.291156072676588273e-01,5.281203658707994686e-01,5.229683343707245413e-01,5.205519669060946208e-01,5.095864544614336911e-01,5.119991731055666406e-01,5.030330012067812939e-01,5.064852081262036787e-01,5.051973789907482359e-01,5.098477889756627413e-01,4.974403792049658657e-01,5.048436933435821450e-01,5.125881318847653745e-01,5.126277537948147334e-01,5.075523846348367618e-01,5.046944517645266526e-01,5.118080748659200596e-01,5.176915141042002233e-01,5.113679267102531067e-01,5.164886528514128772e-01,5.168344809743881108e-01,5.197663813344512995e-01,5.277808348347112766e-01,5.195722421979026562e-01,5.179034864890256218e-01,5.107623503847932289e-01,5.009111819475003946e-01,4.935476012863623807e-01,4.924051943418055188e-01,4.992955201099743556e-01,4.942801917527032129e-01,4.886661029818265556e-01,4.825260801739946204e-01,4.835599995979466548e-01,4.828546556227580888e-01,4.843658123533337023e-01,4.839918041704543428e-01,4.766615965254809573e-01,4.725574409700387668e-01,4.692591562121766202e-01,4.743031540830400794e-01,4.734224395282640163e-01,4.688922219117212520e-01,4.698031967667614661e-01,4.657396639966291940e-01,4.681796336120439550e-01,4.860329314352128116e-01,4.852840104717342506e-01,4.871396080067452727e-01,4.878750364125553629e-01,4.909557411399126381e-01,4.999541853753280418e-01,5.074453471084393597e-01,5.074344054496972012e-01,5.084505990479869508e-01,5.067906612514661013e-01,5.118404089168357984e-01,5.145885377274587169e-01,5.182090932994813937e-01,5.112773835120941746e-01,5.111141668708880648e-01,4.991543418066297644e-01,4.991535290327546726e-01,4.916994168686300015e-01,4.902008374783762834e-01,4.938587219318024135e-01,4.941432522813278827e-01,4.951685164468942468e-01,4.935566222816528126e-01,4.922117903702072361e-01,4.929305085227022598e-01,4.812658860876743439e-01,4.798596204132527521e-01,4.694031377544402583e-01,4.688983329789218057e-01,4.679879139386457498e-01,4.724450010857473847e-01,4.801523456757975095e-01,4.785786259093588457e-01,4.760242226391470100e-01,4.812820452205066046e-01,4.829973815117072355e-01,4.831303375680182643e-01,4.890431295685586655e-01,4.863302222813786213e-01,4.922767000850586383e-01,4.936382772690738885e-01,4.937016965343449804e-01,4.853835103373520532e-01,4.821908820416008767e-01,4.852837593547834061e-01,4.903138756974778634e-01,4.905433851886366048e-01,4.978556354171211895e-01,5.026762815077666646e-01,5.037268592380905741e-01,4.902929547818268841e-01,4.922030446517411395e-01,4.842528094941554451e-01,4.772713109174471779e-01,4.737386489660685984e-01,4.664320004981030721e-01,4.744389960454671318e-01,4.802818352003105917e-01,4.763507377431429046e-01,4.848438879978649863e-01,4.842852053148793412e-01,4.859992019590309020e-01,4.774480553341263755e-01,4.811666820029225078e-01,4.902024545767785790e-01,4.845391880891743996e-01,4.734997182424365292e-01,4.643461118144889821e-01,4.710093417453046216e-01,4.769522633680186585e-01,4.863243959348596546e-01,4.947161803444236061e-01,4.823007084838955572e-01,4.800352863997207065e-01,4.696204402787994003e-01,4.587425666114735567e-01,4.626035343740953487e-01,4.686986710167634906e-01,4.674629952280763834e-01,4.581006681016718263e-01,4.549841592202650276e-01,4.564700030328820990e-01,4.635032181423727748e-01,4.580883526248197835e-01,4.572906265182645758e-01,4.564018412559621707e-01,4.556126540648930412e-01,4.589192025480263171e-01,4.608398549931642108e-01,4.524297714107520796e-01,4.498292496664753615e-01,4.491260489388176902e-01,4.519216266189953757e-01,4.587794375959522442e-01,4.594422509027502044e-01,4.506167749098759501e-01,4.491225960286717167e-01,4.472564563114895808e-01,4.526447532675466623e-01,4.454348235509776321e-01,4.471354652176233735e-01,4.347596898853390290e-01,4.393166930730726394e-01,4.317863951163973257e-01,4.371455114461604285e-01,4.225395258656532427e-01,4.297073375267771445e-01,4.292310323004613348e-01,4.384141367588632043e-01,4.455224721078915318e-01,4.389271274876071494e-01,4.406546205239032510e-01,4.383760110329207316e-01,4.342158222909303089e-01,4.332885377979274755e-01,4.303174164058128914e-01,4.230844253137551747e-01,4.214072710292901536e-01,4.248556299372149292e-01,4.262400105008627427e-01,4.300402191910526750e-01,4.320514578192715671e-01,4.207296242470847103e-01,4.223388852605591826e-01,4.294664075436165906e-01,4.201825326647593006e-01,4.167613762974131664e-01,4.112145097018229389e-01,4.045228558522520057e-01,3.966209486614437618e-01,3.915762299637426391e-01,3.913363992586132989e-01,3.948759587919362102e-01,3.990675895502408532e-01,4.139027483224911319e-01,4.189929927700148382e-01,4.063703650231905162e-01,4.023768995030012063e-01,4.076516315252556311e-01,4.102860658907814262e-01,4.197613126312149112e-01,4.375686489394737255e-01
-1.750691021743095571e-03,3.243484810043409557e-03,5.681989783085986817e-03,9.139415062352957558e-03,8.498965414269006938e-03,1.721676874141102320e-02,1.749365168431518680e-02,1.165799517304865959e-02,1.556589848352479474e-02,1.573964280360059045e-02,6.496635164419126487e-03,-2.258402711483920022e-03,-9.433586434321326181e-03,-1.323894964037731006e-02,-1.991169184933883410e-02,-1.291696954222992452e-02,-1.807432583989170005e-02,-2.133556729221614684e-02,-1.087609900183106326e-02,-1.147112997794401054e-02,-7.826332166304820689e-03,-2.217881539867107982e-02,-1.963291963996365019e-02,-2.489461276032082712e-02,-3.497029832107707153e-02,-3.059910832854262006e-02,-3.221011922778419662e-02,-3.249881846301585359e-02,-3.876758044417717014e-02,-5.116805081881706241e-02,-4.781088229152469227e-02,-5.399964226193493949e-02,-6.108715901660050074e-02,-5.475721448418475329e-02,-6.947380110838191625e-02,-7.314764138364152068e-02,-5.075447667387636419e-02,-3.851892637186725421e-02,-5.422191985262292402e-02,-5.579076856766179704e-02,-5.769028788538525104e-02,-6.608308154769781950e-02,-6.789810899197139260e-02,-5.718626626197131912e-02,-6.206017447021360683e-02,-7.220333625132364930e-02,-6.938478314240564826e-02,-7.138288286881598610e-02,-7.398812885911301707e-02,-7.921703648367973971e-02,-6.876669530669571317e-02,-6.040453042574692177e-02,-6.521729148901428408e-02,-7.344436421675723525e-02,-8.011543835660558943e-02,-7.649745013086874101e-02,-6.583733340914198207e-02,-5.638267188912221561e-02,-5.609255618916137581e-02,-5.288091219618172578e-02,-5.924400615374539325e-02,-5.932721543061317965e-02,-6.116788024259453560e-02,-5.488324365319771636e-02,-6.960343266832458298e-02,-7.101821647574002583e-02,-5.885463557112494137e-02,-6.645943074592715327e-02,-6.167109024160876557e-02,-7.335684426187960572e-02,-7.879270850148875627e-02,-7.577029258808430645e-02,-7.663599904832091303e-02,-8.205513154226458383e-02,-7.787137881876769752e-02,-7.973489599532863903e-02,-8.243249214599493446e-02,-8.442955304583479870e-02,-7.800494447059737324e-02,-7.854365681137037702e-02,-7.266470351351371482e-02,-7.989794004440442521e-02,-7.999616538520919196e-02,-8.472429664505277958e-02,-7.982245780087651732e-02,-6.870802507674972359e-02,-7.108560314541856329e-02,-6.636456163122952945e-02,-7.048040848960214488e-02,-6.421104491939995385e-02,-7.078485909241896690e-02,-6.488547091135025979e-02,-6.076240814532226503e-02,-5.041856991642394009e-02,-4.365950962591141904e-02,-5.131752232312753598e-02,-4.936679619768694072e-02,-4.586237285340091785e-02,-4.599368044355799101e-02,-4.435100370702392547e-02,-3.914557758918224550e-02,-4.007802906834579543e-02,-4.173554394950917262e-02,-3.578769728324229793e-02,-3.312593997769008175e-02,-3.391589021143511656e-02,-2.974748131660516492e-02,-2.495622696201895210e-02,-2.546645414300463192e-02,-3.066993137847171327e-02,-3.991957294172528148e-02,-4.377447362544707732e-02,-4.626712478576270465e-02,-5.624099494772907826e-02,-6.826082924109437566e-02,-6.996439791621419935e-02,-7.150650108219949730e-02,-6.463537352425101357e-02,-6.631681051482699041e-02,-6.883580946882759954e-02,-6.957140019773028206e-02,-6.172493658066767475e-02,-6.083601216718292209e-02,-6.123014276315837806e-02,-5.313891969871491899e-02,-5.189182390639029280e-02,-3.807502311093229758e-02,-3.337752746049360564e-02,-3.985657055669905580e-02,-4.597162377170530695e-02,-4.693808718304705307e-02,-5.581515363019598497e-02,-5.314706551873137064e-02,-5.482712734221067280e-02,-5.234833989998076420e-02,-5.484737479522615311e-02,-5.173994967617982776e-02,-5.814144136392781353e-02,-6.914859906323859995e-02,-6.746134730689960779e-02,-7.355119581861657707e-02,-7.044428221040338611e-02,-6.314306341771243336e-02,-5.882683593957271223e-02,-5.687839025556743616e-02,-5.889429033007863301e-02,-6.599600760835627744e-02,-5.914961272898620892e-02,-6.043941105848477102e-02,-5.999516715185188032e-02,-5.233527337552795755e-02,-5.061626115103286944e-02,-5.340121954544096994e-02,-5.628713083428017738e-02,-5.464116705295842674e-02,-6.217756626714253387e-02,-5.851020340846334322e-02,-7.056210107342433813e-02,-7.032701179466556429e-02,-8.089956802920679479e-02,-8.567526671209764466e-02,-8.179619821078061570e-02,-8.597106220878754368e-02,-9.325321014631335337e-02,-9.586180496133614448e-02,-1.025731266684870857e-01,-1.054268923335187069e-01,-1.125599490453786655e-01,-1.206502305139022790e-01,-1.171938855413026254e-01,-1.060699505589933339e-01,-1.200613957907919888e-01,-1.274012092858312073e-01,-1.321353522863606411e-01,-1.345844759652214118e-01,-1.278075985265005876e-01,-1.230009830479891764e-01,-1.238522534284793031e-01,-1.330520345769529156e-01,-1.346985209067211864e-01,-1.414702147532527210e-01,-1.493559012430137611e-01,-1.397502915914800581e-01,-1.270825955998956813e-01,-1.263030676544378839e-01,-1.352866169931137008e-01,-1.395699393765470475e-01,-1.242844894524809535e-01,-1.262421406461021467e-01,-1.194125118754152254e-01,-1.221284879310626792e-01,-1.243445463301938170e-01,-1.219986847922091416e-01,-1.344687894884676882e-01,-1.402873233762306771e-01,-1.503886849739999032e-01,-1.438714575322067313e-01,-1.546867885681687815e-01,-1.565981698656266907e-01
-1.233034382428412935e-02,-4.442976534698056187e-03,-3.994388069555364698e-03,-4.326802521585134710e-03,-2.053430801451288333e-03,3.462835935454046735e-03,8.161757887750168902e-03,9.415885791971433452e-03,9.202259516742803888e-03,1.028594152408032585e-02,1.106382988068713852e-02,8.802691388163360470e-03,6.319150635345894759e-03,1.889918390947284942e-03,1.364307230290321554e-02,-7.071675044774679980e-03,-4.137447011812594999e-03,-1.387888830236737661e-02,-2.074084313507332591e-02,-2.499257773221096740e-02,-3.276573891609924072e-02,-4.454169673194481593e-02,-3.445669427760705145e-02,-3.675479974112191850e-02,-3.778054817160156342e-02,-2.699977811926239021e-02,-2.691692179905426016e-02,-2.266296877071651700e-02,-2.379626408857225817e-02,-2.961124284067502554e-02,-2.163428221282510250e-02,-3.269535526322255720e-02,-3.445291251892957513e-02,-3.843596436193564420e-02,-4.040237907184109079e-02,-4.093831399563500201e-02,-3.417407898733282323e-02,-3.696313195487630626e-02,-2.929349716506882140e-02,-3.441991918983772214e-02,-2.759290725407317554e-02,-2.889166399833941259e-02,-3.058204548304204601e-02,-3.911751884220815434e-02,-3.415499274850191530e-02,-3.137072699052743247e-02,-2.958590939321996752e-02,-3.566554561777125071e-02,-3.718510272985094123e-02,-3.574511200369023117e-02,-2.945721441485647102e-02,-2.936197431005323558e-02,-3.525735582043102584e-02,-3.700556473769364002e-02,-3.532638404557553180e-02,-2.162354513889727659e-02,-2.266310359462008969e-02,-3.287473357013697556e-02,-2.701247149629971978e-02,-2.816337809703036571e-02,-3.067231748291139939e-02,-3.607560860177615181e-02,-3.658236958121729304e-02,-3.529961751275779297e-02,-3.747077806613621082e-02,-4.120769766567168590e-02,-4.581173660172984524e-02,-4.502647276379289493e-02,-4.801701218371451363e-02,-5.357749564063839232e-02,-3.959357165545832058e-02,-3.142347241263768187e-02,-3.247998586350253625e-02,-3.375083784515186397e-02,-3.425436218042902242e-02,-3.269069647050912991e-02,-3.648957980332587225e-02,-2.837347497110526834e-02,-2.690398634296689573e-02,-1.573908639654525085e-02,-2.058944859149724679e-02,-2.210039186849143550e-02,-2.361732490462997366e-02,-1.359162589832902876e-02,-2.668053024173504956e-02,-3.625133216234038835e-02,-3.328739565235642323e-02,-4.062388203945664633e-02,-3.178980609363560306e-02,-3.420594396931515846e-02,-2.357999742431937662e-02,-1.826873492339464722e-02,-1.638892049323274064e-02,-1.178666505320503932e-02,-2.409037641823735115e-02,-2.536541606217117620e-02,-2.556969326769470072e-02,-2.422345854781566762e-02,-2.228787444728399375e-02,-2.074073052856653665e-02,-1.309926166807937054e-02,-1.554154986963607668e-02,-9.404869214882583678e-03,6.719405581514317077e-03,-1.715704497563022221e-03,2.729305756298459201e-03,1.484369245148766010e-04,8.650162534236480877e-03,1.875714993339348824e-02,2.348443095283694881e-02,2.272998961743420698e-02,4.276841170948039728e-02,3.626144289475608656e-02,4.164244269006326521e-02,4.431340022157288783e-02,4.131916976587194507e-02,3.292044349047552887e-02,4.193330070550663202e-02,4.110423254532833554e-02,3.051184563089417295e-02,2.866060869776474590e-02,2.944340529855942259e-02,3.315033999103593476e-02,3.268770751751716441e-02,4.327256772519630368e-02,5.997047953364992995e-02,5.257142502075948243e-02,4.438898653178151299e-02,4.607649971543796574e-02,4.793004129709689531e-02,5.414734996889480900e-02,5.577974136850793324e-02,5.048215837949583673e-02,5.469532532061678609e-02,5.245922716261946367e-02,5.462340201824385233e-02,4.981082631349762618e-02,4.189456845159383880e-02,3.551589596052075193e-02,2.316225949991090188e-02,1.516198238723985396e-02,5.693741441683490556e-03,1.399047163533024413e-03,2.429719525314360910e-03,3.627539043013485072e-03,-9.691514441877791333e-04,-1.020376450188078404e-02,-1.256286588579607656e-02,-2.212325288578211729e-02,-2.719393641488091623e-02,-2.577401325175271429e-02,-1.550377980328807373e-02,-1.405750191423571840e-02,-8.054066533776918849e-03,2.024113056892380691e-03,-5.913380731147150834e-03,2.229933415999842128e-03,-7.140156998085275819e-03,-1.903446840561796166e-02,-2.181674453565934230e-02,-2.026002427516127719e-02,-1.556686138347935025e-02,-1.392470022310560683e-02,-1.643190743943154231e-02,-2.028966755437169867e-02,-2.006886042585167770e-02,-1.482632730906802664e-02,-1.707202976696303720e-02,-1.637850740324287013e-02,-2.464093261753470127e-02,-3.619384796689321254e-02,-3.504886130099382074e-02,-3.386636750812140051e-02,-3.703645044888548982e-02,-3.493723030908854610e-02,-3.206386465263076635e-02,-3.791090754831938359e-02,-2.827771533455989902e-02,-3.845487124779600058e-02,-3.544149540004111476e-02,-2.889915444679835160e-02,-2.871544570405751631e-02,-8.405442386163062413e-03,-5.387618499400724167e-03,-1.017117712714753729e-02,-6.413885071916466084e-03,-5.716720151694012174e-03,-4.329955022891313760e-03,-6.184714944902460973e-03,2.219072684939552009e-03,7.395567357561699459e-03,7.356789879103041094e-03,-7.225496867381742475e-03,-1.189749482559167293e-02,-7.320269465621804909e-03,-7.875942508918713086e-03,-8.625572561736960520e-03,-1.198863401783393547e-02,-1.248185347432797729e-02
2.397472852036606952e-03,2.318924109123157544e-03,-7.198294279859586940e-03,-1.789924960963538286e-02,-2.144992801002061980e-02,-2.405417011209173839e-02,-2.884067150018921125e-02,-2.915292615690163666e-02,-3.365498856647165110e-02,-2.671979270592698269e-02,-2.108521687704335151e-02,-2.310178212562163935e-02,-2.906668734047281044e-02,-2.452366830690834790e-02,-2.826615608649214392e-02,-1.626093620759520159e-02,-2.107080916518913605e-02,-1.434961322418872205e-02,-2.179543852792272668e-02,-1.598112440626427155e-02,-1.471697196477895521e-02,-2.359682782264101164e-02,-1.989556215483640270e-02,-1.542786555292609448e-02,-1.063737183108611449e-02,-1.877447386588271608e-02,-2.042492719915955934e-02,-2.693713596093070400e-02,-3.243739441249018918e-02,-2.514434634001122548e-02,-3.335702938335538548e-02,-4.063523076192387257e-02,-3.665043771988457655e-02,-3.893352573221290497e-02,-3.963124013544705448e-02,-4.267182923068479905e-02,-3.734762931243246903e-02,-4.397165200644563565e-02,-5.057172442672885904e-02,-5.169950863132037611e-02,-4.773536138052630190e-02,-3.993167247147860754e-02,-3.704640130825035543e-02,-4.035938255313073486e-02,-3.676098452069842537e-02,-3.009670254420576674e-02,-2.764871835055987201e-02,-3.580813851899682099e-02,-2.100477733713827441e-02,-1.955948097837618624e-02,-3.187430858231486003e-02,-3.640002209500268343e-02,-3.021621869736250410e-02,-3.090010599747097103e-02,-3.464013087170941807e-02,-3.819099239473910251e-02,-4.473543069303050762e-02,-3.883282684133679274e-02,-3.981933773588005460e-02,-4.971777250096870437e-02,-5.229932838050187216e-02,-5.500310986471908942e-02,-5.579221107412356273e-02,-5.603679035180131329e-02,-5.273771646176829420e-02,-4.798351022035692720e-02,-3.927098557721581118e-02,-4.460010980969777300e-02,-4.054636555272528309e-02,-4.535906936244799709e-02,-3.896653100510734380e-02,-3.653308044266825177e-02,-3.014083295091956813e-02,-3.349911017251815809e-02,-2.790826229886259752e-02,-3.579231891563542517e-02,-4.403655465383980727e-02,-3.724742522341391304e-02,-3.599829757643954742e-02,-3.327080964023980403e-02,-3.083437631210643806e-02,-4.238177380718189530e-02,-4.247570812880973462e-02,-4.988631367474425510e-02,-6.202164619628419001e-02,-6.343468864185440592e-02,-6.334655129808182406e-02,-5.965466756907539247e-02,-6.239747048354028769e-02,-5.779590837235241974e-02,-5.407985572726112244e-02,-6.533605630642429218e-02,-7.011722747140745893e-02,-7.473714378888032805e-02,-7.724267567343463814e-02,-8.315624293811252343e-02,-8.542364401103734461e-02,-8.310442189354830256e-02,-8.303007804750191234e-02,-8.952767814549106307e-02,-9.891885165388367152e-02,-1.006981074956741495e-01,-9.478386800054720840e-02,-8.483109356794478473e-02,-8.605014065341831664e-02,-9.165524913948995545e-02,-9.122343199822108284e-02,-9.305141091299129474e-02,-9.837499302937931234e-02,-1.031380149771733840e-01,-1.061260593978377992e-01,-1.038886381170508605e-01,-1.093842952944936997e-01,-1.094238644163860324e-01,-1.163670792840627299e-01,-1.180248372863199474e-01,-1.160017832321581510e-01,-1.203678672981673275e-01,-1.165402563359227844e-01,-1.172849941372023919e-01,-1.167483169125040632e-01,-1.187873110687759914e-01,-1.147948410213152914e-01,-1.146385681628532272e-01,-1.165207075832845468e-01,-1.140129442950768290e-01,-1.090857464311941749e-01,-1.106781182036626066e-01,-1.127386109867049430e-01,-1.133363455834493910e-01,-1.135511941531497371e-01,-1.102621132229505280e-01,-1.019250290557044275e-01,-9.321874376110156346e-02,-8.680636149063872264e-02,-8.567666098607869263e-02,-7.972405222674343317e-02,-7.243707288271226952e-02,-7.012630137586063628e-02,-7.437258350492380321e-02,-7.303711305362553530e-02,-8.301044521717014513e-02,-7.696996362320497609e-02,-7.922866834388818391e-02,-7.847438572447595906e-02,-7.519990732216444429e-02,-7.093030598846751522e-02,-7.510123186094624925e-02,-7.206695363990556213e-02,-7.722475777605684877e-02,-8.291278456758272020e-02,-7.922477030942300102e-02,-6.862560671562845105e-02,-5.699219680232736618e-02,-6.081124240901775863e-02,-6.194577896903592090e-02,-6.885832854205076181e-02,-7.308638831334038355e-02,-7.259622381529523549e-02,-7.081709058939550383e-02,-6.653391638632216720e-02,-6.977051644431193911e-02,-7.239987883815945935e-02,-7.959119491981946071e-02,-8.479278132153297842e-02,-9.000494359118833831e-02,-8.186439245601695447e-02,-8.272898913739795690e-02,-8.256771470386534140e-02,-8.757970052572393305e-02,-8.592999936530600069e-02,-8.527675383933566722e-02,-8.185235625959169647e-02,-8.016460239919948050e-02,-8.287702574222520491e-02,-8.426726615836581391e-02,-8.349466741096220335e-02,-9.020853974787249041e-02,-9.523764050066058084e-02,-9.808597985882724912e-02,-9.694828870276329946e-02,-8.789507807736877953e-02,-8.644173714840981682e-02,-8.550864304690559969e-02,-8.286931265813683722e-02,-8.096817170257906982e-02,-8.650068627282506140e-02,-7.779591041419439690e-02,-8.589570101185389772e-02,-8.080934203042988706e-02,-8.501115826818401999e-02,-8.539699975759761086e-02,-8.789313715240913705e-02,-8.754687068714941955e-02,-8.908894427925528881e-02,-9.109157392391260821e-02,-8.273188829444608205e-02,-9.703951746793668121e-02,-9.585858562457334753e-02
8.332290521741688924e-03,1.008357777748736250e-02,1.556474999692860836e-02,1.938119258420822888e-02,2.003908982182360521e-02,1.727949986535015636e-02,2.264531847999647074e-02,2.837029644039273241e-02,3.001929799194079720e-02,2.623886506089525075e-02,2.100007539793619094e-02,2.994600314172699007e-02,2.200342779590847009e-02,1.637368060432815159e-02,2.061982944310554455e-02,1.954031108414900492e-02,2.115275335372715157e-02,9.307225166864422153e-03,-1.716145773160680094e-03,3.952997026256911337e-04,6.040294967121159070e-03,1.361841107568564219e-03,2.151169324685211527e-03,3.649095371199465032e-03,1.118843104455133526e-02,1.171910376916003582e-03,-6.520635945826113930e-03,-5.026559786216541412e-03,-5.587704989044635882e-03,-9.889582232081719354e-03,-1.138751259029152467e-02,-1.008273464837418192e-02,1.019609230342406053e-03,5.115715874745327234e-03,8.449209345973204138e-03,6.187752443888147949e-03,5.324610334298594469e-03,5.410530920181499774e-03,-3.387525997773009785e-03,-9.954312094547591860e-03,-2.200678578388547309e-03,-3.545652065555253332e-03,7.862318128403320179e-04,2.069786415254892212e-03,-4.402955486506853963e-03,1.711930782605698524e-03,9.966896111703725525e-03,1.855758738162782001e-02,2.209146304554410883e-02,1.570261125382751630e-02,2.110961434230691422e-02,2.165935538926186052e-02,2.875214903493350169e-02,3.181205655442622543e-02,3.551533795168888147e-02,3.662533760305627245e-02,4.169922786187281460e-02,4.599330270603510518e-02,4.424290895261817624e-02,5.710327124448447145e-02,5.893413737967213156e-02,5.634041669615668518e-02,5.363415251449546450e-02,4.869686190496777534e-02,5.153006140879953095e-02,5.302588228229384443e-02,6.238210274400338151e-02,6.151582894169545929e-02,6.507337329419347893e-02,6.263169855421202303e-02,6.688819757390702947e-02,7.112304537442178110e-02,7.065875674048030519e-02,7.335048292475017384e-02,6.717142096619149738e-02,7.447288800980698953e-02,6.005842336391161579e-02,5.948867884115292132e-02,6.582935261211673994e-02,7.573693549318621931e-02,7.980930941427269443e-02,7.790171154389030628e-02,8.224966069754269249e-02,8.232301636654458521e-02,9.461809407641857961e-02,9.292531341504937925e-02,8.903935322507915140e-02,8.857611049405411663e-02,1.034844859707667319e-01,1.067840889182189307e-01,1.119028385209993731e-01,1.003298703061238500e-01,1.083113475557393179e-01,1.096805442352199594e-01,1.067679225293642342e-01,1.062474428396116555e-01,1.091987715110147028e-01,9.734988115686143972e-02,9.915459207594057300e-02,9.787972228284291809e-02,9.977964523267000840e-02,1.028176674198650886e-01,1.176598798715042249e-01,1.032026028387192790e-01,9.501076872773973891e-02,9.064687385509029305e-02,9.717059877790851230e-02,9.127485292212016155e-02,9.879823852127479766e-02,1.004146508701982826e-01,9.774856803805509475e-02,9.916207004053220753e-02,9.165494939876300817e-02,9.301978865785782979e-02,9.641359696815797464e-02,1.000523380239137783e-01,9.208793606204405957e-02,1.069167084659307654e-01,1.228603721062159204e-01,1.155937632365195700e-01,1.086599965137406143e-01,1.021383113209953508e-01,9.242120692021223161e-02,9.671661338503682870e-02,9.666148363756778272e-02,9.433787141635348317e-02,9.024025352962179725e-02,8.345402236469287582e-02,8.805596650165407879e-02,7.537022137589040327e-02,8.539770367314958310e-02,7.532995627084498880e-02,7.353230691658434182e-02,7.689959636159791889e-02,7.710620709507105819e-02,7.993206423842336150e-02,8.093033170650106023e-02,7.359676643030077514e-02,7.981632727590949605e-02,8.416225966457893670e-02,8.482403929752882488e-02,8.467108644751976387e-02,7.809286123651344724e-02,7.759377041831914956e-02,8.223868640967663124e-02,7.218100591266417287e-02,7.350530448807833517e-02,7.645100659224217388e-02,8.002784157906071838e-02,8.299654572834906652e-02,8.596623833779569457e-02,8.099767050834041915e-02,9.525007895536105607e-02,9.675442535079743778e-02,9.314985395597073781e-02,9.808857049293753794e-02,1.019837715621802060e-01,1.022337176580409429e-01,9.385112432479852940e-02,9.105170388565508865e-02,8.745020041792739285e-02,9.959674076999588954e-02,8.904601102337970919e-02,8.592486920528973060e-02,9.152548095439770603e-02,9.645330693574451220e-02,9.178743762186411526e-02,9.499143531310672017e-02,9.310852451349858894e-02,8.639901729002057162e-02,7.909816873051637998e-02,8.921875180447245979e-02,7.674639414368594759e-02,7.659993658369931846e-02,7.376246017826720847e-02,7.476698116446743592e-02,6.861395321943566938e-02,7.017667934954291420e-02,7.157175807069690587e-02,8.957456021767908061e-02,9.091543012075443964e-02,9.764075203539271386e-02,1.003895100281368136e-01,1.146247981156633261e-01,1.066874110727342589e-01,1.086103765186799963e-01,1.054322310497623622e-01,1.086436994974760845e-01,1.122607843312190684e-01,1.217950471839189114e-01,1.135084429377781479e-01,1.106191967077781169e-01,1.083102984432181976e-01,1.018705497419924444e-01,1.051481842753415330e-01,1.067835770734254508e-01,1.076321259887471904e-01,1.078023234860413931e-01,1.070921690804560039e-01
3.782788515494827416e-03,1.609954468639870559e-02,2.142852260731864869e-02,2.233047742374770842e-02,2.105949309942188249e-02,2.082571320015391692e-02,2.996792100360816391e-02,4.414197922748389069e-02,3.846199293992893370e-02,3.917366348148973443e-02,5.186346534828779886e-02,5.613909161503004286e-02,5.636307768752064212e-02,5.637951053468200080e-02,5.302926073960390063e-02,5.121561520431545250e-02,6.668710700260305213e-02,6.016751457828471705e-02,5.910422459549244389e-02,6.643223068153711330e-02,6.695984145600987480e-02,5.661565964599528378e-02,5.462378911437093532e-02,4.910869522088597700e-02,4.304116774232879389e-02,4.766522695075872673e-02,4.002078567681122134e-02,4.314654407315240275e-02,4.519651220382609608e-02,4.310939636809905939e-02,3.933698241116011241e-02,4.430816331130621455e-02,4.723131335235892375e-02,3.815068165043929149e-02,4.282999295408538437e-02,4.454906141339728259e-02,5.484454450706657824e-02,6.360833003002396013e-02,6.903388395685607082e-02,7.089949592559177671e-02,7.299985291574227764e-02,7.746654366015287563e-02,8.676211421751824082e-02,9.093206723164118377e-02,8.213727717336680167e-02,8.259351409206829031e-02,8.521020998787967593e-02,9.379847627857147707e-02,9.922807523833687693e-02,9.599134884627140429e-02,9.869504508724709357e-02,9.301039212332447292e-02,8.454034224906996353e-02,8.325414979283922434e-02,9.723316363418110786e-02,9.846970896194830181e-02,1.067355602407533272e-01,1.172997461321507034e-01,1.084701428107771037e-01,9.838182998112586508e-02,9.999324877946523527e-02,9.853970132157260919e-02,9.707997849397440038e-02,9.114570089885350168e-02,8.012678600465240886e-02,8.773932535544148870e-02,8.524767186237004746e-02,8.848172475212498500e-02,9.046853572946760014e-02,9.572661937785220676e-02,9.341784797777498428e-02,9.621540607089423824e-02,8.746149584899635954e-02,8.366153967349748699e-02,8.810915719150529124e-02,9.012786434454882201e-02,8.573986384881304712e-02,8.250041427363015434e-02,9.394870990041906400e-02,1.018042357198425257e-01,1.056810685736519068e-01,1.090228282282392214e-01,1.108589744569725422e-01,1.123164326664024965e-01,1.144743744495719528e-01,1.125167101659607372e-01,1.227523407603831745e-01,1.286750484854171372e-01,1.214889319259279538e-01,1.209515743820657740e-01,1.138996369732863528e-01,1.092194413395775332e-01,1.138023690341639776e-01,1.204015619976023660e-01,1.292727941577728745e-01,1.295274935385297699e-01,1.231444461200673773e-01,1.220451367098883272e-01,1.149327769833417556e-01,1.180941664468837526e-01,1.243769537812096371e-01,1.178717218196199817e-01,1.266864310439592689e-01,1.159838959457678287e-01,1.152528908067247254e-01,1.197126750753283314e-01,1.174725083047769292e-01,1.147000527525482844e-01,1.214464973884084587e-01,1.307985307487713467e-01,1.307206522539640370e-01,1.298153338279786628e-01,1.376395989400292785e-01,1.365486141822485622e-01,1.354138404910815718e-01,1.384626394073777966e-01,1.344913829225500845e-01,1.364901885835930750e-01,1.433893674961246312e-01,1.454653111791073816e-01,1.520596544817473250e-01,1.510159238590605135e-01,1.485583595652528732e-01,1.384172636619415420e-01,1.408405630439880096e-01,1.393519659088430507e-01,1.428509340398236849e-01,1.432315001761981510e-01,1.396297717417566142e-01,1.361815896064010878e-01,1.276462428028683482e-01,1.292777988588150184e-01,1.383147511050201173e-01,1.318443792936047076e-01,1.283189421246305750e-01,1.244603822160754436e-01,1.262057654809750351e-01,1.236633753004384995e-01,1.352671519716122372e-01,1.269048647404028007e-01,1.176745539315813549e-01,1.230584265136925176e-01,1.212596874886827936e-01,1.143687063844958524e-01,1.138744481318619967e-01,1.090137138034796838e-01,1.092315198909351998e-01,1.124814254620006976e-01,1.091140498001318682e-01,1.122201666572660989e-01,1.041793117417233877e-01,1.028196046934695407e-01,9.399370417353396234e-02,9.517169035386538467e-02,1.030806643395344030e-01,1.044931968569836611e-01,1.120026168477891576e-01,1.140906408817513457e-01,1.299241423800743533e-01,1.294124195537743049e-01,1.268464552758347408e-01,1.441917163911462241e-01,1.469329071323453584e-01,1.480963129415414914e-01,1.428770891335233439e-01,1.480161892285581926e-01,1.514565418550904985e-01,1.626415430144314833e-01,1.628616488215677005e-01,1.594723000942319391e-01,1.618150120255758828e-01,1.638033828013550353e-01,1.634431861087979609e-01,1.628851430029754355e-01,1.659556490743014368e-01,1.674066939070104343e-01,1.752918699617566911e-01,1.703324182252529129e-01,1.673202108681502709e-01,1.614000583156264823e-01,1.681739876623158103e-01,1.675149469428318660e-01,1.639826009804384033e-01,1.745375097439912648e-01,1.718654658944977487e-01,1.690307116078275940e-01,1.719104731241575812e-01,1.801539557882844977e-01,1.785233567770772578e-01,1.767615511557170949e-01,1.781427651085587538e-01,1.808483321192843329e-01,1.816073525797355370e-01,1.904259872919474850e-01,2.053821272298924083e-01,2.170543399957692576e-01,2.108573814092406518e-01,2.162392025874618484e-01,2.199021263460600173e-01
-9.169442466932105698e-03,2.124877665724401662e-03,-1.180020338976529512e-03,-4.451191721370438385e-03,6.456364582051654297e-04,-5.662596527179313867e-03,7.331986699595934541e-03,-1.833404681620445266e-03,-1.007822269530833648e-02,-8.114122045069921407e-03,-1.491276663529659749e-02,-2.794383365796759833e-02,-2.869048037439556401e-02,-2.099912474556599185e-02,-1.761208338312190633e-02,-2.089682011372595224e-02,-2.239450133440382476e-02,-2.358112187033153256e-02,-3.245157052793327251e-02,-3.504002315391607780e-02,-3.726378226343150107e-02,-3.569907309192089234e-02,-4.379882461240435648e-02,-5.079572767605480127e-02,-4.710408000696856418e-02,-4.349700033172075597e-02,-4.579150147817839106e-02,-4.109565768165567012e-02,-4.922576152780347436e-02,-4.207982541045063307e-02,-3.698425884126858854e-02,-5.489831296285422463e-02,-4.825026788130001854e-02,-4.936554118000490571e-02,-4.359689982467097880e-02,-3.949554817607114909e-02,-4.033943086121083432e-02,-5.074408913861266218e-02,-4.781038686663182519e-02,-5.579609561282497521e-02,-5.266529848243257234e-02,-4.420052236342001534e-02,-4.501658909200211001e-02,-4.301184826918148102e-02,-5.437344068528538604e-02,-6.495182539079244477e-02,-7.369923211417458986e-02,-7.337689594434389229e-02,-6.962718002098211567e-02,-6.139252473212326866e-02,-5.221341023728981456e-02,-4.399628218066211488e-02,-4.529297318640795877e-02,-4.063725909435082773e-02,-3.746317044418772529e-02,-4.236696759381992916e-02,-3.468753181731573654e-02,-3.744764165588689714e-02,-3.056018871975963239e-02,-2.472407007393155609e-02,-2.307248841469302855e-02,-2.523542413385947147e-02,-2.467843583436664379e-02,-2.281560898844860880e-02,-1.797293752571857764e-02,-1.787559646831271901e-02,-8.310417018711435677e-03,1.919394947799886800e-03,9.561259559974973413e-03,-5.707040078830527205e-03,-8.052772324374964097e-04,4.457955149359405476e-03,3.164550452578148484e-03,-3.711133640621365123e-04,8.305255699926916008e-03,1.226093013476230523e-02,-2.013741664443407728e-03,-7.511800740174032209e-03,-4.057528334225407249e-03,1.662414342427584631e-03,1.002977537493377619e-02,7.982439457528666890e-03,3.821170918533505802e-03,-8.442081984777159709e-04,8.961176831788384214e-03,2.098128275234984602e-02,2.332375892836606804e-02,2.685698029214025548e-02,3.937044222830755197e-02,2.741556693899642461e-02,2.094622696591767058e-02,2.727336494900972630e-02,3.323763698938880795e-02,2.959212796866227124e-02,4.134518602077023874e-02,4.028476631647735090e-02,3.306813276640789556e-02,2.817575693488903049e-02,2.910993008978595906e-02,4.234419631302035331e-02,3.142140518204869504e-02,4.021474518075701665e-02,3.986939430597799539e-02,4.037935243485602649e-02,3.632917327099907667e-02,3.610885040340568869e-02,3.287263313319115782e-02,2.964444300721309766e-02,2.640050695483871224e-02,3.140051392925761325e-02,2.618256663507725554e-02,2.044675335479985076e-02,1.769538232874673031e-02,1.494861074482831294e-02,1.662739571012991288e-02,1.156274959802414473e-02,6.525315713836331473e-03,3.247217867593085207e-03,1.258317367567324610e-02,1.010361349450164536e-03,5.287176404701562395e-03,4.657285138217455434e-03,1.138977269525029076e-02,-2.936155915314684478e-04,-4.242953591967395938e-03,-5.326433200145823735e-03,-6.304157341473000387e-03,-4.310273957874972799e-03,-1.035483015568020547e-02,-1.067932154980798243e-02,-9.598664877164025250e-03,-1.263171090105635018e-02,-1.036487288009664207e-02,-2.857384113482955811e-03,2.222231435427483859e-03,1.263417612673533186e-03,8.829336521537135439e-04,4.914438319523994209e-03,4.855408532001209004e-03,-1.344713740324201233e-03,5.778320201093027630e-03,9.329175698371329831e-03,9.149934601293395475e-03,2.075404827461464416e-02,2.464259039406119928e-02,2.498359437002857508e-02,2.378043832709067842e-02,3.559279276756757704e-02,2.886437015307549356e-02,3.213387185298057641e-02,3.908264444447789865e-02,4.850516542814993504e-02,4.671406236667173528e-02,5.732870272596304884e-02,5.880156543390790969e-02,5.139954571241491660e-02,4.838646536565750778e-02,5.920984921644178306e-02,5.745830349243476881e-02,6.357559117284553030e-02,5.927333311111263048e-02,5.897620614547400414e-02,6.133741858702598110e-02,4.427235209428635049e-02,4.523342644530266299e-02,3.885509351539033485e-02,4.084907500417032933e-02,3.947609193706541619e-02,3.658979725148153728e-02,4.051149480701765615e-02,3.447746130373163798e-02,3.493262960350431573e-02,2.175348054589826968e-02,1.403808342736560452e-02,5.931544384639095280e-04,2.891568836090506901e-03,7.543337825155094212e-03,1.754723167018184399e-02,1.265393794662190464e-02,7.959961573515327016e-03,1.619711388674348676e-02,2.093356059868868926e-02,1.526071529062570341e-02,9.053923509316027032e-03,7.119809253083708017e-03,9.690637001596195607e-03,1.684682704542837112e-03,4.177850519989114580e-03,1.347290832409903105e-02,1.272059729734100440e-02,1.194155255548567073e-02,2.019926575490266565e-03,-1.382838637971425637e-03,2.106205132577926818e-03,-2.276620281732444698e-03,5.190057465594101124e-05,-5.304896731318873432e-03,1.086145402417020879e-03,5.693849643252727952e-03
-6.682208990659859078e-03,-4.081091954296631533e-04,1.009986497165545408e-02,8.642602776950392141e-03,5.063592845883329099e-03,9.458708804607128887e-03,8.430233408250146013e-03,-6.210099352639501108e-04,4.884035463362062374e-03,4.343832570772986762e-03,1.047947689908399621e-02,6.538803459973791844e-03,8.024016202929883101e-03,1.340675744494355948e-02,1.106939892704446836e-02,1.530847129231622389e-02,8.431231415008490215e-03,1.317727122562929037e-02,1.441439468916553418e-02,1.363410704284417387e-02,1.332457723334294110e-02,1.967220622778465683e-02,2.086688778830687180e-02,2.272894196308381659e-02,1.687301279567551132e-02,2.430390829440274084e-02,1.827499763000184352e-02,1.825943949024943364e-02,1.443700499453259151e-02,1.409821914522011929e-02,1.018893125646088901e-02,9.520504090480202269e-03,4.220214704086585819e-03,4.367898969378542114e-03,-5.422088929100908443e-03,-1.166261364305136439e-02,-1.267375215110588295e-02,-1.639602108783647788e-02,-1.865044867215827004e-02,-6.875624650811297534e-03,-8.150066784908205353e-03,-4.952363150174151317e-03,-6.570469829150725298e-03,-7.960616501018945301e-03,-4.106625740995096044e-03,1.733940516019565406e-03,4.814191820284735319e-04,1.132024900585250522e-02,6.632410690733737610e-03,1.259515533754972799e-02,2.116381913566072609e-02,1.793134239950141401e-02,1.631307996553780365e-02,1.675201696648704122e-02,1.937462740804762190e-02,2.008368172895928783e-02,3.483882747798697915e-02,2.519228635554628462e-02,3.539435195317123389e-02,3.363101412238140436e-02,3.754397413671182321e-02,2.989575252330423441e-02,2.452428546125313968e-02,2.711692061221368522e-02,2.525884901599175988e-02,1.035525531453434893e-02,2.489968616147934452e-02,1.484331706651540080e-02,8.827405267218323831e-03,1.226828392189561329e-02,9.681777546881846150e-03,1.240323512513711625e-02,4.211214951179570454e-05,3.338066770421783437e-03,-1.126992494667745405e-03,-1.253505459179476630e-02,-2.188551475829909193e-02,-2.099492404399639148e-02,-1.790917652671260643e-02,-1.763014076029453120e-02,-1.530734293105801697e-02,-1.362314590260000312e-02,-1.136246427312263829e-02,-7.131939751810843948e-03,-8.043186379457306634e-03,-8.662405235719199126e-03,-7.476382710940915680e-03,-8.636987949606739212e-03,-1.719432776588291495e-02,-1.258662103508747035e-02,-1.750163303750298938e-02,-6.623122178715135089e-03,-7.481983057978838954e-03,-7.253667827924293460e-03,-5.529386331374227387e-03,-5.261433424940747776e-03,-9.119633942506302424e-03,-1.371215193871123256e-02,-4.341760722016594146e-03,-2.361752609602988263e-03,-5.865279041666931342e-03,-7.406364928003388026e-03,-1.297628274401016121e-03,7.196264338079580783e-03,6.624903564469416216e-03,1.559552229827605371e-02,1.180965176009128592e-02,2.560231339963175284e-03,1.898476255500893949e-03,-1.773054557429157557e-03,-6.846538825662157671e-03,-1.094226432043425221e-02,-1.042705004797169974e-02,-1.828915921902229957e-02,-2.920398514810829821e-02,-3.026819813363887043e-02,-2.805007882118205551e-02,-4.098522119413691017e-02,-5.376156683832196415e-02,-5.079627818940005146e-02,-4.932124947802536685e-02,-4.291261583048806838e-02,-4.211347568828474608e-02,-3.898219042369201887e-02,-4.200978678234255220e-02,-5.189602688751458054e-02,-5.280914676989639789e-02,-5.136107674818252838e-02,-4.088961112766119343e-02,-3.693880768223141431e-02,-3.469431440830727381e-02,-4.690054390009469609e-02,-4.493149842717067410e-02,-5.140409787779358364e-02,-6.202239474212310755e-02,-6.375922423254165583e-02,-6.050602150337165003e-02,-5.287630492439474028e-02,-4.219483131002676329e-02,-5.126972811866769425e-02,-4.739967060419435912e-02,-4.324339294504758041e-02,-4.491539883787738080e-02,-5.168948778458865717e-02,-5.597020978589427320e-02,-4.522988464837804368e-02,-4.273296106067574901e-02,-4.219884789456244956e-02,-5.559465657093290436e-02,-6.071496937887185807e-02,-7.127355282005176651e-02,-7.476905849784433455e-02,-8.030083177907988701e-02,-9.639392299814414367e-02,-9.036168020890968100e-02,-9.022563845050438069e-02,-9.563824458451974930e-02,-9.847458341451424679e-02,-1.060575479304329549e-01,-1.086592661750568484e-01,-1.070102512977798431e-01,-1.024805579727756100e-01,-1.053495496928792546e-01,-1.070013496525034358e-01,-1.052971458197095450e-01,-1.057610490726603319e-01,-1.011848368022432998e-01,-9.986842456257878642e-02,-1.054534882533841311e-01,-1.063100434850426934e-01,-1.084452906649563397e-01,-1.005100877887766253e-01,-1.006541024908934878e-01,-1.015478192721767092e-01,-9.490473837745345975e-02,-9.978854828308500458e-02,-9.853548243058640743e-02,-1.098741049979836126e-01,-1.016745015022166992e-01,-1.034388436711150688e-01,-9.185746082700907422e-02,-1.009172322468620958e-01,-9.919401679029338226e-02,-9.875001119239081027e-02,-1.045018112502650032e-01,-1.092967478552172578e-01,-9.348365405579248111e-02,-8.847880882937445013e-02,-9.091924058960905441e-02,-9.592668540989014725e-02,-9.318182532867502754e-02,-8.520203710919353746e-02,-9.122806842200871513e-02,-1.000099562551145099e-01,-9.780489079974610811e-02,-9.356666188603268708e-02,-8.391895210692858209e-02,-8.717410548621999655e-02,-9.031940236525495824e-02
-9.114600094573219527e-03,3.805648124169912216e-04,-9.137919769199184805e-03,-1.406270898879186104e-02,-1.276254103783207305e-02,-3.268456717203220563e-02,-4.400751574705479008e-02,-3.607275849073524748e-02,-3.477519640932597023e-02,-3.637606058005404819e-02,-3.737677231221825380e-02,-4.921591613905026280e-02,-4.384906782882807413e-02,-4.964963253828581780e-02,-4.258893843078988967e-02,-4.247423256898896771e-02,-4.618439475929874555e-02,-6.310904089051939947e-02,-6.844162902940809090e-02,-8.345322934293693262e-02,-8.528313899999478975e-02,-7.734791740417831796e-02,-7.047443586884849509e-02,-6.348078818583638427e-02,-6.966533847002454038e-02,-7.080782271431677877e-02,-7.684659171061467009e-02,-8.299409762723461426e-02,-8.968538762419078769e-02,-8.794158277599151141e-02,-9.317982418100916042e-02,-9.759072592516619682e-02,-1.029172617878700846e-01,-9.803216025131193667e-02,-9.366589699764900356e-02,-8.655212390163849467e-02,-9.173950103110992127e-02,-8.794678295715807614e-02,-8.889158003117816897e-02,-8.174019485316080802e-02,-7.214362189979575679e-02,-7.545005193016962597e-02,-7.619054747377720926e-02,-7.758488756468309711e-02,-7.841847877096440322e-02,-7.731045212880639783e-02,-7.603544658247074484e-02,-8.463742036775764865e-02,-7.308963705869739313e-02,-8.294206223791465715e-02,-8.620388076950741274e-02,-8.527292789749640889e-02,-8.257295358775999794e-02,-7.747456049190278027e-02,-8.725802905570007040e-02,-8.114480651462173399e-02,-8.565947400326186234e-02,-8.476034162293109853e-02,-9.258848457082469174e-02,-8.953359159643553555e-02,-9.805960050129761130e-02,-9.581293372147357823e-02,-1.074715324968227859e-01,-1.048753745324782771e-01,-1.105761217814945213e-01,-1.015123052163692252e-01,-1.076583050569690364e-01,-1.127295793406728336e-01,-1.256133420191819228e-01,-1.262713935938694909e-01,-1.402556398636459756e-01,-1.418896559348181707e-01,-1.361877604595290170e-01,-1.338788024347058181e-01,-1.375385951348704061e-01,-1.320767445145166752e-01,-1.385903146289502730e-01,-1.407115411538903404e-01,-1.498716216606073015e-01,-1.531105554548739256e-01,-1.485585941329065907e-01,-1.406622090821380844e-01,-1.452133231549372350e-01,-1.529334408700137038e-01,-1.526465583689332883e-01,-1.627592674692940333e-01,-1.584899266505059856e-01,-1.601136724866051297e-01,-1.555361255636407980e-01,-1.549439334692042092e-01,-1.504766628602983158e-01,-1.390889160198595931e-01,-1.308782466688980517e-01,-1.349031829743728705e-01,-1.401534819837324808e-01,-1.396005325899774829e-01,-1.423012772502373902e-01,-1.442349386887108731e-01,-1.499980391724315965e-01,-1.498464147234921939e-01,-1.481670485724365105e-01,-1.476753748528970012e-01,-1.534885304856005994e-01,-1.485467884134505923e-01,-1.390226654270780016e-01,-1.368607303058063385e-01,-1.389945731573846155e-01,-1.360990163000623809e-01,-1.328711730134680691e-01,-1.242540058215639565e-01,-1.285012564659693268e-01,-1.279840135403115253e-01,-1.259835103417918656e-01,-1.206433655228904417e-01,-1.271504513778729251e-01,-1.292213066823630907e-01,-1.312981026565716580e-01,-1.324591688428651826e-01,-1.389390974572676241e-01,-1.266397906469953760e-01,-1.113892636273060011e-01,-1.015476473549159070e-01,-1.104182112756142420e-01,-1.146664327203071876e-01,-1.148751041099475984e-01,-1.099836587777768132e-01,-1.100121173063155350e-01,-1.017122827533274848e-01,-1.003713697508923919e-01,-1.016588960571068040e-01,-9.378845939086276340e-02,-9.936105304309854336e-02,-9.509511102784462544e-02,-9.225403266092992161e-02,-1.041936623115850558e-01,-1.093429557169120769e-01,-1.046593248206143939e-01,-1.093656901061771658e-01,-1.040810336323106794e-01,-1.059404108865493188e-01,-1.086990738878119561e-01,-1.151160965940005443e-01,-1.092283606790037526e-01,-1.045406731064628114e-01,-1.071531799931097068e-01,-1.144016040575358273e-01,-9.697099276995346795e-02,-1.019209776585687927e-01,-1.111300255707308449e-01,-1.164203907458976478e-01,-1.195552112370270453e-01,-1.112291542278611434e-01,-1.118984983176826015e-01,-1.030842560843230338e-01,-1.056635216714171960e-01,-1.064671031740490603e-01,-1.060241050390250545e-01,-1.041317935236353021e-01,-1.071192321401357034e-01,-1.060650949476810156e-01,-1.037439867471894178e-01,-9.381340967122572816e-02,-8.773700845379971136e-02,-8.019692946652633159e-02,-8.928928168850969183e-02,-9.464675481150369718e-02,-9.278523320725994006e-02,-9.752940271949790685e-02,-9.415615892978629331e-02,-8.849416789493401436e-02,-8.554615250965265372e-02,-8.623704314656067960e-02,-8.460252845023961965e-02,-8.016233388706937857e-02,-8.104190292785622141e-02,-7.436092564845013519e-02,-7.011224786774224171e-02,-6.870952575028439757e-02,-6.454380349492062907e-02,-7.532667925890060290e-02,-8.827745856864929741e-02,-1.028132774094435153e-01,-1.107931187879783730e-01,-1.160061753249587019e-01,-1.078066774292600061e-01,-9.784622968473340177e-02,-9.817404844604665781e-02,-9.444941285243536877e-02,-9.854328051952142287e-02,-1.121303548812554035e-01,-1.138982504091537451e-01,-1.250081830015673801e-01,-1.400928466890948854e-01,-1.435218472269784440e-01,-1.490079640396379246e-01,-1.449496777599781350e-01,-1.343382297014116544e-01,-1.305847713999595539e-01,-1.262762845488302477e-01
2.980186662570521571e-03,-1.022070187154740933e-02,-9.377499880881760841e-03,-7.161593761339433289e-03,-3.466121329984315873e-03,-1.590119539046973285e-02,-2.144638773721496000e-02,-3.483688713664565700e-02,-3.861368306536035883e-02,-3.992671546149886841e-02,-3.186216180055431724e-02,-3.777127890000302884e-02,-3.643551103882775033e-02,-3.665533823036195432e-02,-4.136813701551902978e-02,-5.154953122210481631e-02,-7.162637668867366525e-02,-6.866573904812495188e-02,-6.874411852963729919e-02,-6.744992182609231557e-02,-6.397452128209651923e-02,-6.066555686868087272e-02,-6.559026364825000510e-02,-6.902024625762503973e-02,-7.702499669344303745e-02,-8.341742589616626957e-02,-9.111624459406114651e-02,-9.042212604988011937e-02,-9.140269176434896725e-02,-9.013588588339135899e-02,-8.451618856566260607e-02,-8.961576537853704894e-02,-8.416520413336231465e-02,-9.695596940697912003e-02,-8.878484696526590947e-02,-9.015088871029354467e-02,-8.688030127869225683e-02,-8.881441981532504915e-02,-9.137979524876314874e-02,-9.901528275792655098e-02,-1.083908797945332680e-01,-1.151366254426827301e-01,-1.195978436785269383e-01,-1.213144584630224121e-01,-1.118766949100122171e-01,-1.099276811047919383e-01,-1.103851382853977547e-01,-1.077544029534326375e-01,-1.080975232017204329e-01,-1.121190774178122129e-01,-1.097557735667593348e-01,-1.096562402661907104e-01,-1.059770125452137168e-01,-1.062224175950165911e-01,-1.205805532905157851e-01,-1.176097572258393287e-01,-1.162863889171808357e-01,-1.190681883638828320e-01,-1.231166345529391831e-01,-1.381811633907000236e-01,-1.384444108443325383e-01,-1.417202240814444958e-01,-1.428091945816581665e-01,-1.372457780218715451e-01,-1.368660123238179260e-01,-1.367799263040148372e-01,-1.305524595355913031e-01,-1.283949789512837947e-01,-1.246268543571660975e-01,-1.126512184098853175e-01,-1.111141858012059669e-01,-1.121398775051314772e-01,-1.073598889870290701e-01,-1.164524428267788014e-01,-1.181553836952539821e-01,-1.112652033221292608e-01,-1.113906234805260020e-01,-1.072311114150612393e-01,-9.673018938240618425e-02,-1.043314049550136541e-01,-9.806987072556203056e-02,-9.597642401226584574e-02,-1.021908007004270202e-01,-8.603284440877828620e-02,-9.126174983757988357e-02,-9.057411807737658638e-02,-8.271124248442085491e-02,-9.002843653099629195e-02,-9.542320931703074383e-02,-8.956691968247507130e-02,-9.843227812176023883e-02,-9.331335270152663064e-02,-9.312526626965647591e-02,-9.451972541575667797e-02,-8.958842926691147623e-02,-8.450995986572654162e-02,-9.115194689816244478e-02,-8.574202284791251905e-02,-1.026110109343954385e-01,-9.643588558381921416e-02,-1.062122259260683127e-01,-1.019411332887425331e-01,-9.992279893025310389e-02,-8.551882547116378130e-02,-8.593041163807771388e-02,-7.819735993402288088e-02,-7.964687309739490462e-02,-8.187031136985327417e-02,-7.571747437075290743e-02,-8.295102301290036007e-02,-8.442830936796806574e-02,-8.715039756689457739e-02,-9.637025340431649989e-02,-9.309886552806506677e-02,-9.200306006427846905e-02,-9.518874826154964663e-02,-1.062859048360196568e-01,-1.007745639000921928e-01,-1.056783968884232872e-01,-1.043894836395501680e-01,-9.958138444769254471e-02,-9.831597855848596412e-02,-9.695391013997765872e-02,-9.843067014865249098e-02,-9.081186729474111097e-02,-7.169196842175715179e-02,-6.996942257769271645e-02,-6.779297932222516643e-02,-6.114782402135964662e-02,-4.841474141056816005e-02,-4.838109461415361634e-02,-4.953406581165867295e-02,-4.919598313964773650e-02,-4.894566894272142643e-02,-4.307159231444996489e-02,-4.026772489082529327e-02,-2.959668009005800987e-02,-3.226429230174875096e-02,-2.290632909055167338e-02,-3.246135586359981395e-02,-3.534290345508712960e-02,-1.348321845376217534e-02,-1.997615352099750552e-02,-2.834393121261517129e-02,-3.246274522509114829e-02,-3.173067975655011197e-02,-4.142046244135927369e-02,-4.216598907268334639e-02,-4.516298440606728720e-02,-5.528331413371859876e-02,-5.419990464400685493e-02,-5.117931624132785601e-02,-4.972600833771207568e-02,-4.132671152977861889e-02,-3.190546875906909857e-02,-3.986726889479723368e-02,-4.031145504571397031e-02,-3.731557712707214008e-02,-3.160860831344030480e-02,-3.466333025153231495e-02,-3.797104324036113671e-02,-4.010579023781135621e-02,-3.884958591311832299e-02,-3.690513902498151338e-02,-4.070776843802551698e-02,-3.159020241600832973e-02,-2.554251130062643038e-02,-2.698479544250340090e-02,-2.493688462646476145e-02,-4.116430308665142840e-02,-3.442664452774032990e-02,-3.458906617310683607e-02,-2.546742266396307547e-02,-2.263897840329589725e-02,-2.127989105757441615e-02,-1.523073999207658590e-02,-1.573532581261859187e-02,-1.622558080592191934e-02,-1.721958934942469793e-02,-1.793221006843326304e-02,-2.499212176223403192e-02,-2.174001742879702950e-02,-3.554197252461097079e-02,-3.828925194180403391e-02,-4.250578922170436535e-02,-4.830659905923905678e-02,-4.470000193008616396e-02,-3.906166908640439778e-02,-3.531263853662196250e-02,-5.287609118528546759e-02,-5.922394867466113100e-02,-6.470403417199896423e-02,-6.968416770719630671e-02,-6.384856396529919875e-02,-6.571218440573257935e-02,-6.535067633829444445e-02,-6.410484595053382584e-02,-6.304027528559737192e-02,-5.367843668922170353e-02
1.027141816654693514e-02,1.877856903346513534e-02,1.611677009205400579e-02,1.143056990332640480e-02,3.743754871981115097e-03,-3.193373208596290633e-03,-2.375084347090964873e-03,-8.292017842160132046e-03,-7.255536388424929303e-03,-1.156886082627357586e-02,-8.381597413602897770e-03,-1.105777499136128411e-02,-1.428922124748347941e-02,-3.766092399600661986e-03,-3.038291025578904701e-03,-9.942760071239805861e-03,-1.024716705901262959e-03,-3.784579815136229937e-03,-1.073005870134858403e-04,-2.998640095468760400e-04,2.837566155679789939e-03,-6.047702433207009613e-04,-3.509591679845000447e-03,4.063675643743254115e-03,3.732750779685713519e-03,6.286253686907663021e-03,6.977343864313966318e-03,1.475539173293129863e-02,1.513832425854993655e-02,2.090416998273599003e-02,2.312556418231174332e-02,2.260437317017930520e-02,3.073949253924047192e-02,2.127732227710901758e-02,1.930532996446599966e-02,2.089463931272573377e-02,1.230066091013319075e-02,1.543935192001100708e-02,1.614402601638237691e-02,2.258641657637999733e-02,1.998460415028485010e-02,9.218889791825463781e-03,1.707509295378355912e-02,1.600591406067528033e-02,3.212987544512269089e-03,5.103641737581571247e-03,5.511434259717468837e-03,7.307220111600107315e-03,1.362117748999791197e-02,1.722220600251615774e-02,3.050820320893193882e-02,2.663098292266485173e-02,2.835600476217369631e-02,2.880018536375620469e-02,3.717866527064403459e-02,2.754541542618541006e-02,3.000555746033930701e-02,3.405282718309175782e-02,3.916801321476334058e-02,4.861737264995305563e-02,5.012163099140876793e-02,5.231450765011633891e-02,6.387817578872258262e-02,6.184252786830412435e-02,5.959224287395371161e-02,7.364062557388027785e-02,6.839719301711746913e-02,8.205427133418090324e-02,7.742407795886760424e-02,7.154742365695382356e-02,6.282368887657414913e-02,6.613591142460800709e-02,6.802476502269610981e-02,7.558148065848598052e-02,7.466333731491268944e-02,7.155606436627701128e-02,8.516648128427081743e-02,8.595532878193386239e-02,7.986096202464788851e-02,7.658583006149273509e-02,7.825732278984742774e-02,7.892441468200130095e-02,8.228063621400359684e-02,8.390753750912799402e-02,7.304070977393029018e-02,7.001793762014429934e-02,6.518027522763855663e-02,6.753462429452136706e-02,6.804803741922151039e-02,7.037036226376218451e-02,7.590841324784411426e-02,6.725625525439807295e-02,6.500207432009509623e-02,6.256325790346922711e-02,6.615376961309500647e-02,7.237856238877077297e-02,6.651703250628489272e-02,6.663016787433376220e-02,7.183791678747529497e-02,7.738095989155430177e-02,8.958676884896593640e-02,1.002101295431520600e-01,1.033027505251283285e-01,1.022432953796444388e-01,1.061692017142894656e-01,1.077267188290720878e-01,1.069022815682624250e-01,1.037097297429131065e-01,1.053677793269774260e-01,1.152156580804412911e-01,1.218160907425250988e-01,1.201858956094352116e-01,1.209638725640148210e-01,1.329124549638606434e-01,1.390986281610133712e-01,1.392076317981258415e-01,1.318577288524061530e-01,1.248058228126434493e-01,1.326839308227759640e-01,1.316269157345952012e-01,1.309847468828018169e-01,1.380789556343537394e-01,1.392792689364174274e-01,1.477044792452329169e-01,1.432368062199989855e-01,1.493873099149512773e-01,1.518882715580768539e-01,1.466451926453585242e-01,1.431618074597886814e-01,1.389653238313401373e-01,1.399960152502300326e-01,1.426993410806418894e-01,1.470607238004416895e-01,1.437051148568307402e-01,1.271038747533455859e-01,1.176220744574763832e-01,1.205922024740856968e-01,1.110669457630585749e-01,1.100718144045160773e-01,1.138763245914300865e-01,1.143149314422931551e-01,1.128994247467348944e-01,1.181296900074264994e-01,1.156541974451913007e-01,1.124517836950103267e-01,1.166342075538103623e-01,1.191458230028969167e-01,1.216647011204268769e-01,1.177801408032273650e-01,1.109444580960897708e-01,1.176818478243656513e-01,1.207931989774729681e-01,1.237357785500431961e-01,1.237521546002249978e-01,1.175678718754106511e-01,1.154015476700915588e-01,1.119617808258498853e-01,1.012741237202125916e-01,1.009518290383071698e-01,1.001495088182517978e-01,1.069353836369752869e-01,1.106658608108105207e-01,1.089450653598102864e-01,1.082693316851688486e-01,1.140374974838063993e-01,1.110504495031605782e-01,1.041281581675796153e-01,1.242896171349579526e-01,1.163413055408033803e-01,1.087800363486335770e-01,1.049269113581350193e-01,1.089547470873335894e-01,1.065178748851724477e-01,1.060337570313875377e-01,1.085399772308381083e-01,1.109996175389960371e-01,1.095824858900790871e-01,1.136206247193004976e-01,1.247160889440468295e-01,1.179613277491067119e-01,1.114004457546810961e-01,1.059693752903510533e-01,1.098814790815023784e-01,1.143491668513283710e-01,1.081045034499582003e-01,1.155151470584209750e-01,1.093652817563475765e-01,9.851372174980786711e-02,9.837283841304397813e-02,1.038604189191034144e-01,1.048314032589456324e-01,1.179047655732405192e-01,1.258987838306677431e-01,1.209083497668753254e-01,1.250429464125614454e-01,1.222711830948895739e-01,1.201277809246485695e-01,1.078951929267357585e-01,1.179670564605575511e-01
4.907591062267292470e-01,4.867265165457549392e-01,4.893683436427213596e-01,4.806782498071300314e-01,4.770954140277104405e-01,4.793152830513796592e-01,4.856215540882477533e-01,4.793063292297503053e-01,4.744608943174075666e-01,4.699005366916307325e-01,4.663599347383241556e-01,4.728905964940763318e-01,4.678352000444547243e-01,4.672805836405143909e-01,4.563460739148068601e-01,4.502443212593527644e-01,4.440413675628929746e-01,4.538486194943853747e-01,4.481309288492195675e-01,4.448381464462767276e-01,4.388005282485316072e-01,4.300359595477429298e-01,4.342047764530078680e-01,4.321931432326069356e-01,4.342589234669167464e-01,4.513262125279507431e-01,4.403768328890187433e-01,4.471133750831165488e-01,4.467001040862954575e-01,4.528247687607966365e-01,4.525539292066238506e-01,4.454768016940562347e-01,4.480644816259350960e-01,4.580551177530601259e-01,4.537569748054618990e-01,4.506725880949218332e-01,4.556449365447302613e-01,4.478366596774448483e-01,4.508941976918194872e-01,4.527105451736284092e-01,4.413285999912066049e-01,4.397895030817978723e-01,4.321449045407701472e-01,4.299646861436636769e-01,4.367521325314278058e-01,4.394834374695921753e-01,4.412906272622400539e-01,4.472463576145495057e-01,4.492882947204979716e-01,4.556681832475869554e-01,4.607471323117245943e-01,4.670072870577192670e-01,4.639127274960570535e-01,4.511570561305577876e-01,4.473446558432405129e-01,4.524779300755217837e-01,4.489990004558432335e-01,4.426578272764049582e-01,4.493980267720401600e-01,4.514885313372475339e-01,4.390444569885822435e-01,4.362288918067575572e-01,4.391381997828593398e-01,4.324845700199351772e-01,4.170332632483000346e-01,4.104644098426311061e-01,4.077260769691777309e-01,4.104454284676347653e-01,4.215615919153901103e-01,4.215636393613527710e-01,4.156272655518399861e-01,4.020783843225684273e-01,4.101193299231055134e-01,4.100608243369812667e-01,4.036999662822159940e-01,4.064099370558428292e-01,4.089172165593600861e-01,4.117291457261619825e-01,4.064244457229911345e-01,4.186367985854766438e-01,4.163900887993042810e-01,4.166941011398235806e-01,4.113267149573038850e-01,4.231370711521175720e-01,4.211024296424135116e-01,4.176032604658914127e-01,4.137192002544084479e-01,4.286828357215189955e-01,4.231573939299984599e-01,4.199193100421574343e-01,4.217394288476945530e-01,4.198755745664676797e-01,4.340197783388872188e-01,4.269954738872128175e-01,4.277522677447617161e-01,4.238427189280688512e-01,4.243681878648930539e-01,4.220659887535655463e-01,4.202173223331480689e-01,4.286402048701536960e-01,4.236033027383129257e-01,4.197714947514219475e-01,4.197189902317486343e-01,4.166233397982909703e-01,4.222272248919700655e-01,4.279127396029007713e-01,4.246448770939347805e-01,4.249594329929725078e-01,4.325549386752852166e-01,4.352920838867253561e-01,4.360282771786654910e-01,4.375915275260126580e-01,4.480778220841327153e-01,4.433075976692681941e-01,4.477323504530941745e-01,4.348859892235725777e-01,4.299854528978312440e-01,4.286602466136992806e-01,4.405707976758426736e-01,4.348249273919185809e-01,4.321396484675795180e-01,4.264409905885518381e-01,4.183639439238602264e-01,4.324693288148311887e-01,4.292699171139522929e-01,4.424252752672283018e-01,4.469560138907905378e-01,4.438612484315893614e-01,4.497419160751502942e-01,4.414487004202760634e-01,4.405028397400561624e-01,4.438059905798843463e-01,4.346369147433679081e-01,4.460339654593935554e-01,4.505252556851748746e-01,4.502329137305759454e-01,4.452250495506772654e-01,4.463452296595278868e-01,4.441382445507222609e-01,4.607393169670275235e-01,4.580725137490130328e-01,4.549589425306672652e-01,4.562103600765765044e-01,4.558039743636029817e-01,4.508941707953837419e-01,4.405393076620203185e-01,4.452900131009645546e-01,4.503085219964056973e-01,4.582754773434792872e-01,4.526791086125845909e-01,4.502970771931675831e-01,4.465817681670469219e-01,4.410909822245108747e-01,4.467874896605549817e-01,4.468405349874822741e-01,4.461721934810181089e-01,4.449568172201761596e-01,4.575583876590936794e-01,4.607974518481933179e-01,4.484645661700276120e-01,4.478785818109944361e-01,4.409005138069937990e-01,4.412481552542646401e-01,4.391243667824070163e-01,4.453985001404982547e-01,4.500558366635702967e-01,4.515815406027321455e-01,4.467878431596025157e-01,4.386274853246673877e-01,4.346268229398818628e-01,4.379990481282207138e-01,4.343796810279671461e-01,4.348101677138947463e-01,4.361664301982933756e-01,4.318769186502459667e-01,4.307034997977330915e-01,4.356653633938770698e-01,4.366788156401019139e-01,4.329891893108520073e-01,4.432767919845509441e-01,4.338917835087775510e-01,4.350014800274712989e-01,4.263884684831630301e-01,4.282777409748393382e-01,4.305247318630146536e-01,4.294787330734120001e-01,4.375622950534180933e-01,4.311099445423521859e-01,4.362264792948771230e-01,4.359181082758784020e-01,4.258521088249123121e-01,4.292281661949993721e-01,4.264425309001998454e-01,4.198296813479646117e-01,4.223319777848748569e-01,4.274610511660980605e-01,4.295940215518759264e-01,4.385916732754055469e-01,4.393964464250498803e-01
6.283801142790165425e-03,8.324757024820890472e-03,1.238540488775011043e-02,1.841418200118447729e-02,1.876561450059428468e-02,1.798005806229860046e-02,3.401268731914902643e-02,2.937735665523050210e-02,2.297719667207507449e-02,2.525427769187233926e-02,4.187342143563288488e-02,4.257334413212975760e-02,3.893662311724502972e-02,3.831855580335792599e-02,4.402990123705360914e-02,3.378288127698088339e-02,3.087681451270018335e-02,3.029795072389599928e-02,3.033004495607002568e-02,3.687775917346864524e-02,3.475683866453604248e-02,3.684579018669132539e-02,3.046353223717468764e-02,3.468603832201554160e-02,1.889608275019091094e-02,2.615878415014890115e-02,2.752996480516196540e-02,4.117590635408677202e-02,4.494017814212217937e-02,4.490699702952667682e-02,4.696026087031377610e-02,4.360414853926738998e-02,4.630853825603134521e-02,5.084764374190271080e-02,4.970266446965868057e-02,4.827894314975370721e-02,4.896784591614176257e-02,5.156175889770447246e-02,5.328754101825614042e-02,5.970796004266229473e-02,5.588842942979545259e-02,6.688277914997164952e-02,5.795804764623924132e-02,5.985699818041134018e-02,5.666309964516507564e-02,5.890337525480806441e-02,5.716334670859627570e-02,5.767308437897686324e-02,5.443637825377574402e-02,5.834485303197226025e-02,5.916550650293664337e-02,5.666384236744156228e-02,6.107259069180387412e-02,6.087639806195636882e-02,6.734165455598445371e-02,6.416396438690452619e-02,6.712902123050615288e-02,6.602308849589036410e-02,6.684156429048272730e-02,6.184245512373851700e-02,5.231048181452326029e-02,3.942040799118095434e-02,4.400626762686730975e-02,3.917847856141737362e-02,3.989557345881514228e-02,4.290164246748925242e-02,4.683472294591094209e-02,4.533536308594973696e-02,3.989572416981552322e-02,4.242786783380838450e-02,4.506366770885778666e-02,4.246294545137389159e-02,5.104668758847994564e-02,5.523095761999120140e-02,6.470932021292917502e-02,7.469394556182697154e-02,7.691845371941960496e-02,7.558947618357725329e-02,6.779459896918103856e-02,6.642618068123722075e-02,6.239361509755911306e-02,5.948964815476891210e-02,5.771929544886696822e-02,6.628692667019300822e-02,6.468431664832285932e-02,5.489750942637586228e-02,5.172506449821879376e-02,4.342218858905565887e-02,4.230482245070217584e-02,4.227025728537301547e-02,4.778321875321379225e-02,4.068398022115501250e-02,4.182655147328666334e-02,3.949287164019484736e-02,4.165591414936035963e-02,4.307869578671254945e-02,4.760654875957616439e-02,4.302343574426720219e-02,3.544103431586156927e-02,3.354832309037245053e-02,3.670166191672734335e-02,2.767652717056432246e-02,3.876530545914272374e-02,4.094213771025356774e-02,4.683444864726022533e-02,4.592905071551112162e-02,2.525251479401242199e-02,2.866403906867376339e-02,3.235993024148849789e-02,3.053881230452107007e-02,2.906400461860980666e-02,2.337013903963615358e-02,2.355304768516181674e-02,2.727667123264121071e-02,2.672152296936894378e-02,3.465584861016621915e-02,4.099053467245388632e-02,4.370211796673210969e-02,3.280370495287844579e-02,2.968961828685406923e-02,2.487703702074170464e-02,3.562308931053203426e-03,2.016723168561108427e-03,-4.734315128793429271e-03,-7.329943095707535002e-03,-1.195125258973149876e-02,-1.122634569310302505e-02,-4.921749041967606042e-03,-9.336423877540939165e-03,-1.188094419785474046e-02,-1.627793427860281875e-02,-1.729541277343010774e-02,-1.786993772100833530e-02,-1.998108579663936471e-02,-1.847130925184247915e-02,-1.989093687627936993e-02,-2.123252923789162999e-02,-1.581616058168389127e-02,-1.395476559777247827e-02,-1.514645147813870572e-02,-8.390463189176269182e-03,-2.799945231487870403e-03,5.117273772303016985e-03,6.188989040457944929e-03,1.071394316524895349e-02,8.097469635704334159e-03,4.525623160381429810e-03,1.410921944555257670e-02,1.828983977204249115e-02,2.053368707445915251e-02,1.829944682194226818e-02,1.392057350895986242e-02,4.049498944263225236e-03,-3.818514850298581828e-04,9.168540796675117566e-03,-4.781125808891983561e-03,-4.236494683736698706e-03,-1.854429670988380196e-03,-1.541440299366028969e-03,-4.430144718995738390e-03,2.036849010417405084e-03,1.454260600270891341e-04,-2.415630772496448093e-03,-1.766217842733483305e-03,4.174416836516377238e-03,-1.501232434070042844e-03,1.286343006652947412e-03,1.263130572342832311e-02,6.387990637993750352e-03,1.538401263196089580e-02,1.100052812102834780e-02,1.604142307898782233e-02,1.804895622841294622e-02,8.881172747859296737e-03,1.136908414141554226e-03,7.281525506642568457e-04,8.449529685350022287e-03,-1.240374209618044093e-03,-1.431898722018320807e-03,1.298780894769263486e-03,-7.791807840748760094e-03,1.014687256545923622e-04,6.295302265508710519e-03,7.157296277189075136e-03,1.079575435410788133e-02,1.096929206387777488e-02,1.140588825350831621e-02,6.472289760691907028e-03,1.649294598251458722e-03,-5.054549894312593793e-03,-5.076273407818882033e-03,2.758428495077007436e-03,6.164659344836848597e-03,2.374033784369721737e-03,1.008624765279082444e-02,2.192864562926766930e-02,2.513723013854479021e-02,2.266851861966695525e-02,2.170631098489658739e-02
1.527140031318074184e-03,-8.595230357198216029e-03,1.479648868469275735e-03,-8.529905641378052183e-03,-8.074107640324984514e-03,-7.062825453898686004e-03,5.139080242141030180e-03,-2.398906449674210323e-03,1.063184882706033705e-03,-9.303788546680399202e-03,-5.135412831388373733e-03,-7.981261649738013303e-03,-9.663066720045920127e-03,-6.614049555991778108e-03,-7.369836598836174493e-03,-1.733173855857546297e-02,-2.008601824724818435e-02,-1.415488127142529654e-02,-3.942129907905256997e-03,-9.682407779197294874e-04,-1.046485474680031603e-04,-2.626374237513705648e-03,-1.324145622845973765e-02,-2.752681906055159944e-02,-3.039125864810733949e-02,-2.333993390475740462e-02,-2.835598059558546227e-02,-2.468297425160954559e-02,-2.160182836480513749e-02,-1.355277147398455985e-02,-8.636061534545786539e-03,-1.742747061395935430e-03,-1.549288358821881940e-03,-5.582888912866448491e-03,-1.114908169251400093e-02,-7.124164796540453058e-03,-1.361897669270764610e-02,-1.536388680987287904e-02,-1.114417949914990255e-02,-1.637441952235743625e-02,-2.502474153626929251e-02,-3.011050103020802837e-02,-4.247918735551915737e-02,-3.655737997222036767e-02,-3.036862555668518732e-02,-3.761812581992938359e-02,-3.225572833242491833e-02,-2.842812578559355055e-02,-3.327351332573325743e-02,-2.782998431622865990e-02,-2.586225523230947093e-02,-2.806828159915803617e-02,-2.841477372298427048e-02,-2.728905930126863250e-02,-1.946286410976631048e-02,-2.126557357378144539e-02,-1.159663730931105932e-02,-7.589378315478324810e-03,-1.352314606993402016e-03,-3.199821504747258141e-03,-3.716241003612415824e-03,-9.613450662400515462e-03,-7.908713426189307311e-03,-1.532912765882165143e-02,-1.353649375327701382e-02,-8.891443467480570489e-03,-1.491104325404611283e-02,-7.066044883815422381e-03,-5.102327365423758344e-03,-3.029130993049129576e-03,-9.567406249439759300e-03,-3.247024195501269084e-03,7.541904376350593367e-03,1.228283477264309823e-02,1.941448119299427066e-02,2.772441951675629762e-02,3.204117053861848391e-02,3.826801564404481992e-02,3.062295528644605122e-02,3.129784520976421069e-02,3.305429198788640416e-02,4.044176940485661592e-02,4.022698691427728512e-02,4.239624754531352152e-02,4.880584046762035527e-02,5.050437287108019285e-02,5.576163687950121822e-02,5.733362743883503587e-02,5.233244479617141232e-02,4.979046714712324906e-02,4.900112775674501930e-02,4.965291181000999060e-02,3.593784767675035213e-02,3.479161086220670940e-02,3.853786792092472879e-02,3.743461706891332286e-02,4.926347941729899982e-02,5.151497597941567808e-02,5.881708653445477664e-02,6.622585839391505191e-02,7.486312679082586519e-02,6.674389427246101014e-02,6.898244014924741208e-02,7.544775088942318186e-02,7.475275179603102504e-02,7.623658017818674137e-02,7.807593976732288277e-02,7.716947921922434617e-02,7.910434112944202123e-02,8.290173065188392865e-02,8.503645514580761289e-02,8.324580892869055948e-02,8.921218032400421438e-02,7.839079368677642767e-02,7.846861436881366614e-02,8.230888311801590196e-02,8.302899152206123790e-02,8.590769365142210401e-02,9.655691569786842288e-02,8.899383723249151834e-02,8.792237148768261568e-02,8.597172176832491852e-02,8.714280735939838873e-02,8.979468301667067887e-02,7.972047494003750567e-02,8.293055165123226768e-02,8.256788478917634344e-02,7.666755560075816378e-02,8.708473006796377258e-02,8.004941781588657823e-02,7.444518605476843631e-02,6.664966762651235166e-02,7.099698031171750023e-02,7.622093063416540693e-02,7.066119445623962603e-02,7.336717868226862171e-02,7.579148207608715770e-02,7.378794481553975493e-02,6.088386215854749151e-02,5.878864255875456551e-02,5.931655341174376511e-02,5.131757525008546345e-02,4.742957049309240447e-02,5.077696259595326778e-02,5.990112427184257626e-02,6.646619471232725895e-02,6.759499372238403359e-02,7.275147297807664504e-02,6.758207168139969412e-02,7.611958263183142559e-02,7.653733120758035580e-02,6.886232658128475792e-02,7.287345602886499685e-02,7.737207700999572391e-02,8.700948080633467974e-02,8.990413074668660021e-02,9.836673866085927920e-02,9.976195474865134916e-02,1.029841124263357749e-01,1.015220835122714466e-01,1.030388816154454157e-01,1.107953663845437364e-01,1.080475960220430021e-01,1.087087448822729729e-01,1.013597103452133497e-01,9.984285426679634368e-02,1.027574994786917828e-01,1.015112856573479050e-01,1.019031009659605164e-01,9.481265816219625053e-02,9.495458389249125664e-02,9.093263093112026463e-02,9.464071223463554894e-02,9.465058999386496974e-02,9.008506917087288901e-02,7.687264259039849890e-02,8.292034605233161715e-02,9.259512796251677391e-02,9.304769923903181972e-02,1.056795456814964979e-01,1.035866534073161954e-01,9.784070306581536813e-02,1.033306916152332139e-01,1.032773820994190572e-01,1.208591443254315445e-01,1.273412877755051020e-01,1.298360547387386044e-01,1.225307130372822462e-01,1.336798267513865102e-01,1.348400507616086819e-01,1.313500670891390720e-01,1.173793616626428171e-01,1.201392700934705848e-01,1.279778425071126657e-01,1.187270942634264109e-01,1.177698284296778974e-01,1.110654785520565346e-01,1.137455302961141029e-01,1.170576681035133820e-01
-5.037686952369760732e-03,-7.041596369835766839e-03,-6.222767245232439098e-03,-7.553822221028119385e-03,-3.564063202617760370e-03,-1.730865560741323000e-02,-2.199740955215593805e-02,-1.361665448164939632e-02,-1.576059730933445160e-02,-9.324899153691735762e-03,-1.441284970928603457e-02,-1.968538999757093316e-02,-2.160426871078207148e-02,-2.555628808160809520e-02,-2.308611262669752959e-02,-1.790223304502762056e-02,-2.439751496412971565e-02,-2.261333743328799994e-02,-2.560434163183232525e-02,-3.189044264507662207e-02,-4.164048556493547826e-02,-4.447418547778986958e-02,-5.040627399671038927e-02,-4.735847822687121872e-02,-4.087797542150951174e-02,-3.591316644734181968e-02,-3.748782148116068524e-02,-2.848211352711056688e-02,-2.729121457696580960e-02,-2.920631494841929854e-02,-2.890382257100667859e-02,-3.374796268650144537e-02,-3.588595600107375577e-02,-3.426804504591383221e-02,-3.005160536035487995e-02,-2.949476470745805365e-02,-2.382338998999186663e-02,-2.224659124543653527e-02,-2.050113133354251882e-02,-2.831577699843625118e-02,-3.572400407900072627e-02,-3.716505433183566603e-02,-3.859845454723425523e-02,-3.724242092415879640e-02,-4.160983958176724118e-02,-4.569321690573602268e-02,-4.190758211838495340e-02,-4.311362943821329952e-02,-4.344712570328914530e-02,-3.597135791934848864e-02,-3.865084593203487601e-02,-5.008827741024129976e-02,-5.346047239873067541e-02,-5.748068678967067913e-02,-6.022844727702916789e-02,-5.439851133269580502e-02,-4.833197462362931462e-02,-5.465881468338070620e-02,-4.771597983111905417e-02,-5.569959260707655485e-02,-4.682311177611717112e-02,-4.308997318646154429e-02,-4.224793762837799477e-02,-3.349668104277107178e-02,-4.055683955508581490e-02,-3.810474869149727689e-02,-3.893802983131407214e-02,-4.028436564659828439e-02,-2.580404037502768977e-02,-3.257891154804243294e-02,-2.831147413159478335e-02,-2.878495861775126619e-02,-3.600300818417045967e-02,-1.627200012102521937e-02,-4.702201407315198534e-03,-8.344016642799224545e-03,-7.491862129395858785e-03,-8.774206899564280376e-03,-1.040290755504012614e-02,-1.442194966265056104e-02,-2.402528486620474427e-02,-1.692695756497597862e-02,-1.693345321133174139e-02,-2.494092447188947168e-02,-2.254064001834242548e-02,-2.933376150995525150e-02,-2.542715390645741008e-02,-1.995850261382029270e-02,-8.049194442259422627e-03,-7.463013698900362175e-03,-3.249907155743876792e-03,-5.782812461278525815e-03,-1.091026105394635529e-02,-6.169032847392895945e-03,4.044563960900046315e-04,-5.548493800195065419e-03,-1.617824549444658866e-02,-1.359143876659240496e-02,-1.413809312296405475e-02,-1.481529852066697933e-02,-1.798196350479929276e-02,-1.961884152976128143e-02,-8.890499226269544392e-03,-5.110749083879023887e-03,2.489173965495661625e-03,2.846801940227558936e-03,-1.699792803874866729e-03,-8.682983057235735269e-03,-3.968012416096036027e-03,-9.501164700954571607e-03,2.453879283076648016e-04,-1.388464594437602935e-03,9.251603353844898431e-03,4.597252355992917892e-03,1.268311574175111714e-02,4.768012857401695073e-03,1.268575407801917840e-02,1.293316702549122260e-02,1.496231859218084652e-02,1.640772204783992952e-02,1.390179284864924598e-02,6.925778783138149437e-03,2.458957127278033061e-04,-4.367192916907279045e-03,-5.723070546571154896e-03,-5.012420131143470285e-03,-7.354126732541974888e-03,-9.198261149617258797e-03,-7.315871308368437388e-03,-1.829729709662937347e-03,-9.716981466477161988e-03,-9.894431710898600810e-03,-8.218197442801162059e-03,-7.149864597406978620e-03,-4.924828124122064207e-03,-6.960345926219505333e-03,-1.125569909987833052e-02,-1.234110491984745893e-02,-2.563424148520520446e-02,-3.161169565869566267e-02,-3.478073010230448014e-02,-4.505864930319931211e-02,-5.130083821762462803e-02,-5.540869846983891706e-02,-5.702976208872587854e-02,-4.847707631823287150e-02,-5.756734621677319502e-02,-6.632501224311991572e-02,-6.591786020598981721e-02,-6.212340773747270645e-02,-6.348348543175169612e-02,-5.069206519019067020e-02,-4.846533416057532961e-02,-4.292244267413432984e-02,-4.351471083578003357e-02,-3.549120938493627309e-02,-3.870089883111296758e-02,-5.072916990481002308e-02,-4.922594553374835813e-02,-5.180854449487159313e-02,-6.296540461958213819e-02,-6.174769210903042344e-02,-6.049557630059422542e-02,-6.449200436419902371e-02,-5.673666790332460019e-02,-5.034732756363258926e-02,-6.120495317407541325e-02,-5.945231363476023712e-02,-5.737760011325896553e-02,-4.478874721290062449e-02,-5.040120793125518056e-02,-4.748619492667995046e-02,-5.706698266373506218e-02,-5.130632540647773326e-02,-5.543253192031131343e-02,-5.700908824099076844e-02,-5.643891775848464826e-02,-5.248690970526571214e-02,-5.559963723369658328e-02,-4.790457443412012017e-02,-3.668362179932835310e-02,-3.976727627836103979e-02,-2.034471971253764763e-02,-1.852058993537341117e-02,-9.164964527913568165e-03,-4.920182311331984873e-03,-1.397236116483039151e-02,-1.382254886811895567e-02,-1.924967474864789502e-02,-1.875190606244116209e-02,-1.957372531435063942e-02,-2.507844785984345709e-02,-1.787814419610354172e-02,-1.621388612020291387e-02,-5.833132580860890190e-03,-1.378604750014761175e-02,-4.816494385812431639e-03,-8.284975569388713240e-03,-1.685895652805195072e-02
-8.275258105871388659e-03,-1.097594130941820581e-02,-1.593292312568567876e-02,-1.686503739873015245e-02,-2.743862470577369123e-02,-1.984151135769578883e-02,-1.943385737001982264e-02,-2.151274302110142353e-02,-2.034038397458150585e-02,-2.092751290499072353e-02,-1.690025930287090278e-02,-1.512564708404503036e-02,-6.949286493440251164e-03,3.153719215362628045e-03,-9.216097128595572910e-04,3.651416933987515143e-03,-2.624169880848071547e-03,-1.686541075954269692e-02,-1.495629210657055397e-02,-1.563547655893431088e-02,-1.498196035401309911e-02,-1.328340244981363917e-02,-2.100366512146417328e-02,-2.100924115239274914e-02,-2.391527711018851324e-02,-2.762411880967153774e-02,-4.299870676779862788e-02,-4.482171046077056825e-02,-5.273652209316651018e-02,-4.814801553466442618e-02,-4.207383202707429271e-02,-4.701492215203527392e-02,-5.092330143332199355e-02,-4.529192984985105225e-02,-3.985781391892372072e-02,-4.543096893906454353e-02,-4.710584756916787880e-02,-4.862602380973708033e-02,-4.572008678232101359e-02,-4.388818648679598117e-02,-4.030059662296167633e-02,-3.577302946597030187e-02,-4.873838274317591340e-02,-5.333764219920046623e-02,-3.703899096638355037e-02,-4.250564806066772783e-02,-3.606248447102142901e-02,-4.038248762298364547e-02,-3.594009790276827404e-02,-3.016427335825561801e-02,-2.666625941147401577e-02,-2.587769211173474720e-02,-3.244391265252483808e-02,-3.795483758393827095e-02,-4.488826194283990906e-02,-5.475086072601457327e-02,-5.995547933845062072e-02,-5.758530400669550908e-02,-5.573844741080111187e-02,-5.509735254183485004e-02,-5.499412956036496547e-02,-3.608955711797388888e-02,-3.155389521458095564e-02,-4.072890053966428392e-02,-3.638921510084579258e-02,-3.323572219034037767e-02,-3.540753070381165435e-02,-3.890189170306398297e-02,-5.183620055811149346e-02,-5.020455092762113325e-02,-4.059047779273415590e-02,-3.094392219110673331e-02,-1.391403465536055276e-02,-1.064325025238124084e-02,-1.049460543541216005e-02,-1.920224506694698935e-02,-3.061613418429267805e-02,-2.884402344042682337e-02,-3.660541226129521153e-02,-3.056297261527517878e-02,-2.838907799690975134e-02,-2.742894822267141416e-02,-3.358485561256481511e-02,-3.663405318361508123e-02,-4.920873917374474910e-02,-4.646620567728142887e-02,-5.442360335885274708e-02,-5.540352125365274882e-02,-4.725565318069517573e-02,-3.698494897903133877e-02,-3.793146717482688557e-02,-3.906526884142059314e-02,-3.334118078794928719e-02,-4.066107304158472768e-02,-4.410187720008022089e-02,-3.597417878623479504e-02,-2.056230714353485256e-02,-1.627639100221488569e-02,-1.010434094864495758e-02,-1.915236941992321321e-02,-2.290299549004157567e-02,-4.030605681122277628e-02,-4.127841775885914000e-02,-4.026224384842515269e-02,-4.757103995117273332e-02,-3.666735157117334554e-02,-3.645837036012376797e-02,-4.389378617743799199e-02,-4.503168446828972188e-02,-5.687077104890531087e-02,-5.802353200632957841e-02,-5.340742877632775193e-02,-5.919867346254026330e-02,-6.279303131040321617e-02,-7.494087066567808875e-02,-7.819144673851900762e-02,-8.084849707577421163e-02,-7.845136936412819284e-02,-6.772252841195297579e-02,-6.334390965821846964e-02,-5.443099727310587305e-02,-5.383029678037599963e-02,-4.922753037334694215e-02,-4.720825678260360397e-02,-4.130908675906014293e-02,-4.553541061135749080e-02,-5.367984476717465453e-02,-4.685309945161959116e-02,-4.517015357665948166e-02,-4.724984941656472370e-02,-4.847713620813767776e-02,-5.222958555429677713e-02,-5.363342071146963430e-02,-4.779446585869888409e-02,-5.427471995121618126e-02,-5.009420627065188508e-02,-6.170972901498904956e-02,-7.058534787476355987e-02,-5.996740982488976690e-02,-5.124213181453561583e-02,-4.996307241423697532e-02,-5.721288198079189924e-02,-5.599014380575587091e-02,-6.436420393988474820e-02,-6.061122854750597422e-02,-5.494736166295637048e-02,-6.066231836890920159e-02,-5.983838257268251498e-02,-5.158577833670870832e-02,-4.667468914807067215e-02,-4.173497688251419369e-02,-3.476366284141898383e-02,-3.219549735973413485e-02,-4.211552062757448200e-02,-4.359588250258006337e-02,-4.425462239046851209e-02,-4.175779634387625366e-02,-4.664586008633236913e-02,-4.517547384414839079e-02,-4.926699773569178514e-02,-5.335798989714808649e-02,-6.177841067437060685e-02,-6.366696810798533335e-02,-6.095702313034579573e-02,-6.313806111208461469e-02,-6.892313597252770763e-02,-7.012982094241873576e-02,-7.143932975193108270e-02,-7.049463921035646619e-02,-6.873676278263961270e-02,-6.893191776179141694e-02,-7.501367673047926177e-02,-8.123754101730776278e-02,-9.069775551366138222e-02,-8.614881266537269267e-02,-9.315564301460181607e-02,-7.492300785326463930e-02,-7.942915396944480455e-02,-6.974240359405850520e-02,-6.173174358048469368e-02,-5.546224763795248175e-02,-6.007338670451122659e-02,-7.414163104766297030e-02,-7.362571976593443313e-02,-6.859564213061683513e-02,-6.713922390512998273e-02,-8.016873497043822128e-02,-8.356300659087574634e-02,-8.207068796250885367e-02,-8.185606830683857249e-02,-7.442649084015479088e-02,-6.984036708262074400e-02,-7.110668157629750075e-02,-7.429633988645750753e-02,-7.533650027765202706e-02,-7.404443897019702403e-02,-7.525579194805967487e-02,-8.336923874374227439e-02,-7.806854317247137465e-02
7.569052031102449334e-03,1.575751835528025821e-02,2.042307069169103928e-02,1.068089770092930935e-02,1.105269705323231981e-02,1.377423203307429067e-03,1.851312061491715288e-03,1.354557203745467182e-02,4.569641137171474854e-03,6.583252957162927417e-03,6.005255731027100974e-03,1.429448745777214640e-02,1.006749218482465985e-02,8.948020894853308746e-03,2.295252496892405056e-03,3.665808022772802741e-03,6.690779657191925009e-03,1.250820272146586573e-02,2.367338419330110993e-02,3.253894806085451397e-02,2.722365405232267041e-02,2.780437425279549957e-02,4.217772071462493055e-02,3.736040024346674177e-02,3.487257484424238774e-02,3.964458051677792472e-02,4.407970442921512605e-02,4.041195847309637934e-02,4.029098919793146910e-02,3.582357864700947553e-02,3.294619838830607078e-02,3.329869852462553209e-02,3.605186575837562163e-02,3.214481295300255365e-02,2.890444946513199415e-02,2.069192599889728076e-02,1.235062390124034085e-02,1.644217986239353974e-02,2.305589367398808154e-02,2.689983407803204010e-02,3.193753648266731832e-02,3.298088687887282960e-02,3.035717061782495022e-02,4.445639460937599041e-02,4.217578238113956629e-02,4.297630351287146100e-02,4.336366271678565587e-02,5.699432738570190532e-02,6.946572065657924400e-02,5.822344219291412243e-02,5.826436851851192478e-02,5.522298235580462566e-02,4.984738970972030225e-02,4.722455093162754303e-02,6.184912038058749950e-02,6.342887415272133178e-02,5.116587352642176789e-02,5.118174568160360066e-02,4.892828285898648960e-02,5.142681478889864904e-02,5.829165714009027638e-02,5.665138639243608165e-02,5.649711340259057357e-02,6.047458063606644257e-02,6.279597017434851436e-02,7.581391541967963388e-02,7.877606763868179318e-02,8.878141964893024318e-02,8.656849787663603579e-02,9.257426771461040038e-02,9.126875982438890922e-02,8.924952760663427964e-02,9.128315968916918266e-02,9.689446630422877960e-02,9.823903583146594010e-02,1.091273478222661436e-01,1.044899219679715080e-01,9.700272583040409069e-02,9.603195719191900959e-02,9.553925551335958055e-02,1.001618062093688616e-01,9.740575188155754793e-02,9.066875784894089241e-02,9.744352012829564369e-02,9.266206253300982021e-02,9.798531915078881327e-02,8.752783639066548382e-02,9.594100492381135714e-02,8.870308300786142186e-02,9.725872517744260648e-02,8.988015906762764073e-02,9.649750106392232518e-02,1.017953810229936529e-01,1.021815462806177910e-01,9.619085015697875773e-02,9.791912452836133707e-02,1.028460877008404994e-01,1.006027610785852761e-01,9.021019163735839730e-02,9.737411111362999361e-02,1.041343804316074151e-01,9.604827635286181109e-02,9.337878558283302377e-02,8.103372121024207675e-02,8.047025199897141212e-02,8.101858060017450014e-02,7.938608732294268056e-02,7.957947136897472462e-02,7.185480060667359670e-02,7.136898729889669390e-02,7.485776997447581016e-02,8.244023583698988078e-02,7.279535850690103949e-02,6.166685625293995276e-02,6.821838290526001380e-02,6.789068813760258669e-02,7.100182276890595889e-02,5.356889381509000875e-02,6.111499306076292881e-02,5.519439829554065313e-02,4.822193193986638177e-02,5.506875635281765352e-02,6.150896251070027410e-02,6.503856229615379014e-02,6.542500459621196363e-02,5.714024466735467822e-02,5.166538844368321476e-02,6.307548872825967379e-02,6.090058449648964173e-02,6.962029138958954200e-02,7.496402510712232847e-02,7.265631530684103778e-02,6.531824742176600695e-02,5.801843448274331128e-02,5.494889462333278629e-02,5.597286724028148475e-02,5.298271172249020833e-02,4.636861891267277797e-02,5.641849009716760899e-02,5.087566523393703688e-02,5.103897184367461870e-02,5.785723530048816898e-02,5.848019271378462197e-02,6.196592189295389852e-02,6.370396871453293253e-02,6.870172942016131157e-02,5.585553272191186303e-02,4.168747249325707033e-02,3.447197515326620026e-02,3.826582046311649554e-02,3.738694851001729547e-02,4.407754773804585524e-02,3.558705923069722249e-02,4.159867276006992687e-02,4.731672153778448270e-02,4.252086214397721164e-02,4.054543357707342949e-02,2.873875914790621766e-02,3.024969571193478549e-02,2.664313492356965712e-02,2.357555505727082501e-02,2.480370727309979401e-02,3.175760622263052585e-02,2.397788229608776439e-02,1.800859645260165925e-02,2.314165337565702793e-02,2.499713660667999757e-02,2.981844372627618853e-02,2.231566120213748436e-02,3.448383021140340177e-02,3.348294437751359043e-02,3.047013469522377380e-02,3.055575631550946220e-02,3.250176467536979724e-02,4.415963402028225820e-02,5.378902162898759748e-02,6.003944997643259618e-02,5.984930915610740809e-02,5.586471475453329283e-02,5.149511683320050215e-02,5.030871027577765026e-02,4.174359547110703672e-02,3.491278892461695954e-02,3.504874263036224236e-02,3.790478733820572960e-02,3.824524935745984150e-02,3.303700573166720028e-02,4.325050896986098320e-02,5.168384517424331331e-02,5.223030275293664287e-02,4.377239921185777094e-02,5.180852557702791267e-02,5.980068914179435813e-02,4.820520575886497183e-02,4.851902456844601336e-02,4.449272328493614898e-02,5.019263067699963887e-02,5.215382519238265929e-02,5.325031918699390382e-02
-4.179933660453140354e-03,4.618540071833765470e-05,-8.319771481477399727e-03,-1.408315806597926732e-03,1.986183024856861667e-03,-7.669266974443023771e-03,5.651857765517133772e-03,8.282487593006189128e-03,5.095038295748956225e-03,3.895976723658116717e-04,-7.836951387561637283e-03,-8.689393550785264736e-04,-6.842434822735546894e-03,-9.223816355820670804e-03,-6.191984576051113263e-03,-1.284088370557356917e-02,-1.117952139050685037e-02,-1.034468659019050461e-02,-1.111025458249752934e-02,-1.242481546953283847e-02,-1.297455408340364436e-02,-6.383614572128798459e-03,-1.229697272121049387e-02,-1.005707114262531683e-02,-9.345085534398001048e-03,-9.935503125652339271e-03,-8.567011264262789846e-03,-7.454180244354010471e-04,-5.065607424436401572e-03,8.676830814132854841e-03,7.815638314062621148e-03,3.850524521564501791e-03,1.287684504092587862e-02,2.545500234005990819e-02,2.552578998781276226e-02,2.914914288677204063e-02,1.966269585495023647e-02,2.033472677426772374e-02,2.553632833449372835e-02,2.262315829125157926e-02,2.194141251286513966e-02,2.383894090167718721e-02,3.551810937344943714e-03,-1.647259433657221120e-03,-2.270123730977745106e-03,2.631767877189314375e-03,4.430897289382111637e-03,1.044057311649651890e-02,1.580244641030644631e-02,1.588240612690051956e-02,1.468491211896258072e-03,1.405152035392309359e-02,1.290229125712375607e-02,1.380282957816770378e-03,-3.323107555234367221e-04,7.795030083873153749e-03,6.032493039685359049e-03,-5.163657358156745897e-03,-4.829731895504233569e-03,-6.467285052598116535e-03,5.809985396609781624e-03,4.034271804292059900e-03,1.297925406394704901e-03,-3.406416909331457573e-03,1.036720034581339617e-03,1.530780153572291417e-03,7.601063901106193052e-03,-5.569949408081019751e-03,4.057110272798869488e-03,8.957956622792084822e-03,-1.206060542198635066e-04,-2.341068197882067905e-03,-9.387650470898994265e-03,-3.005007306123900178e-03,4.700436746147783861e-03,-6.877055559856327938e-04,4.022524105008514882e-04,4.578620390390398219e-03,1.454054616414710357e-02,1.164277726717509974e-02,1.000998161556659188e-02,1.753749856523950656e-02,1.229945431844969503e-02,9.268584687893979476e-03,1.771330427841770472e-02,1.898758650133805168e-02,8.158822391424456685e-03,1.903452202659690166e-03,-8.469080444638465294e-03,-1.527610182749663918e-03,-4.900384573868437829e-03,-3.437010299817658005e-03,-1.145084029127263134e-02,-1.896867043351732965e-02,-2.011978681731494203e-02,-2.120511003526650423e-02,-2.391738031642812179e-02,-3.367352110137451782e-02,-3.331441704744952936e-02,-3.045824696470925477e-02,-3.302138837230627483e-02,-2.928822106041181761e-02,-1.977284079260743441e-02,-1.348083821921755576e-02,-1.350555286837455682e-02,-1.570063601890683835e-02,-1.643487637730330769e-02,-2.487073969729473172e-02,-2.451472096628729697e-02,-1.977235449158787350e-02,-1.875862107187581049e-02,-9.924545849483190282e-03,-7.962901575991243944e-03,-7.333450192684508144e-03,-1.135228754054110750e-02,-6.597163977823884869e-03,-7.793227653059477816e-04,-1.149623564096579655e-02,-3.295287769329417055e-03,1.045950341738282989e-03,4.312129174308437091e-03,8.267943921708528765e-03,1.192404115984621246e-02,9.699497451978830731e-03,2.314771743733493731e-02,1.396491754687980563e-02,9.551758395986695294e-03,1.568222940324609516e-02,1.669072250581774691e-02,1.574086870904465793e-02,2.189248451935248488e-02,2.375160784633938843e-02,3.050708523218003884e-02,2.488633906192640188e-02,1.336791062199523331e-02,4.956831971930423381e-03,5.706557547307749591e-03,1.072086735884732883e-02,7.882605310225200557e-03,3.609712922673128169e-03,-3.229036446136201131e-03,-1.480150670650888945e-03,-6.108213463774457563e-03,-5.882180870308139665e-03,-7.843058293640011586e-03,-1.077531760975021687e-02,-1.887727674437999006e-03,-1.222481670006094270e-02,-1.612444754550726445e-02,-1.419584610032428862e-02,-2.341831558817718262e-02,-2.706288479107644973e-02,-2.535766402045352280e-02,-2.028862615494455429e-02,-2.630729778565888896e-02,-1.995222454787647093e-02,-2.260269573066930882e-02,-2.213853697905047643e-02,-3.802759919414561152e-02,-4.527144716895122045e-02,-3.697473587140050200e-02,-4.536373881336738800e-02,-4.096024716188734205e-02,-4.264846147788391162e-02,-4.847461186524319732e-02,-5.431780114615924332e-02,-4.581031940388349821e-02,-4.269891900691234754e-02,-5.420074071888077161e-02,-5.993972880309493545e-02,-6.078302965253688100e-02,-6.291358194171138563e-02,-5.626323345997715636e-02,-4.746559628070112780e-02,-4.035067954067655949e-02,-4.362489756221782367e-02,-4.011270718231614574e-02,-4.737261195333920122e-02,-4.816918523497595167e-02,-4.095960703571983885e-02,-3.649692860782718928e-02,-3.902056106155588761e-02,-4.085074211214117373e-02,-3.720231834328958931e-02,-3.359625427169907197e-02,-3.772131694721489459e-02,-3.043021728749875296e-02,-3.127327634288433467e-02,-2.488063085922708612e-02,-2.959826208604623282e-02,-2.965494202206887114e-02,-2.321104275333758446e-02,-1.930175101723979186e-02,-2.546199146735479701e-02,-3.569935456694891401e-02,-3.415632084951022301e-02,-4.008908401251597836e-02,-4.428721055842368276e-02,-4.672015033450317711e-02
-4.640745694412209098e-03,-6.060708205604536589e-03,-5.014133227165411960e-03,-5.305704464168196563e-03,-1.420208641574700545e-04,2.394314982821837620e-04,-3.138881791731833355e-03,-5.279907943813990853e-03,-8.652539267755190305e-03,-6.699881043603214334e-03,-2.253560588215053860e-03,2.425606913662191333e-03,4.936292843225348163e-03,6.019473537564915336e-03,4.374220615138775699e-03,1.136544126730663386e-02,1.444937216839742473e-02,4.599998147823946767e-03,6.936455628008410257e-03,2.550640971190100414e-03,1.345293936939656598e-02,1.407341461534449348e-02,1.923099875175074414e-02,9.009233194594890720e-03,6.945035249017820697e-03,1.849408592396815931e-02,2.366866790098441642e-02,2.450086038904738389e-02,2.076043496790479920e-02,1.484491379481916659e-02,1.691930875521185929e-02,2.528622542474492571e-02,3.603816898449882511e-02,2.937484988425513241e-02,2.811581306894337870e-02,2.912671455232738668e-02,1.970090309605034701e-02,1.308732068294801709e-02,1.015889036436398198e-02,1.454924235175723488e-02,1.621860638579672442e-02,1.052595547803224230e-02,8.316177414135901905e-03,4.045684940382618909e-03,9.891191189625309077e-04,-1.144288087932425826e-02,-1.093287792640883216e-02,-5.800555966636258658e-03,-1.064988551610441744e-02,-4.492869491529011966e-03,-1.143878078019813435e-02,-2.125089023789120124e-02,-2.001786844873303106e-02,-2.784480185596324708e-02,-3.394896784584670868e-02,-2.360294090622926111e-02,-1.690599587317538274e-02,-1.195228288169533984e-02,-2.115187085357368713e-02,-1.466122590913137777e-02,-1.259164144858586354e-02,-5.594644310828210572e-03,-1.802655235505749680e-03,5.696110546552827190e-03,-5.247004178155934874e-03,2.695225606497036498e-03,1.177979069526112824e-02,7.069103225459915686e-03,2.073526384575375900e-03,4.532969008502352008e-03,2.521156395904303182e-02,2.163462004880125494e-02,2.624425520124826910e-02,3.579253177343378473e-02,4.182270361320877816e-02,4.994417943253432607e-02,5.698413140732960791e-02,5.636944586835353210e-02,5.671174495950296462e-02,5.509814658299361234e-02,5.947027839647408415e-02,5.997960998987396375e-02,5.475061576978432903e-02,5.886064270538335363e-02,7.162256570336676675e-02,7.157197646993190832e-02,7.719504121605912095e-02,8.662718661348528526e-02,8.615695729082605003e-02,8.454270396066920767e-02,7.935093583976302045e-02,9.520537273232605735e-02,1.024028382699078421e-01,1.022713648265362041e-01,1.041396859070328612e-01,1.126722369662657430e-01,1.147109237381759989e-01,1.049217791034103148e-01,1.126881038015713904e-01,1.043544842017711666e-01,9.383932514784647239e-02,9.260895696233646668e-02,9.834060666951185969e-02,1.017873027640378708e-01,9.580838845164002526e-02,9.300258312111418790e-02,9.125999439236133493e-02,9.473736149184226740e-02,9.872880520433008344e-02,9.075594728701394387e-02,8.072033092198675763e-02,7.951188281107803013e-02,9.422411828972561409e-02,8.902785391386613956e-02,9.300521121787728995e-02,8.951843510257491421e-02,8.942426375719515763e-02,8.967903675738134184e-02,8.897760199111408308e-02,9.442452674798654244e-02,9.160817479971987420e-02,8.871195427275081757e-02,9.074656205283776478e-02,9.257412341117134125e-02,9.449993435487362425e-02,9.027080884706983888e-02,9.031254395632225263e-02,9.249706601677687434e-02,8.667627799793040100e-02,6.838597761076284365e-02,8.098708214143925110e-02,7.309184073191189734e-02,6.024687367999208287e-02,6.136833036264187358e-02,5.075695748527120355e-02,4.366814164598387116e-02,3.470231670674230051e-02,3.100426179201580881e-02,3.529381437448276398e-02,4.553059355741693320e-02,4.150751297732269141e-02,2.654998344028801360e-02,2.895962226992331370e-02,2.091230321915507617e-02,1.777168715838805049e-02,1.903618820394924541e-02,1.872660520641214119e-02,2.083418283055656767e-02,2.931023157367011051e-02,1.661689935090151365e-02,7.042052791480393412e-03,6.612506623352912456e-03,3.869060104944238750e-03,8.712962987245304915e-04,7.823029167863189068e-03,8.093254950345855209e-03,-9.808752460356718467e-03,1.716551070317373640e-05,8.944454892685532385e-03,8.059668421392900475e-03,1.241961988296373144e-02,1.357945408167717145e-02,1.284760839485876022e-03,-1.293925550169675032e-03,6.043213103129940755e-03,2.309391797629823349e-03,9.447996214739469434e-03,1.173674527038343594e-02,1.532032044363198717e-02,3.458726336460581779e-02,2.795470080555486139e-02,1.623894652055536333e-02,8.574232588914033198e-03,2.230145102358794401e-02,1.758155721460914062e-02,1.325667712103952706e-02,1.822308946584625527e-02,1.612694968696108330e-02,2.480070848647156212e-02,2.884968731333464181e-02,2.595366987602419628e-02,2.565486322150558815e-02,1.099453700142796579e-02,9.054904050399183862e-04,7.536822385938563539e-04,1.112233325443977988e-03,4.101038669124989350e-03,1.552643233351997526e-02,2.145541882366553896e-02,1.489762220488179655e-02,2.587065311522891708e-02,2.834303660317268395e-02,3.236756306531367311e-02,2.785316586350244927e-02,1.970925313586025657e-02,1.014389303438147615e-02,1.352675922113601159e-02,2.279093293559099342e-02,2.531524277209381418e-02
-1.031017945083637956e-02,-1.526069111848454146e-02,-6.971240244872582356e-03,-2.065080778483724053e-03,-5.583497668946203751e-03,-5.916136929707324806e-03,3.534348656048459138e-03,-7.323737482126790183e-04,1.390464724892989667e-02,1.315365810413050493e-02,8.076038292180492267e-03,7.542652548429509655e-03,3.481872339031645211e-03,1.212547216488344369e-02,5.203736879518465475e-03,6.604620701278632669e-03,-3.479823634484376441e-03,-6.328743550700305191e-03,-1.258479350210241904e-02,-7.606913628214297292e-03,-1.355434704530906684e-03,-9.215656478187785397e-03,-5.138216956870006978e-03,-5.072166452021032931e-03,-1.466113377439050118e-02,-2.404651540215650002e-02,-2.097660244239487812e-02,-1.647018540823182858e-02,-1.430640958664385586e-02,-6.972734488140910035e-03,-1.031409433331602690e-02,-1.422735816361999153e-02,-2.721259036124339808e-02,-2.176261244920622145e-02,-1.800491864212428947e-02,-1.980590368290279304e-02,-1.727318377066448113e-02,-2.515383417606820854e-02,-2.269989208570038358e-02,-3.204591624687193330e-02,-3.161588417611736063e-02,-3.804849075381501466e-02,-4.085416765202249528e-02,-3.962573214270485866e-02,-4.875805820602750751e-02,-5.388573460047227370e-02,-5.885514738291808268e-02,-6.605721079506571281e-02,-6.326760571875791883e-02,-6.074119108189739158e-02,-6.029275325977641320e-02,-5.857927843110184024e-02,-5.150728469335630333e-02,-4.259241241783566501e-02,-5.088474602567903682e-02,-4.458420609086435199e-02,-3.662304472072414052e-02,-3.411437087487585729e-02,-4.538243460201338286e-02,-5.187672372392895109e-02,-4.498057719753371236e-02,-4.446818445528858549e-02,-3.671330111431640036e-02,-3.275897266956187548e-02,-3.055583162306894918e-02,-3.339155097613579620e-02,-2.974478120561134531e-02,-1.879699278807180074e-02,-2.385563853702546769e-02,-2.320347745188462360e-02,-3.017710518242196910e-02,-3.264391182182722201e-02,-3.044995961574227875e-02,-3.224328565311508632e-02,-2.334646228465764306e-02,-2.420061612480521249e-02,-3.021041008919814544e-02,-3.628365420258432283e-02,-4.047036455739506933e-02,-4.000214345265655502e-02,-3.405849148204109778e-02,-4.410933521853405842e-02,-4.625446397374538554e-02,-5.062655166999437822e-02,-5.252614806426762067e-02,-5.252884484770916490e-02,-5.016743531531910050e-02,-5.378651902939722562e-02,-5.395969232761303053e-02,-5.634534440690009555e-02,-6.128600471442308822e-02,-6.159654736771157102e-02,-5.400903702006142754e-02,-5.806282901172939159e-02,-5.953785999010566266e-02,-6.541225302014828935e-02,-7.423729261654153644e-02,-7.779733283757128692e-02,-7.827361588837850048e-02,-7.883324338302914736e-02,-8.248961274124982923e-02,-8.864438231240213961e-02,-8.902271841586717471e-02,-8.403750625183921408e-02,-8.089310435911506447e-02,-8.040835093943297929e-02,-8.663311750438952574e-02,-9.715393682566678124e-02,-9.768717136062499140e-02,-1.135207175978072275e-01,-1.206935759763365923e-01,-1.252095557303806450e-01,-1.273336464074989738e-01,-1.274972376510580263e-01,-1.213347278178550925e-01,-1.183231133180769057e-01,-1.263902333388410848e-01,-1.252398354566121030e-01,-1.277954917191495565e-01,-1.324224795685262912e-01,-1.322038062661449187e-01,-1.369860740842160085e-01,-1.339639293439959244e-01,-1.399171569205729104e-01,-1.398623201274887817e-01,-1.361391666452637650e-01,-1.375692072984721348e-01,-1.337842702846131493e-01,-1.497720491050751890e-01,-1.455188135659798987e-01,-1.364013239835869251e-01,-1.456475784594112866e-01,-1.382344152264550208e-01,-1.272591468956568161e-01,-1.462251333238852036e-01,-1.475012144416580906e-01,-1.433337010099064723e-01,-1.462017410770022896e-01,-1.480388798168763009e-01,-1.594124029034069134e-01,-1.673041339460398791e-01,-1.655156747687712981e-01,-1.719703496388579611e-01,-1.726034530012518775e-01,-1.804083834606019787e-01,-1.716463361241937768e-01,-1.772453485025842768e-01,-1.755471982179542811e-01,-1.745237974088600652e-01,-1.717892381933481538e-01,-1.777325469620475717e-01,-1.905397588744442150e-01,-1.889561845186684408e-01,-1.982416983764353213e-01,-2.062197040125314518e-01,-2.060923062395541294e-01,-2.079099419715493557e-01,-2.117396631971494581e-01,-2.065569058870018182e-01,-2.044679444939507817e-01,-2.119197717263378300e-01,-2.047857131977276202e-01,-2.015780887410669742e-01,-1.984986646548371481e-01,-1.878193565719649960e-01,-1.952597998626094122e-01,-1.827515605745182459e-01,-1.831022869255787000e-01,-1.968324974006825656e-01,-1.954062007953705493e-01,-2.006053661241765651e-01,-2.049749921398592023e-01,-2.074740868334390975e-01,-2.113976470501134075e-01,-2.111618322080410226e-01,-2.066710630316720976e-01,-1.942827011970113815e-01,-1.937805133149491099e-01,-2.023610799618032752e-01,-1.974080804691888402e-01,-1.970940969397980136e-01,-2.030135853661987344e-01,-1.988384506763315740e-01,-1.941308698562002888e-01,-1.908587522304951434e-01,-1.965202009001571215e-01,-2.016751567756384644e-01,-1.997637886375603633e-01,-1.888221062164421593e-01,-1.785021929579695132e-01,-1.699489505507387199e-01,-1.740158655596324988e-01,-1.697305147298544814e-01,-1.716792314421054233e-01,-1.741304953341866191e-01,-1.808834631680716343e-01,-1.850782340078865329e-01,-1.888800247677699107e-01,-2.001122344486593319e-01
1.531585990224313028e-02,1.475359348443053102e-02,9.283144477277771242e-03,3.323179949823194812e-03,-2.506594597355103760e-03,8.628808900995781420e-03,1.048017977442146365e-02,1.157381643302106758e-02,8.268771775601313490e-03,-4.229168162196978234e-03,-1.182031748197356208e-02,-7.508468469195994470e-03,7.686529529576910207e-03,4.653584981853860908e-03,4.403353748984204993e-04,-4.644538309764037476e-03,-4.024774118615485549e-03,-1.659559805430350227e-02,-1.937577766964534640e-02,-1.103038717469878409e-02,-1.430393654517919493e-02,3.600383587209611200e-03,7.629647564047398016e-03,3.094055453979259636e-03,-2.750921667484750553e-03,-6.977985833980677836e-03,-2.035741984048453600e-03,-9.959655831770865275e-03,-5.946019586644858863e-03,1.235840977141153783e-03,8.149334306296565633e-03,1.739151665026331117e-02,2.050989797268959816e-02,9.163398476329328093e-03,4.865746657899247887e-03,1.334422127918849163e-04,-2.383697202485535443e-03,8.430255505193769844e-03,1.718846365542660640e-02,1.301467298554647573e-02,9.241521817319534038e-03,1.382294879155979844e-02,9.096072048266243618e-03,1.479578956108811363e-02,1.050401114721541060e-02,1.484096442299384991e-02,1.049329810594426711e-02,2.225173765295032982e-02,1.991318877295731107e-02,1.450327103283868824e-02,2.279242217378871921e-02,2.392975384253877291e-02,2.398896214759737786e-02,4.104544368594120057e-02,3.676229687931958923e-02,4.209428793863172202e-02,4.611039819305211285e-02,3.436329242447009463e-02,3.774079480894892979e-02,3.539886269387553658e-02,2.995580352539763125e-02,2.663614037668735751e-02,3.397334416260882478e-02,3.452106286979565036e-02,4.468077997235971738e-02,5.208749761156043073e-02,4.858777299485025208e-02,4.537673144214643406e-02,4.188749162964243433e-02,4.629218587833236476e-02,5.305261287598056485e-02,5.866885789974515125e-02,4.865910952280322332e-02,4.873105643045604063e-02,5.578440226155544079e-02,5.993768472788047613e-02,6.594768369212725134e-02,6.448946230646604438e-02,7.152224271364043817e-02,7.207056958207243291e-02,7.576824395501462195e-02,7.164769579625239471e-02,7.916489369866575032e-02,8.691224616041301476e-02,9.370526946808112323e-02,9.080803472770238027e-02,9.488635839125832139e-02,8.638218809162349909e-02,8.575849006575146649e-02,7.655261126101628455e-02,7.627241091661056405e-02,8.641885793877321364e-02,7.905189237291496140e-02,6.648789743085312121e-02,4.578270200025097436e-02,4.647326557164547373e-02,6.187232739814955279e-02,5.867859061600901038e-02,6.486716981557427708e-02,5.699664506478421128e-02,6.237041484246249462e-02,6.745345890071438588e-02,7.459955857590014339e-02,7.432783111233080831e-02,7.694691620372175189e-02,8.937857153364864304e-02,8.797108894711275218e-02,8.537500498422227746e-02,8.317017018387730387e-02,7.654209163002273497e-02,8.634539364728806288e-02,8.346031042916567111e-02,8.268083692385344574e-02,8.110327211163326222e-02,8.681245016285880911e-02,9.004789741523419599e-02,8.843626037753178626e-02,8.360520213607974815e-02,8.030644478097011263e-02,7.718324727982348032e-02,7.293546912109621916e-02,7.378439826055487039e-02,7.112116469132075125e-02,7.619017917578305155e-02,7.665794810192809450e-02,6.476363306187826741e-02,6.680332873779115666e-02,6.753594169692193894e-02,6.756235788125926345e-02,6.813445206391745279e-02,6.932889440893172384e-02,7.431322688028073331e-02,8.127635511990342898e-02,8.342559099453475402e-02,8.532954619059512913e-02,8.263851447181810861e-02,9.096467945781896991e-02,8.856291080352793332e-02,7.762975471367904168e-02,9.146469635802845222e-02,8.181511539176451742e-02,7.611867689458792774e-02,6.956906798239047285e-02,7.024391540252225563e-02,7.723162297125581166e-02,8.965592229806679248e-02,8.863251512259251452e-02,9.202405973774092918e-02,1.016171150165232212e-01,1.053819621432740133e-01,1.064481168941243394e-01,1.119012195411043659e-01,1.192443003076155555e-01,1.290564812464388700e-01,1.339296092878591582e-01,1.245083923656729319e-01,1.250500771579983184e-01,1.224205756081711421e-01,1.226954529299437990e-01,1.297168192418028387e-01,1.331170431061655945e-01,1.325666199066752593e-01,1.304889047964869209e-01,1.232219443811982396e-01,1.298414221196660945e-01,1.307115054493627748e-01,1.281715642410130307e-01,1.314645648172547143e-01,1.429401392557177186e-01,1.545526322802686925e-01,1.576542136415116924e-01,1.529962922826205995e-01,1.592833662639448478e-01,1.661041291083830140e-01,1.655118263558915392e-01,1.645735078368990301e-01,1.717153138585942596e-01,1.711274282802235369e-01,1.766476575643302072e-01,1.744261078895054939e-01,1.729344441373374675e-01,1.673578883752549484e-01,1.652269700764782967e-01,1.569140069782173075e-01,1.599614423077211633e-01,1.552197614252996960e-01,1.457321486283900680e-01,1.399648535352840673e-01,1.426684801424387417e-01,1.475190674737955066e-01,1.502278692660764248e-01,1.514376685910775733e-01,1.717016182561168225e-01,1.652823178202736942e-01,1.550993537143125767e-01,1.574467701858746627e-01,1.499832746029795549e-01,1.491198867994653898e-01,1.531122926542990426e-01
-6.914843695998986687e-04,1.291940696175477394e-03,1.436866342563794139e-03,-1.054398014060389625e-02,-1.162301258722647258e-02,-1.559982284293852037e-02,2.774694121773262773e-03,1.617479864104947327e-03,-1.564415841219445047e-02,-1.645675026023158544e-02,-2.049446059903716963e-02,-2.617689143805210922e-02,-2.714225433222267753e-02,-1.294367724855834990e-02,-9.919971386914212125e-03,-6.763733229885388575e-03,-1.032461575102074786e-02,-1.686744253236078031e-02,-2.302781099869873060e-02,-1.703320730083845297e-02,-2.244090615936456673e-02,-2.890842592548340667e-02,-2.327264912802785857e-02,-2.333744497237628251e-02,-8.260665441876821960e-03,-1.395293716755145567e-02,-1.806238538948408759e-02,-1.002165509533932755e-02,-7.943606704137037497e-03,-1.095516715006854963e-02,-1.529420204733199923e-02,-6.059489074735628644e-03,-7.718118024730924280e-03,-3.862629435349274228e-03,4.751732654584642397e-03,2.772296422396175811e-03,-4.630198084640794673e-03,-7.652441353639049745e-03,-5.616572356023844317e-03,-9.793470725438929714e-03,-9.678089243141741946e-03,-7.439815069577984663e-03,2.655636710945395718e-03,4.539101912032576444e-03,3.228391219707682329e-03,2.531741202526716864e-03,-5.777663837882241610e-03,-8.822400751892486848e-03,1.160604467787592492e-03,-1.529998181621949113e-03,9.647595488506631976e-04,1.434742647435651927e-02,1.524599742827077893e-02,2.168511414212744015e-02,2.788174686904030045e-02,3.015671689236509856e-02,2.286579090463750769e-02,1.833072048258696865e-02,4.117284270570096411e-03,8.095925117944515609e-03,9.718933348226606317e-03,6.464947464365388557e-03,1.541680548215476620e-02,1.356408755643646706e-02,1.657968131432526263e-02,1.003401057496109555e-02,1.367985127965599956e-02,1.074461680345116174e-02,1.309825431884654307e-02,2.229207027692827262e-02,2.158963817504412630e-02,2.731301744065197518e-02,2.094293746857536082e-02,1.981048137935025738e-02,1.867086614060888342e-02,1.466970421884156335e-02,1.583575029247516475e-02,1.437492622630240011e-02,1.261783864940672212e-02,1.251544876459334717e-02,3.722119105620695645e-03,-7.320931556463843026e-03,-1.228076548312906358e-02,-7.431818586976409076e-03,-4.586370563868746170e-03,-7.030533545000397511e-03,-1.097812419562192721e-02,-2.958591374733478968e-02,-1.760495460702374282e-02,-2.532636221943363949e-02,-3.912176924146806845e-02,-3.481703468228426746e-02,-3.470617044985726402e-02,-3.830168209979364219e-02,-3.874653009898680611e-02,-3.098921746110676334e-02,-2.738699541590079375e-02,-2.073671209183731989e-02,-2.953582583250290855e-02,-3.791712586606008073e-02,-3.489145932447299675e-02,-2.683446571789017618e-02,-3.174408989974857737e-02,-2.747893101915332287e-02,-3.040186404924581295e-02,-3.966993518330966251e-02,-4.213382655230384077e-02,-5.225104492996258954e-02,-4.785083570848518847e-02,-3.802354825167241631e-02,-4.512661416809438109e-02,-4.311587446938915102e-02,-3.756216852880121804e-02,-3.440850393964178106e-02,-3.610516270863487615e-02,-2.846540056496724841e-02,-2.662003546658645026e-02,-1.993419354649775266e-02,-2.763253843600799176e-02,-3.721635445772090989e-02,-4.275174499727203009e-02,-4.071366124413942911e-02,-5.449558700833622565e-02,-5.496273703083781603e-02,-5.671854662992170670e-02,-6.476948666043096103e-02,-5.935954359492810750e-02,-6.458555018445596985e-02,-6.165982670643628538e-02,-5.610166525755190536e-02,-5.543537775511767768e-02,-5.640688274006635389e-02,-5.259806631417160427e-02,-5.064359630732570561e-02,-4.738561063154188291e-02,-5.327975438268771347e-02,-4.977287305826610941e-02,-4.460777400659448472e-02,-4.047260912179590636e-02,-3.284139983482416147e-02,-4.359299306459794160e-02,-3.572471645899247261e-02,-3.570842478032820733e-02,-3.372300237677786083e-02,-3.545956415586928173e-02,-3.439848960419369939e-02,-4.274064655694987530e-02,-4.920733526224169152e-02,-4.388646944918871140e-02,-4.348543388863575915e-02,-4.284550627650973720e-02,-3.499158889339554213e-02,-3.475006060150428316e-02,-2.953890385952905734e-02,-2.977283513391781530e-02,-3.954205225086122877e-02,-3.687908052204903753e-02,-3.521303735677137892e-02,-3.536286999816565940e-02,-3.117866464417817091e-02,-2.436281661986657368e-02,-2.337935533221242868e-02,-2.969494601831475580e-02,-3.442429170330904564e-02,-2.975758312882686302e-02,-3.473507165897088411e-02,-3.781562515243465372e-02,-3.796492049814140235e-02,-4.015495869181819749e-02,-3.268757688728077260e-02,-3.636939055161891865e-02,-3.348703187951513477e-02,-2.996788028594445444e-02,-3.709034761327962421e-02,-3.016355402305603492e-02,-2.690409421397864723e-02,-1.564176291118019035e-02,-1.446681275990707727e-02,-1.453771782847626537e-02,-1.771193188914009162e-02,-2.679966173798010304e-02,-1.783833238653525360e-02,-2.424058161485934462e-02,-9.569102222810927164e-03,-1.937869167527130759e-02,-2.595640983152078946e-02,-3.355069669266925320e-02,-3.264687549381517506e-02,-3.699027667247739570e-02,-4.516840792224643963e-02,-4.643233289502301381e-02,-4.292773891615482562e-02,-4.595169732415966407e-02,-5.110181204987063880e-02,-4.604181101880430727e-02,-4.643576389102457846e-02,-5.503189098219203601e-02,-7.241665432851063233e-02,-7.996549734505067897e-02
4.967990447921682429e-01,5.023554144553024070e-01,5.056486403240925132e-01,5.041611287532110630e-01,5.102945892096418801e-01,5.096266470091077583e-01,5.020888022562076669e-01,5.040199758915765438e-01,4.880116999366010955e-01,4.836020979901782257e-01,4.832433473786330036e-01,4.786441436969022245e-01,4.713310389338685735e-01,4.727359177925337108e-01,4.698829380609081952e-01,4.724784282123795087e-01,4.781440449301808671e-01,4.784720116275141266e-01,4.841536246857909287e-01,4.876096314330012338e-01,4.887193912043354405e-01,4.807038650169878080e-01,4.790605894375052354e-01,4.733518791033313744e-01,4.706501156606617275e-01,4.778149469129178706e-01,4.797267964610693047e-01,4.961672966704168686e-01,5.056788767989397471e-01,4.988697016834497955e-01,5.200936470382155896e-01,5.211851111446387241e-01,5.263250624427624480e-01,5.190351190087072464e-01,5.144112223708806608e-01,5.078646348473990768e-01,4.996607586217246544e-01,5.114510418931751401e-01,4.966255915172501090e-01,4.984772112250709375e-01,5.009958321598932951e-01,4.943330710064002265e-01,5.025738200072211725e-01,4.888538571534554733e-01,4.884115888150290519e-01,4.939132840426666560e-01,4.870595888566797149e-01,4.899519627945080891e-01,4.873754068835581821e-01,4.922489926534830418e-01,4.982139588335863789e-01,4.916708567528779716e-01,4.859440592557496830e-01,4.874580462981210061e-01,4.792288524825690788e-01,4.737915103744703704e-01,4.666329339430850820e-01,4.705099475652250174e-01,4.768180068584181308e-01,4.768583871449368350e-01,4.850044174811843911e-01,4.897160828603984162e-01,4.775212521372673713e-01,4.730861037853240636e-01,4.687742761623423515e-01,4.660760336634325873e-01,4.636400259246365452e-01,4.638607188820418337e-01,4.630383137465295396e-01,4.679698419262350306e-01,4.693704349664301612e-01,4.615294261574735546e-01,4.606914720587150791e-01,4.565045699796719259e-01,4.539776983633820318e-01,4.503829131779796269e-01,4.431927657862033132e-01,4.408239184984969472e-01,4.395691253159557665e-01,4.371244975437921232e-01,4.329046143370549604e-01,4.335663109562645778e-01,4.365871087800423100e-01,4.353592448972626316e-01,4.372649009179075952e-01,4.410641658319551794e-01,4.350647039200034039e-01,4.343681105138365584e-01,4.351331335017208923e-01,4.305097280394540871e-01,4.290683934338169192e-01,4.328433046875951318e-01,4.444960289760142569e-01,4.396159728879450168e-01,4.478404535483225257e-01,4.450234040643284428e-01,4.447129757649250226e-01,4.484517828584582699e-01,4.487632178794843107e-01,4.488009209571698910e-01,4.445909452206849299e-01,4.479795273920222365e-01,4.558995326315065100e-01,4.653255337618789067e-01,4.651332408459852297e-01,4.768669199460390806e-01,4.758198790568277659e-01,4.672040584915219119e-01,4.688368706101087580e-01,4.601076396228273024e-01,4.521718291826393732e-01,4.434218840636137138e-01,4.481528302231176375e-01,4.494240134230014783e-01,4.524990071283074289e-01,4.454993355603242278e-01,4.357481320696504623e-01,4.339985639959795805e-01,4.306947020060747366e-01,4.243800595565260236e-01,4.212543412444891833e-01,4.193850077752440120e-01,4.122659516788033107e-01,4.051634004360199492e-01,4.064235395479248170e-01,4.152163223280663784e-01,4.175680941950644653e-01,4.209685996218964776e-01,4.205976366354076679e-01,4.181525959923011460e-01,4.101569839807917006e-01,4.126283889788800452e-01,4.232708397894681118e-01,4.262927161059193448e-01,4.233520297113793629e-01,4.346033186816902205e-01,4.181349699824286614e-01,4.094175571040075123e-01,4.129286194613364103e-01,4.168018835178067261e-01,4.180230955923104896e-01,4.232087830600236300e-01,4.349175285705141336e-01,4.289590674580480711e-01,4.237748166846668774e-01,4.121236356427012137e-01,4.106147034426264053e-01,4.061867838544456211e-01,3.997388614061781476e-01,3.940214816264951958e-01,4.041851427435341204e-01,4.084349875031377253e-01,4.103998422257667533e-01,4.106013193531765082e-01,4.120307308372231914e-01,4.102280369304119323e-01,4.025700098436600927e-01,4.041280102308810185e-01,4.046319322235841787e-01,4.050483205836553635e-01,4.173899724296185054e-01,4.200631695021869172e-01,4.127041448801440082e-01,4.198360906729438069e-01,4.204461967307361880e-01,4.161985440667686498e-01,4.291098812309563915e-01,4.302755273477960607e-01,4.255538239796745614e-01,4.242330145322150692e-01,4.338563115132861303e-01,4.289080733048480920e-01,4.283525733208837782e-01,4.248471000851776758e-01,4.223069571989567783e-01,4.304162622032981500e-01,4.289142046350912230e-01,4.322126949868577150e-01,4.333474193368657135e-01,4.411057151850618085e-01,4.416413891484162191e-01,4.465776506875547835e-01,4.449146708933611194e-01,4.456957113731501718e-01,4.489142741637395795e-01,4.440452089432438965e-01,4.399879744322631736e-01,4.394625484005807436e-01,4.354811919492679317e-01,4.439929691482414342e-01,4.307021885411337903e-01,4.468627582086855399e-01,4.482200477060127031e-01,4.451359613381061231e-01,4.481910711653794288e-01,4.441012521594449591e-01,4.469875394412183844e-01,4.425013875460749868e-01,4.417475515624633142e-01
-4.337120150474483432e-03,-6.022690251030759362e-03,-3.660045370742041893e-04,5.420357912019719508e-04,-4.654644552951765421e-03,-1.097083760664320159e-02,-2.050465523260376968e-02,-1.207479446890325110e-02,-7.183996372261990115e-03,2.933946372350275389e-03,7.201507904457460536e-03,9.726982891554106919e-03,1.384331363879109933e-03,9.248625845354407037e-05,-2.684141518183953343e-03,2.224067598793763416e-03,1.394491751222334212e-03,-7.536274468942304183e-03,-1.223044294979097960e-02,-4.522831435316317442e-03,-3.062969906544379950e-03,-2.103441665375785450e-03,4.634127552969664887e-03,1.252424054766973320e-02,1.488013577402272011e-02,8.594364451852295334e-03,1.175243043690590156e-02,1.051423896093292565e-02,8.230699370465409392e-03,1.926880075665117834e-02,1.553643442422302477e-02,2.058223151530301845e-02,1.760127931046446756e-02,2.297910624323625667e-02,2.502918125881172656e-02,2.564934023130809038e-02,1.753104372704822680e-02,1.471538240676928400e-02,1.180317148365867680e-02,1.642076658482335277e-02,2.370412772551080960e-02,1.611008960157068320e-02,3.697845911390766627e-04,-3.451191208745036602e-03,-6.272051673945120906e-03,-5.257240447736646199e-03,-1.107857962693424396e-03,-4.485032162894770497e-03,-1.237071268118031427e-02,-1.136655000925211774e-02,-9.341489498638489569e-03,-1.925994222053296900e-02,-3.089407511155877264e-02,-2.988812167209569867e-02,-2.852534301527129973e-02,-2.184537854887114161e-02,-1.975672638947309490e-02,-2.708611986169530764e-02,-2.820909539942081240e-02,-3.179867601443562425e-02,-3.060686034599209224e-02,-2.818513957602539546e-02,-1.711378888651215319e-02,-2.939167038828821230e-02,-3.462155868667735059e-02,-4.195134715391644897e-02,-4.183110151165409657e-02,-4.220482601752528762e-02,-4.619987137583805165e-02,-3.717046766079172559e-02,-4.122617718068659343e-02,-5.502298362759103223e-02,-5.760712137873386790e-02,-5.063920992931233989e-02,-5.239547688622111371e-02,-4.948715666860756951e-02,-4.592664694262948988e-02,-5.763338302936582558e-02,-6.625392149775051476e-02,-7.118884728024223174e-02,-6.910409925946707499e-02,-7.072050915474967225e-02,-7.476881550426878187e-02,-8.489492727095786229e-02,-8.494506070389712393e-02,-8.659496066501023992e-02,-1.024539351452295743e-01,-1.058173100593260835e-01,-1.186898538772696993e-01,-1.024520611494956213e-01,-1.035429608644198168e-01,-1.094324726459684621e-01,-1.111239781513792407e-01,-1.203014959432408271e-01,-1.151191570165165379e-01,-1.174934275636526498e-01,-1.108033860152744382e-01,-1.062346932867212490e-01,-1.122588723791062282e-01,-1.184221608098747353e-01,-1.247108530374922836e-01,-1.246519584766109384e-01,-1.274655032053249037e-01,-1.225048634914688434e-01,-1.373808567823516791e-01,-1.389487033995921994e-01,-1.403503132661975961e-01,-1.288101574689679563e-01,-1.169109509073775199e-01,-1.219788078226752004e-01,-1.240598998289121763e-01,-1.273433060734330824e-01,-1.248724113885552600e-01,-1.288443379377807452e-01,-1.327290012265771868e-01,-1.352747903131843454e-01,-1.421887278168068036e-01,-1.454618896478528101e-01,-1.464108545797896954e-01,-1.479724656608235045e-01,-1.481509102919130183e-01,-1.423786478452382931e-01,-1.462588982325065956e-01,-1.464927697533172368e-01,-1.470961696682869246e-01,-1.514230392914056034e-01,-1.534752708344297722e-01,-1.432942811218694545e-01,-1.432774973492915438e-01,-1.381718044894325592e-01,-1.450981419058431365e-01,-1.448301662947326929e-01,-1.389551123539831123e-01,-1.451837048485102866e-01,-1.441682905344629784e-01,-1.441824614252567582e-01,-1.481712437253434878e-01,-1.516856934712824678e-01,-1.508677328204608981e-01,-1.580207474819763924e-01,-1.633584166034242058e-01,-1.541054963058960947e-01,-1.703114276758430634e-01,-1.728784763630722698e-01,-1.749426180660068331e-01,-1.760402534332771995e-01,-1.837943667839111450e-01,-1.847913936314912464e-01,-1.823625596768957136e-01,-1.853328555742720651e-01,-1.744872320129403076e-01,-1.800492521810385660e-01,-1.692017153660008710e-01,-1.723306422069681987e-01,-1.712389387340438884e-01,-1.628465507684861702e-01,-1.590312189188280989e-01,-1.572207876699106832e-01,-1.499744842383680110e-01,-1.426489958916753731e-01,-1.446941972176393754e-01,-1.539638292048368662e-01,-1.561770813894843568e-01,-1.466928934760488024e-01,-1.580283208366040082e-01,-1.570048694472483408e-01,-1.606358745621793427e-01,-1.601188918734936517e-01,-1.523047145430318494e-01,-1.620391186081945323e-01,-1.690947749633045782e-01,-1.743291592238580545e-01,-1.805692134430735563e-01,-1.828002292131959694e-01,-1.806887658071488212e-01,-1.941246129915639718e-01,-1.950321657959412924e-01,-2.017471464582219487e-01,-2.024758282391381781e-01,-2.036189007529669026e-01,-1.947556409531796262e-01,-2.074796226965628931e-01,-2.067638915553081103e-01,-2.101683435760112462e-01,-2.157360658796766972e-01,-2.191197907408438394e-01,-2.294954631300221148e-01,-2.351421240474612095e-01,-2.359391365617320990e-01,-2.379082908982324274e-01,-2.284526890549597455e-01,-2.252452681623548780e-01,-2.384282652554911563e-01,-2.375711967811415526e-01,-2.341704967504296409e-01,-2.265572218736023047e-01,-2.258029175234069208e-01,-2.349265266357123128e-01,-2.287545578391274592e-01
-6.673230307838956196e-03,-1.101392631244389568e-02,-2.026085941438395682e-02,-2.049900360928353857e-02,-2.051750273666044094e-02,-1.836573643137259099e-02,-1.759306130702295579e-02,-7.638508722133556528e-03,-6.601013174810858690e-03,-4.138201969672816206e-03,-8.487679152813605229e-04,3.745946088990068784e-03,-1.122064593763432393e-03,1.529297047741932144e-03,-3.726191519706454746e-03,3.279771570964974420e-03,6.156336052821451306e-03,1.280250717831142755e-02,1.467607956433427882e-02,9.334210623899743403e-03,-3.490548902073750334e-03,5.319358115306000584e-03,-1.579096046386779285e-03,-1.541155564651567819e-02,-2.057538418812938918e-02,-2.194208283843877838e-02,-2.247619285828110144e-02,-8.186621607589169777e-03,-1.310321851127088308e-02,-2.667158675570922843e-02,-3.426358303264459559e-02,-2.990958552791383313e-02,-3.668524364457144415e-02,-4.850560449337072699e-02,-4.754593318141635966e-02,-4.735926832144186915e-02,-4.501050548239994564e-02,-4.662058672174432261e-02,-6.403197866990495424e-02,-5.813904791781794590e-02,-5.701225244527443475e-02,-5.664642115182173809e-02,-6.047407297879694998e-02,-5.325602646618966124e-02,-5.414633848796542026e-02,-5.742560744638356557e-02,-6.803598062534618740e-02,-6.062300164022393911e-02,-6.323754035269951723e-02,-5.750413124419383182e-02,-6.054822416240338012e-02,-6.382453367955412404e-02,-6.695826103210091029e-02,-5.093384034512996039e-02,-4.945913726084603945e-02,-4.376309898165069157e-02,-6.046868723731934486e-02,-6.023109799122809693e-02,-5.820371477538494043e-02,-6.287134161957519396e-02,-7.130540482432577709e-02,-7.490083150207393903e-02,-7.681005465527829257e-02,-7.617557094484769808e-02,-8.208702985021106013e-02,-8.376140504582089974e-02,-8.820386357303758307e-02,-9.360973643458142535e-02,-9.186156278681012477e-02,-8.644236832898931355e-02,-8.897084062052708353e-02,-8.517095396331657298e-02,-7.970768659655402821e-02,-9.186527959317494774e-02,-9.647293877260605666e-02,-9.755147867304903020e-02,-1.004119654770359998e-01,-1.056338601067401961e-01,-1.132685109430500436e-01,-1.131170798298286734e-01,-1.001645285159601939e-01,-9.330740738316919969e-02,-9.715712626370649752e-02,-9.859764115727330525e-02,-9.504119255827019053e-02,-1.092788183949127828e-01,-1.205610048404014700e-01,-1.042781842174090035e-01,-9.479370146155595422e-02,-9.685481489221663132e-02,-8.850701592106344218e-02,-9.044004695460315657e-02,-9.592838264037566176e-02,-9.386417141204225767e-02,-8.004629499936766202e-02,-8.187648209383979747e-02,-8.113312900076447010e-02,-8.487348844922636137e-02,-9.535057906167598851e-02,-1.020244721831928270e-01,-9.939526881612685549e-02,-1.032800171701584724e-01,-1.049447051210323917e-01,-1.060569419826723342e-01,-1.053672124662351495e-01,-9.771513581383529934e-02,-8.900649239575193772e-02,-8.127707379370020802e-02,-7.974060712246154592e-02,-8.747124454570741336e-02,-8.284937621244943540e-02,-7.585332007162086387e-02,-7.605652848682904754e-02,-7.843136099701140951e-02,-6.929872618136462270e-02,-7.123548677027431719e-02,-8.199831507338324610e-02,-7.973640928829120456e-02,-7.881703634979048134e-02,-9.223344599361668616e-02,-9.256923927997595669e-02,-9.230891965310114577e-02,-8.882837389047011645e-02,-9.023595199026965274e-02,-8.461917065975170515e-02,-8.220084196841653812e-02,-7.642430729201009354e-02,-6.941764484274277891e-02,-5.994867946384145607e-02,-6.255454073009011906e-02,-6.523894687119143054e-02,-6.415207904568824560e-02,-7.659246848326647927e-02,-6.968530344221166017e-02,-7.542336133890016614e-02,-7.257704033872305893e-02,-6.931939998042561946e-02,-6.372300213537220037e-02,-6.920905948282544962e-02,-6.560653513095228428e-02,-6.273293024176461452e-02,-6.292859359374886052e-02,-6.177791608500299986e-02,-6.184870648114824260e-02,-5.821171759082081204e-02,-5.466187990782896133e-02,-5.799332780770541373e-02,-6.081456463389889322e-02,-5.247166525451647801e-02,-6.296476191724188765e-02,-6.370864756664110229e-02,-5.702929124674692429e-02,-5.809515449277723176e-02,-5.465579373314626704e-02,-5.328436177794569628e-02,-5.644413928542932335e-02,-5.017254593115216127e-02,-4.829903616484970685e-02,-4.483222956935059567e-02,-3.487266216466656382e-02,-3.363325516156031453e-02,-3.980252534788216584e-02,-4.823138756212305006e-02,-6.113309447688122789e-02,-6.433248603135650889e-02,-7.986510254866172054e-02,-8.060252346152962932e-02,-8.409758405231566869e-02,-7.155986185010236589e-02,-6.452590227941934486e-02,-6.649029788095009441e-02,-6.954463919344527900e-02,-7.033736037567908661e-02,-7.184215499231626223e-02,-7.115936573110814845e-02,-7.319815221520495352e-02,-7.912491333067542265e-02,-8.151569450183229759e-02,-7.446961155446062131e-02,-7.338888843877749979e-02,-6.986067681438914989e-02,-6.894841232454375357e-02,-6.349758986297078522e-02,-6.671645235145928776e-02,-6.283464433708309260e-02,-5.494309247371269300e-02,-4.137819152135714662e-02,-3.425734634602367601e-02,-2.905439616365467978e-02,-2.639323381302371291e-02,-2.303038655463966744e-02,-1.936415471410875971e-02,-1.990514309434948670e-02,-2.015291591563386775e-02,-1.420372321962312494e-02,-8.664063614369641592e-03,-5.792889976544011305e-03,-8.468345466604212252e-03,-2.018610546631562780e-02
2.542604780181866551e-03,7.596154287398297796e-03,8.866524763716208957e-03,-4.565183891020020354e-03,-1.050848517210740615e-02,-5.606130563059758508e-03,-6.159727844299792664e-03,-1.615198523929746097e-02,-1.831221085162657719e-02,-1.397423602313109699e-02,-9.859511039414072323e-03,-1.265392702415389301e-02,-1.526304944435481238e-02,-8.681768635755260366e-03,-1.275309321715061353e-02,-8.335758817713898733e-03,-1.336800764026691013e-02,-1.768713218279645630e-02,-1.678921653178794618e-02,-1.700554643828612947e-02,-1.546782961734209476e-02,-1.659321008358858110e-02,-2.220097934339311865e-02,-3.009757849012734479e-02,-3.774707956051645552e-02,-3.659463462127023753e-02,-3.911985488806282024e-02,-4.674803568758813949e-02,-5.216443830545677146e-02,-4.851579025571778336e-02,-5.508200858778607156e-02,-5.526871082296565263e-02,-5.089637426278850046e-02,-4.281181950492654598e-02,-4.318392674466962899e-02,-3.905179359988574656e-02,-3.512195534276395942e-02,-4.518954498882388204e-02,-5.038679166168805179e-02,-4.210849409260611353e-02,-4.212081774162872161e-02,-3.854193849329277249e-02,-3.877501982257264279e-02,-3.106681880764979031e-02,-3.139940392040448114e-02,-2.758661184377738870e-02,-2.308885977028391281e-02,-2.603773131949587566e-02,-2.308014009648278256e-02,-3.085547457068342839e-02,-3.191865980257978935e-02,-3.648157303882147706e-02,-3.312927698824266742e-02,-3.125467946690087262e-02,-2.624894119621461186e-02,-2.406798024229662991e-02,-1.313743178921236363e-02,-1.743585856280584212e-02,-2.248928641415984600e-02,-1.750983845128106439e-02,-1.345553370820804645e-02,-1.948969456865075681e-02,-1.673875265089955558e-02,-9.534309920611872685e-03,-1.092180121763928341e-02,-1.285572426271834427e-02,-1.439638688876889762e-02,-1.218808543251816492e-02,-2.404464756802507375e-02,-2.492478914828446385e-02,-2.774694500855109935e-02,-3.281729286286017011e-02,-3.296674121118330081e-02,-3.262930750166338767e-02,-3.173488490729000494e-02,-2.489148237420371612e-02,-2.014928348349892540e-02,-1.415312894545144549e-02,-2.234421741525408067e-02,-5.517893891580985533e-03,-2.100958615503989435e-02,-2.243642377652198261e-02,-1.098746170156444414e-02,-2.476458997428968717e-02,-1.750847853538004678e-02,-2.524318459201153192e-02,-2.672536320579603497e-02,-1.920313457004008822e-02,-2.294047672685610439e-02,-2.064869372022168359e-02,-2.031375818779065576e-02,-2.388847771541024317e-02,-2.520925895099137420e-02,-2.785881916917758508e-02,-3.257157556227174150e-02,-2.826518119545257807e-02,-3.824591887287263903e-02,-2.818146033403325437e-02,-2.755665033868022473e-02,-3.752279184780503429e-02,-3.982977741466606908e-02,-5.145567684006423920e-02,-5.532707347455324137e-02,-6.703951553642489847e-02,-7.140015675956784547e-02,-7.963014878055563184e-02,-9.127809644150891577e-02,-9.737437803085512156e-02,-9.560768922765652822e-02,-9.015101983392907747e-02,-8.594731687014341148e-02,-9.707328473354985554e-02,-9.906571325070914757e-02,-9.442212469760770388e-02,-9.411782199441420804e-02,-9.623152978188052875e-02,-9.397612270894638298e-02,-8.008297787085670583e-02,-8.133702656650262930e-02,-8.046213913556038433e-02,-9.097105269654370829e-02,-1.006892741506708183e-01,-1.104042153585775010e-01,-1.063986396702988196e-01,-1.054563268855141650e-01,-1.081379412962370362e-01,-1.134621069968103219e-01,-1.093054479199614126e-01,-9.901378984031797281e-02,-1.135456574977092292e-01,-1.206321631665564220e-01,-1.218105174942250846e-01,-1.296488838181914238e-01,-1.294895725117846397e-01,-1.291504331408626916e-01,-1.286563008271913167e-01,-1.322004353012530276e-01,-1.378956822576919428e-01,-1.348712533283441817e-01,-1.350796624331128404e-01,-1.288806652961836385e-01,-1.204565513434282809e-01,-1.154618758575880616e-01,-1.182330354071723516e-01,-1.135544307792742819e-01,-1.162443721244915962e-01,-1.150695126084503028e-01,-1.229862461599204593e-01,-1.229977676839836553e-01,-1.271691541273154702e-01,-1.410374002723432940e-01,-1.282425249695829383e-01,-1.245905900544506256e-01,-1.245737105009270818e-01,-1.192361750986506569e-01,-1.143340954559201178e-01,-1.062878863621277287e-01,-1.109001471328938115e-01,-1.016248230777130335e-01,-1.021636000731360461e-01,-1.009315235925424409e-01,-1.066439162986719397e-01,-1.042418097553388240e-01,-1.046547722515433487e-01,-9.780019461961381166e-02,-9.401441520554214282e-02,-9.757624952651117178e-02,-9.735794270022343766e-02,-9.861248817975999670e-02,-9.240644591225934124e-02,-9.925126203939352298e-02,-1.022238485739464381e-01,-1.057269418983207004e-01,-1.005928026605341086e-01,-1.004831860319126968e-01,-1.028166409736136488e-01,-1.080974053240049415e-01,-1.056658289133085710e-01,-1.059431853105973348e-01,-1.045720129106035706e-01,-8.867868886038640652e-02,-9.044317595497362861e-02,-8.882883047572509572e-02,-8.967466446186445062e-02,-9.707768047965475988e-02,-9.210464992009112506e-02,-8.577789959080804605e-02,-8.450491696148434984e-02,-7.834953008709076572e-02,-7.481688220581843296e-02,-8.665940830267560013e-02,-8.194793747625145341e-02,-8.417368740971833962e-02,-8.788840278514258031e-02,-8.056168963822758766e-02,-8.917803473551297322e-02,-9.284938090547632805e-02,-9.622997373544478483e-02,-8.626491739628201760e-02
-6.262939994910263035e-03,-9.871211434553307795e-03,-2.856506624836437774e-03,-1.622438223037368874e-03,3.914630828777309474e-03,1.434730326590009410e-02,9.356893612080583941e-03,3.009805770369667309e-03,1.501651630042162219e-03,4.994844862881525800e-03,-4.463472235381315580e-03,-2.414477247795056639e-02,-1.736440906778471266e-02,-2.330124316373186413e-02,-1.552516298957955926e-02,-8.634555432336198447e-03,-6.319958744959426264e-03,-4.268444081279649388e-03,-1.180932692481532695e-02,-2.833920701074676626e-02,-2.421497862805642096e-02,-2.671733050611808241e-02,-1.712119095505585525e-02,-1.226538880695670491e-02,-1.551911493041833665e-02,-4.838247998061345756e-03,-6.646633203168854885e-03,-9.028873924452632260e-03,-7.286316293741922426e-03,-1.616772912840464677e-02,-1.242334060550754835e-02,-1.562935416730461616e-02,-1.830710268831220455e-02,-1.531157483603291444e-02,-1.583686941052370525e-02,-1.278696424205643875e-02,-1.310609625076799775e-02,-1.303255942201356904e-02,-1.155928232223528418e-02,-2.180632303634814223e-02,-1.671551686794399416e-02,-1.596425618185305997e-02,-2.124304307292634170e-02,-2.891310787119339212e-02,-3.242952633434770943e-02,-4.170436385755595804e-02,-3.183298677666188126e-02,-2.521866193212152218e-02,-2.951958429487567051e-02,-3.194291127761692689e-02,-3.867132894787390918e-02,-4.363011956197015984e-02,-4.868951546860932761e-02,-4.745562812762306459e-02,-4.672233908365253791e-02,-3.963631030304923253e-02,-3.999337327153532767e-02,-4.022903091219168226e-02,-3.265179966242594267e-02,-2.755382268690305045e-02,-2.711798243614189224e-02,-3.146314544172105349e-02,-2.648814801578044942e-02,-2.640755762779833579e-02,-2.564645281136881602e-02,-2.521036228267371782e-02,-2.513110623074565897e-02,-2.129186203052933768e-02,-2.801694495205775057e-02,-2.126814896142378494e-02,-2.667648837845129628e-02,-2.933899048298631643e-02,-1.913656772980831117e-02,-1.858225758200693009e-02,-2.562100416641578324e-02,-3.005891975948784753e-02,-1.782276007350717256e-02,-1.270017634052440086e-02,-2.122267448571999934e-02,-2.573932634929688990e-02,-3.446084254231627370e-02,-4.766195605719200645e-02,-4.363127364027349908e-02,-3.262810631665094552e-02,-3.592428995495220573e-02,-4.197256247534985468e-02,-4.213627669764909850e-02,-4.669241964124647842e-02,-4.161751142638967643e-02,-3.561315003848210953e-02,-3.802774018928208738e-02,-4.296845103871077542e-02,-4.603421640290519118e-02,-3.856232882935579920e-02,-3.899362567863179363e-02,-3.521015088778206570e-02,-3.948587153480451195e-02,-3.602423198318645270e-02,-2.535136555064158859e-02,-2.937497419216897332e-02,-1.800325510406633467e-02,-2.465399125486074372e-02,-2.758660191603726913e-02,-3.246174054451146651e-02,-3.040053033204595523e-02,-4.457911079978162106e-02,-4.963562092231303680e-02,-5.661569966062934139e-02,-5.079446800944931867e-02,-5.487999736984089383e-02,-4.862761177786800032e-02,-4.366558572124572268e-02,-4.767126314259181874e-02,-4.463058157452087088e-02,-4.040206293836725443e-02,-4.639668297664750057e-02,-4.901907225913414851e-02,-4.200484204140558092e-02,-5.234557220389265964e-02,-4.757944605004601341e-02,-4.319555175720971030e-02,-4.403878663768191759e-02,-3.591437019054107005e-02,-3.396906561049400919e-02,-2.410590110738353165e-02,-2.900369765192513383e-02,-2.707971044553159762e-02,-2.301201666134254295e-02,-2.139953385164108587e-02,-9.495104816635433626e-03,-7.581600096706020767e-03,-1.484913516669946962e-02,-1.443273169184572206e-02,-1.742604964757702921e-02,-1.883259867431890527e-02,-2.498013549846534939e-02,-2.923937259030148089e-02,-1.840627991617293027e-02,-1.765277683018989796e-02,-1.795168007827637260e-02,-3.547999522341622330e-02,-3.036034941417538324e-02,-2.703834769468038690e-02,-3.190896989185996319e-02,-2.434253177920317132e-02,-2.086250135018261759e-02,-2.805083101976454593e-02,-3.630183117500308809e-02,-3.526696089842604881e-02,-3.339874772871340158e-02,-3.273237753114694587e-02,-3.514175217299229242e-02,-2.283654172662839821e-02,-1.525714581197402941e-02,-1.529031582555490099e-02,-7.024782573895813065e-03,-1.136815640893692678e-02,-6.533910832608664718e-03,-1.348562770060690932e-02,-1.488206967866215549e-02,-1.512573391962485428e-02,-2.308374673432032897e-02,-1.941541173830236763e-02,-2.674343451048748557e-02,-2.997022943643247450e-02,-1.757182284342051481e-02,-1.477488127264989237e-02,-1.607718512081449461e-02,-2.090788350557147915e-02,-1.860372340307371933e-02,-1.448311027915826291e-02,-2.255237427003550787e-02,-2.600875386019901869e-02,-1.443431762323597704e-02,-1.640034532037393591e-02,-1.256952698052916061e-02,-2.312103412055448171e-03,-1.183760379618523442e-02,-5.994847339188540299e-03,1.182084803271915910e-03,6.908950930624299484e-03,9.079819429865130728e-03,8.249166777828016023e-03,-1.369552970226402266e-03,-1.205790317611026355e-02,-2.541526368803766894e-02,-1.869737300439463373e-02,-1.382366931107072670e-02,-4.628410947714637139e-03,-4.190156904029370896e-04,-5.270907426145516467e-03,-6.336046535993924284e-03,-5.149645624867998060e-03,-5.999426040457032233e-04,-4.069825668278041417e-03,9.962625159493469773e-04,-2.301798617426353832e-03,4.004341689448268245e-03,1.939099624097953990e-03
8.159236483805825529e-03,9.257011258174661222e-03,1.612985157204041564e-02,3.938884300536609623e-03,7.160984725177755097e-03,1.930165756104666730e-02,2.222109339304469133e-02,1.299534827346610945e-02,2.512205476406887891e-02,1.852642098963127107e-02,3.092834145364375953e-02,2.418160420491227702e-02,1.042159934383262224e-02,1.518104209642033922e-03,1.372753893296720876e-03,-4.221091237433031301e-03,1.741620269434244160e-03,-1.137582773478170578e-02,-2.289098144557048797e-02,-1.708314732474778067e-02,-1.770960438458561367e-02,-2.179269934206687007e-02,-1.829801579944061521e-02,-1.881469761248002678e-02,-1.786648392702332513e-02,-1.749505976282434219e-02,-1.452389197360874802e-02,-1.741513533632106647e-02,-1.762296520147917100e-02,-1.511808920253837098e-02,-2.096003658252595936e-02,-1.410052322953022144e-02,-2.273904663857118785e-02,-3.559137174931133185e-02,-2.377402617395859424e-02,-2.169758323556265564e-02,-2.255870126855766961e-02,-2.306831196643204310e-02,-2.393946559531870411e-02,-2.078829561279778304e-02,-3.244993332835593297e-02,-3.686013460093342381e-02,-4.067585762546007538e-02,-4.246450848247618204e-02,-3.690585488044535734e-02,-2.828089637661388572e-02,-3.509219699168781431e-02,-3.911948957944595684e-02,-3.467642936935074610e-02,-2.098578103922365407e-02,-1.593892660679301770e-02,-2.604176275130731105e-02,-2.037222803042630648e-02,-9.249614610554540706e-03,-1.812290616983067149e-02,-6.306054946575292280e-03,-7.384541559076588518e-03,5.498619396348842364e-04,-2.462196814378962099e-03,-9.440960994138087800e-03,-1.511912928316478180e-02,-1.593774204458383789e-02,-1.379792711056893051e-02,-9.601691057817494587e-03,-1.086998135572958199e-02,-6.949673778958375195e-03,-8.332284038989695718e-03,-1.258138127367107277e-02,-5.442519502686906686e-03,-7.471771569736270630e-03,-7.100422626325468382e-03,-3.054309949190127382e-03,-3.384792605942283077e-03,-5.547300165603110018e-03,-1.130793674934262721e-02,-1.733638092046791562e-02,-2.660690117061080551e-02,-3.523370894324580338e-02,-3.590972572008767350e-02,-2.103605540783644312e-02,-1.464102148102999768e-02,-2.563388695038255199e-02,-3.114104317410533451e-02,-2.976134248729299381e-02,-4.142257459696858934e-02,-2.924506414040528579e-02,-3.194727750778531689e-02,-2.053061909464497237e-02,-2.171545447077859181e-02,-2.530581602330785745e-02,-2.335424022756147841e-02,-1.929927941654063436e-02,-1.221476120580036219e-02,-1.920140173245511728e-02,-2.764225387429926004e-02,-2.688925959458276019e-02,-2.421822424656916439e-02,-2.598443339356449125e-02,-2.974062704712361963e-02,-2.555356101870530361e-02,-2.483073777769461560e-02,-2.159145564927852576e-02,-2.499868063337415749e-02,-1.467371466914614390e-02,-2.237356595454798036e-02,-1.564007608285879897e-02,-1.482518276288629158e-02,-1.558758994579658580e-02,-1.304711027144700095e-02,-1.671095544730460611e-02,-2.089756721698454375e-02,-2.705015436511003235e-02,-2.925115148822208730e-02,-4.282066025765633721e-02,-4.149848150253997864e-02,-5.781280922832349178e-02,-5.493166259525111839e-02,-4.169896639608600131e-02,-4.181372889131104026e-02,-3.972535800038102388e-02,-3.808222077364328828e-02,-4.124968385041679481e-02,-3.990120125380639676e-02,-3.607011392075501477e-02,-3.537592983087460563e-02,-2.696960513880606453e-02,-2.740640024613265335e-02,-3.832485184852759547e-02,-2.643647162782732443e-02,-1.812076259820297533e-02,-1.906723827246389544e-02,-1.828469842617079164e-02,-1.334997776962599560e-02,-2.010016930870297397e-04,-8.413930131609102109e-03,-8.682638539935536720e-03,-1.116741263379823247e-03,1.742349574102293724e-03,2.544296986980409004e-03,4.401244976692379220e-04,-1.117274655900767077e-02,-2.038602191609450304e-02,-1.332637985998606431e-02,-5.719274140267479808e-03,-1.017893574073570895e-02,-1.291069952022367781e-02,-1.843719267621230645e-02,-1.927720868120630024e-02,-3.488654341019890165e-02,-3.955363077128830340e-02,-3.648740044334236599e-02,-3.849241058304222335e-02,-4.195537783446955798e-02,-3.861970700788612543e-02,-4.257325560793427666e-02,-3.968921438186948786e-02,-4.784444244147879194e-02,-4.175643590381294262e-02,-3.946727157138234937e-02,-3.708193197226085369e-02,-4.505679955495255073e-02,-5.047556311385341388e-02,-5.936869782550666108e-02,-5.796713405917520295e-02,-6.335759770719777417e-02,-6.912527372970908579e-02,-7.659163905248830839e-02,-8.008011525895465665e-02,-7.569958254909468776e-02,-6.983428231694413513e-02,-6.785730423614877438e-02,-7.375889075793616578e-02,-7.828992767210911363e-02,-8.188500287513048037e-02,-8.289823143513265491e-02,-8.688544426957803268e-02,-8.446328495275606807e-02,-7.858438292836134043e-02,-9.409213831358097246e-02,-9.335170966329225939e-02,-9.513916246857907766e-02,-9.895536464157479728e-02,-1.022619888464429416e-01,-9.917842699804417517e-02,-9.731700050063205043e-02,-9.361964145839322959e-02,-1.085905586286357305e-01,-1.084667432631432754e-01,-1.101050049010982856e-01,-1.116774476483001349e-01,-1.140850082661060139e-01,-1.035891370100985309e-01,-9.357034805247531339e-02,-8.811862445605918304e-02,-8.250594495860130717e-02,-7.756684047580132690e-02,-8.342779817908568818e-02,-8.529550737049462761e-02,-7.914111405417331713e-02
4.994359297462390088e-03,1.076177827983428557e-03,-2.531610133771451058e-03,2.572368196314332636e-03,-9.122153594957717673e-04,1.098779168007817542e-03,1.374774974386432265e-04,8.642835194596854009e-03,1.495637965951289450e-02,2.010349821523632619e-02,2.360075463127061721e-02,1.929279583806338405e-02,2.989402963166070543e-02,2.485178177452149195e-02,2.035737756995355599e-02,1.731378309473122559e-02,2.763551304505096340e-02,3.982986984310307038e-02,4.192390351164210216e-02,3.230176767838394136e-02,2.893738112454326619e-02,2.236355819659835084e-02,2.428493710061268088e-02,1.935987802279766010e-02,2.155646157289241652e-02,2.439245191396428522e-02,3.046435488106596576e-02,2.374957550850195775e-02,2.932432886324828902e-02,2.992841378858102086e-02,2.453708728575504372e-02,3.329316790809860871e-02,1.641917658026063181e-02,1.179272007334329631e-03,1.586048914103368361e-03,4.555250521247401416e-03,-1.832807381323564404e-03,-2.317435126444311686e-03,-1.218317583234613914e-02,-1.553309884023784324e-02,-1.929648694858596136e-02,-2.075971323673649407e-02,-5.217494687088533242e-03,-1.051832822169354933e-02,-1.500823509518820625e-02,-1.764403905322906724e-02,-1.740249156384840457e-02,-1.869276781508084559e-02,-1.573798527278728876e-02,-1.118799166310521093e-02,-8.857844956157887376e-03,-1.183520538768223669e-02,-1.111586613311440867e-02,-8.790482482626890345e-03,-8.403504500246438899e-03,-2.152982884988394879e-02,-2.228336765689459958e-02,-1.752324220711795610e-02,-2.326972871214701838e-02,-3.086766495764447366e-02,-3.922603117704737130e-02,-3.726953233407173660e-02,-3.324153363095317532e-02,-3.070224832299978460e-02,-2.753035891991206102e-02,-2.773433039764783281e-02,-3.328274293616709928e-02,-4.041956315939020800e-02,-4.362815476652207730e-02,-4.650269175312504027e-02,-4.982800653270060692e-02,-4.742545028244669891e-02,-4.408927758668644559e-02,-4.081022846484302219e-02,-3.072215667778709774e-02,-2.949828295162221919e-02,-2.987024612017704153e-02,-2.635705314220930517e-02,-2.418468075292324465e-02,-2.157099447754974933e-02,-1.812137381278496051e-02,-2.146164742199921024e-02,-1.818476790757781597e-02,-3.812158161643713211e-02,-3.745329654143069592e-02,-2.881939145663264465e-02,-3.555840307945279388e-02,-2.756806259351000238e-02,-2.623580457700300239e-02,-2.919575322700706729e-02,-2.659331299808942103e-02,-3.329330423507994435e-02,-2.919636936901054414e-02,-3.672879602724507531e-02,-3.755703120698660608e-02,-4.148662047866098074e-02,-4.939438817655742581e-02,-4.362393553520391848e-02,-4.040308553291395433e-02,-2.906361617031424927e-02,-3.321343841028229910e-02,-2.535519021513283136e-02,-2.306924753168294179e-02,-1.331330114680010467e-02,-1.433727406509531163e-02,-1.176338698559521723e-02,4.432566415490633849e-04,-5.253982868533279291e-04,-3.336630024155355385e-03,-1.187265253149205613e-02,-1.728038007653959207e-02,-8.676684168766820443e-03,-1.396662376518080680e-02,-1.886229076795074150e-02,-2.189130933683956087e-02,-1.811508285270774232e-02,-2.078815486612708291e-02,-1.216858637430073137e-02,-1.882746485369585221e-02,-1.527058516135038589e-02,-8.769637412388026770e-03,-2.585103792429356562e-03,-3.518831857895029797e-03,-7.543110282502804576e-03,-1.388581797737318407e-02,-6.698174122947471963e-03,-2.261233948381648033e-03,-9.220805368565312271e-03,-1.832303394609696885e-03,1.601785364623007669e-03,-2.540009422512517351e-04,1.057144152834745519e-02,1.589601182449522365e-02,1.392044906825053857e-02,4.095064369660578879e-03,4.828684600317129094e-03,1.440839956856355616e-02,1.168335042354962973e-02,1.912685212913001545e-02,1.757385889406384502e-02,1.518628393356949956e-02,1.354295134465504334e-02,1.057982962702272607e-02,1.946445617818373663e-02,2.349376975757604472e-02,2.218914850823142104e-02,2.029919008139555170e-02,2.131138548950217704e-02,1.791504164444014668e-02,1.403020511906172794e-02,1.785619235774762309e-02,1.793443485917829358e-02,2.267114323007897794e-02,2.105993553400802715e-02,1.872280319346815089e-02,1.577489970287968696e-02,1.266121810938740551e-02,7.971019878084541904e-03,8.323082148113203002e-03,3.432591324647167250e-03,5.506321291934714035e-03,1.280169631028361954e-02,2.043854747957069701e-02,1.485184959773598601e-02,9.431102011019338455e-03,1.159418663476195072e-02,9.043800348513318307e-03,1.145056580911439637e-02,6.077505591031848002e-03,1.992914005825764667e-02,3.314349294295283743e-02,4.102838882870158549e-02,3.976040838309645442e-02,4.189400929514556365e-02,3.994569239081738332e-02,4.407824622618084637e-02,4.144186696118978136e-02,4.474968419130044561e-02,3.680537813595791130e-02,2.750764730201269229e-02,2.241842570538166157e-02,1.448893361531676874e-02,1.386028294915816507e-02,1.971184821450946284e-02,8.466154862581572182e-03,1.570640217917947806e-02,1.016669091243642062e-02,9.837584464500278431e-03,-2.506244964231537850e-03,-5.250472699238261862e-04,5.268591513581523215e-04,5.861502887066386697e-03,3.428709787309539882e-03,-1.298769433660978273e-02,-1.301931611490397649e-02,-9.329241914174059638e-03,-6.686829701690388990e-03,-7.274231388447601268e-03,-8.363518400218020524e-03
-1.603949729613277043e-03,4.049129747165172016e-03,2.272635011162626225e-03,2.250577430818300872e-03,-8.307736182890015225e-04,2.222320027863894636e-03,7.677902646336167217e-03,1.592703283201501313e-02,1.668042003900343725e-02,3.151092039562033986e-02,3.698455823682565702e-02,4.003321733979136460e-02,3.696072740189715322e-02,3.382567958489295784e-02,2.849612599414705350e-02,3.203589774156349879e-02,2.788193966738439916e-02,4.107289073958000220e-02,4.065970952070131067e-02,4.430890490674437021e-02,4.709636255526079840e-02,5.246884848993083050e-02,5.650320718875131293e-02,5.331438880166691763e-02,5.477686983038108220e-02,5.618498397930161287e-02,5.879226766517431368e-02,5.239138047988368269e-02,5.349644050766024644e-02,5.414750546840323142e-02,6.839907403292611043e-02,7.617610126533162773e-02,7.747211884968516205e-02,8.328790595118479301e-02,8.483407064665249298e-02,9.901301637437011360e-02,9.839440482033497137e-02,1.032551038075476546e-01,1.053940550602205373e-01,1.091984584259938634e-01,1.196931460348163584e-01,1.100494080685197468e-01,1.163209135335979971e-01,1.271620936532229518e-01,1.250426951000452591e-01,1.240869683864537359e-01,1.160866648968607862e-01,1.137986049105558506e-01,1.110868444212524397e-01,1.092426865648446627e-01,1.025788033117962933e-01,8.289744396776962954e-02,8.788991055466376101e-02,8.078721874269578773e-02,8.509294019068147641e-02,8.309496337201854876e-02,7.688789130767433033e-02,8.421047727431589525e-02,7.549219818033978124e-02,8.089330064411263954e-02,8.401245625391864924e-02,7.686955898233316375e-02,7.835983209003170857e-02,7.914863079643130739e-02,7.927917741869143498e-02,8.472471919445523358e-02,7.963245921125612636e-02,6.915378646651484940e-02,7.197135291785797251e-02,7.045908874802789268e-02,6.580355292642831033e-02,6.662945493338591485e-02,6.404249138299009103e-02,6.596878842949778499e-02,6.349028171047602087e-02,6.168113611091195075e-02,6.475010334785893940e-02,7.296012799835993601e-02,6.634132933638085816e-02,6.815597079991052298e-02,6.317886112809176224e-02,5.232519636087473724e-02,5.003974969781421062e-02,4.615784140115072876e-02,5.163632794432782003e-02,5.343416266482933774e-02,3.672761471792988786e-02,3.075163818234566068e-02,2.326540280098815180e-02,2.190424867210409576e-02,2.073945111710056091e-02,9.827133903325079717e-03,1.098526697951053566e-02,8.639252167170177049e-03,1.009399367522336236e-02,2.125783876807160744e-03,7.409920177805508559e-03,3.876110116632907644e-03,1.112075469869840648e-03,1.392648704222924916e-02,1.631588172492019415e-02,6.737672207209714770e-03,6.192140521214669138e-03,1.182360267174473005e-02,-1.726548651859614522e-03,8.837201722672457724e-03,9.228279171167854886e-03,1.708774156312699993e-02,1.796966013313820720e-02,2.178571748998809482e-02,2.121351656326607438e-02,3.516584691034500137e-03,4.132844602685440717e-03,-5.210764951909295853e-04,2.945115002177578316e-03,-3.069182549797911351e-03,-8.326926924677586356e-03,-6.364105031123654978e-03,-1.593019732921414737e-03,-8.984474449830189696e-03,-1.705605651065438336e-03,-1.890141759411721571e-04,-2.128837638258249815e-03,-9.124427123412947455e-03,-3.489665045596310883e-04,-8.433366538458294745e-03,-4.528493247303241875e-05,8.879205362577224578e-03,5.036510840062987174e-03,6.463731130606486901e-03,5.776410675204826997e-03,2.370863291178883919e-05,1.135819896748382907e-02,1.809431117743349332e-02,2.536314818857526854e-02,2.299579729514621140e-02,9.479841659239485185e-03,1.388498484756961818e-02,1.426292668329154530e-02,1.513223979495121295e-02,2.412326272498978297e-02,2.308560141776741167e-02,2.914050722242669811e-02,2.393559299952372627e-02,2.108812071448204484e-02,2.888556305370862734e-02,2.926755172357737092e-02,2.715726420142993910e-02,3.451740856766783577e-02,1.972647362150108455e-02,1.762723587661291919e-02,1.954472662204928893e-02,1.752698579677745144e-02,1.412867386550988383e-02,1.298462481775860926e-02,2.136460152243105717e-02,2.729592076359210751e-02,2.745138638017177377e-02,3.082819269412017532e-02,3.580387970725511237e-02,4.015545361471394015e-02,3.018323953943321397e-02,2.130643938191935371e-02,1.977597572614829546e-02,1.996969720505985951e-02,2.555318120616250147e-02,2.331141375647500028e-02,2.709854728229527804e-02,3.180085640760131616e-02,2.526130256057286527e-02,2.225346332278074768e-02,2.255646765044648852e-02,2.602316159361952805e-02,3.136967721806015880e-02,2.667480785777488761e-02,2.662856373279562719e-02,3.195488137734312645e-02,4.093921340710070245e-02,4.240247122933427787e-02,3.071953029199823992e-02,3.260759148317078637e-02,2.036117476123583403e-02,1.905846823244494725e-02,2.220287269040097100e-02,2.528883421789178756e-02,2.127990101291127659e-02,2.545654105808925829e-02,1.351611257376779916e-02,1.662178850333590613e-02,1.518619460600160662e-02,1.083800593021682843e-02,1.377305722925829118e-02,3.849059805710600829e-03,-2.677859498034416974e-03,5.290030791659308673e-03,2.753474650267910377e-03,-6.206781036419499985e-03,-6.888185195093972889e-03,-1.341442169676207267e-02
-3.235391802077000525e-03,3.056415442545454535e-03,8.154115895364145647e-03,4.858242436060209238e-04,-6.332295863888181414e-03,6.998578753033357983e-04,5.242807100468196415e-04,4.034845450062173738e-03,1.094852887567442784e-02,2.608664390865221908e-02,2.887531363060579295e-02,3.669593985890420851e-02,4.091946532756828708e-02,4.458104087569423474e-02,4.305481530820786523e-02,4.364087356538385448e-02,4.618117992633843233e-02,4.148631655178863092e-02,4.379935633306790421e-02,4.548796908296431213e-02,3.418043757889480810e-02,1.593610302313313784e-02,2.680364862847291196e-02,2.242104936984521193e-02,2.603929201794648318e-02,2.596267476870203761e-02,3.631282034387304375e-02,2.871412158550364774e-02,2.656884982628159725e-02,2.682663499885854647e-02,2.189136329150741245e-02,1.313307641787014521e-02,5.729433183149856314e-03,5.634399524562379649e-03,1.678013053054407122e-03,7.204866641077159115e-03,1.190524497995984650e-02,6.036069440299941281e-03,1.536218805948916591e-02,1.328086383161573153e-02,9.049355991901042451e-03,4.415930728139636462e-03,1.559704239397687389e-02,7.367134570706278252e-03,1.576471339647650578e-03,-3.386351398085077607e-04,4.215200283530911966e-03,4.138766762096872907e-04,-6.809548182805176715e-04,3.291396239759796904e-03,-3.758394054921343052e-03,5.080191106982941129e-03,9.225268777741955917e-03,5.024596145899139221e-03,9.670694569197859497e-04,7.109956211211615647e-03,7.168535013076127171e-03,1.814926848954952036e-03,1.788788375903124783e-02,1.951235845059638013e-02,1.398564195983982919e-02,1.162643363972427901e-02,1.091200196279008480e-02,6.284970792676515539e-03,3.878976776770471854e-03,1.122381549594013948e-03,-7.912214119936217954e-03,-1.196109192029315080e-02,-9.456661628706918010e-03,-7.938476525122714275e-03,-5.147381286970405256e-03,3.570478828864043566e-03,-5.723141319219835627e-03,-1.088838649175274259e-02,-1.025542315479844452e-02,-1.164766957334907593e-02,-2.176150921350315098e-02,-2.951563210903210277e-02,-2.835369883653593090e-02,-1.215394288526591357e-02,-2.168662499237743874e-02,-1.984756932298245222e-02,-1.027701949982172923e-02,-6.463373689145070558e-03,-7.156593007272287962e-03,-1.399934458167348406e-02,-1.404908588852663183e-02,-2.947215405229196977e-03,-5.229496925271753457e-03,-6.970051745898809409e-03,-2.021361412032779761e-02,-1.362907146540553310e-02,-1.942419990107771208e-02,-2.099304642288619613e-02,-3.182889293860725194e-02,-2.759024115387762738e-02,-3.130100871796915457e-02,-2.333740918048123753e-02,-2.870402439738837033e-02,-2.661963064622389560e-02,-2.896641375791739539e-02,-3.493815592981502904e-02,-1.980078118077449600e-02,-2.395388103697722315e-02,-2.077724399748762454e-02,-3.125596003077438234e-02,-3.072972539656320876e-02,-3.478417908518670332e-02,-2.080509256839651461e-02,-2.655835673668925645e-02,-3.346225425085804644e-02,-2.366440500009588110e-02,-1.507947392767827396e-02,-1.105153239147319347e-02,-2.368249432443788466e-03,-4.353967130735177278e-03,-1.493912614554142315e-02,-1.845249228535801936e-02,-2.386761005682831727e-02,-1.899078094561344049e-02,-1.586099394489024622e-02,-9.089251240674577070e-03,2.044057413235451232e-03,-8.931694708840616850e-03,-1.909320550365229546e-02,-2.089166333773673223e-02,-1.181575562492333080e-02,-1.635108666623782611e-02,-1.148483966865194300e-02,-2.049637344309841042e-02,-8.981889795165228646e-03,-1.165536572246720325e-02,-1.629986935737844783e-02,-8.403533166628724196e-03,-6.654816684784771452e-03,-3.184124927558356494e-03,-7.599038900188702893e-03,-2.542118587558471823e-03,-3.673917663059950763e-03,2.192340465278826839e-04,-3.179040853052801305e-03,-8.770221155913922317e-03,-1.039719335082131720e-02,-7.450866309431355972e-03,-1.584289147761307887e-02,-1.721237339657755855e-02,-1.454798330943598769e-02,-1.193344287512355245e-02,-5.073813117408939276e-03,-1.065186200059069915e-02,-1.826234874490618304e-02,-1.583795531817698207e-02,-2.541143343855122028e-02,-3.461631233091638782e-02,-4.525682127356223799e-02,-4.027171996027695267e-02,-4.054639101162395287e-02,-3.781464056703555399e-02,-3.606682884890336643e-02,-3.181994040042537830e-02,-2.469327158288260257e-02,-2.070796103170532976e-02,-2.138990114168662013e-02,-2.239297828274828747e-02,-1.750069672493720710e-02,-1.865038939794265091e-02,-3.092076814142376978e-02,-3.734661481854566895e-02,-2.905996854256475553e-02,-2.385098882867824413e-02,-2.116100015136885421e-02,-2.020997223659313363e-02,-1.583037758987495408e-02,-1.577809616098742665e-02,-1.198190090261657542e-02,-1.106268251304930519e-02,-1.848279886735698652e-02,-1.057051979468965307e-02,-1.087732866221010133e-02,1.088126569378780259e-03,-6.525878590183176783e-04,5.214133367835866936e-03,3.661908027917486208e-04,-5.470038827859589892e-03,-1.472976470202760728e-02,-1.336234215673437649e-02,-1.249229797976876381e-02,-8.210632109691740760e-03,-6.259718918240748248e-03,-6.066117026105921455e-03,-9.420406743642251168e-03,-5.517880616702296181e-03,1.445140228381662680e-03,-3.338805363637749497e-04,-1.178918599617135438e-02,-1.384508889493120398e-02,-1.301103340710709280e-02,-1.159726888721750518e-02,-6.046568527388484875e-03
3.571977812450516637e-03,-8.390592078610617684e-04,-2.233852430549501797e-04,3.827366095593626779e-03,1.178536953552072886e-02,8.723347871793150909e-03,3.109644822994061739e-03,4.331802438450128682e-03,-3.093794718451858307e-03,-1.642583663329471449e-02,-1.578939284536510362e-02,-1.076022916191889285e-02,-1.441794813505645548e-02,-1.420043814507872607e-02,-9.184785393628255856e-03,2.398925957639599232e-03,5.577559585092041385e-04,-3.783475102197954645e-03,-1.577769377901049996e-03,-1.434786665889080902e-02,-9.072335176637873547e-03,-1.097909547131270709e-02,-1.011064368128069581e-02,-2.234350965877368936e-03,-4.560220060904909833e-03,-9.495890854967019810e-04,1.399586554108368970e-03,-7.330423692058080087e-04,-2.795370221323931550e-03,-4.308070519088158523e-03,4.917741141673641347e-03,1.717618272776288979e-02,2.618705820057179445e-02,2.390036540702618686e-02,1.738463775585426252e-02,1.959347279933295813e-02,2.112550445504556007e-02,1.583398566337652913e-02,2.155686494485450216e-02,2.007954218091832777e-02,2.101831155086810593e-02,1.941122685607103368e-02,1.801533186105474388e-02,1.738811142017325506e-02,1.007662185237261088e-02,1.942040104621300597e-02,1.651832601431403591e-02,2.115659018866217558e-02,1.678848448910018332e-02,1.056059156275250543e-02,1.431801898199181258e-02,1.609612616553473749e-02,1.708507551686256828e-02,1.026481422069566024e-02,1.788106697383431976e-02,1.032511896925841083e-02,1.587685130270679798e-02,5.207721288259015840e-03,-3.047794175569818603e-03,2.302886107201597074e-04,3.162234396602692406e-03,1.386156681601142648e-03,5.938599042327078609e-03,1.578681046757870327e-02,1.558328707087160668e-02,2.430044354219746544e-02,2.470581116318001577e-02,2.458177702954384217e-02,2.188339754744828350e-02,3.969071899951015503e-02,3.818833643368586134e-02,2.568817801579283827e-02,2.889267265410549665e-02,3.845133150748642620e-02,3.716581636744759054e-02,3.305658433618157560e-02,3.537248138086869498e-02,3.802472053070875962e-02,2.831794455914304898e-02,2.608894575489025328e-02,1.822199615123743649e-02,2.216801611832369331e-02,2.567312998117676076e-02,3.176555323557953697e-02,2.260242962232777639e-02,2.749658656363211315e-02,1.789203019076017476e-02,2.883618617427717232e-02,2.922748584430696212e-02,3.571640748185860720e-02,4.609064547641940346e-02,5.165689178202899356e-02,5.025470762895325322e-02,5.035931209301361400e-02,4.889460552052998094e-02,6.329612240373157228e-02,6.807671102341715519e-02,7.296459246027789391e-02,6.462925007012712553e-02,6.527463447187233092e-02,6.934512408197161804e-02,7.001426577466078605e-02,7.315758764121464697e-02,7.682513886596578634e-02,8.370322299360331841e-02,7.876861513537555815e-02,6.988432269019023702e-02,7.191902787345516579e-02,7.444495782284657470e-02,7.813547859240509152e-02,7.451383272706497973e-02,7.311583799764730107e-02,8.438945765642910657e-02,8.485505245661829898e-02,8.115142414126273740e-02,7.490141763993760082e-02,7.883155332442425001e-02,7.824917523514003659e-02,8.535235023877148219e-02,8.589000471756785826e-02,9.010450949457277092e-02,9.135615613490641329e-02,9.892648498031279825e-02,9.006329661147885468e-02,9.860894249898904951e-02,9.268975066827189746e-02,8.890916953247170185e-02,8.301835010272518023e-02,7.502257171530490876e-02,7.171381668699100542e-02,7.499047943990534704e-02,7.290958970694690067e-02,6.006083696129933813e-02,6.347955578100769602e-02,6.603673564051555644e-02,5.796678832736348180e-02,6.285326946185602892e-02,5.731326276144006054e-02,6.192962084520351601e-02,6.183342928947958145e-02,6.624045003419225253e-02,6.988787553868050506e-02,7.617296984567596685e-02,7.618683941755140243e-02,7.447091033904998381e-02,7.113717648958263473e-02,7.216986594554326839e-02,6.801482874785108601e-02,6.265317020066941966e-02,5.360068504388350308e-02,5.222199773932176270e-02,6.177331607696777416e-02,7.093194768979461939e-02,7.227758186871238721e-02,6.238803987090996844e-02,6.418194631978461906e-02,7.070498291147153669e-02,6.611114457476087447e-02,7.505708412850670141e-02,8.136046633587218357e-02,7.650729620878395087e-02,7.788839352689333473e-02,8.103925975086288813e-02,8.302744748938957475e-02,8.307690018785048036e-02,8.750701790776969913e-02,8.073160030705245349e-02,8.400038728501842134e-02,8.693049442261749360e-02,9.178172181597220314e-02,9.787639598104180827e-02,1.098242365146012423e-01,1.045892353990814511e-01,1.081827960604374861e-01,1.053061843887412308e-01,1.035032927530120106e-01,1.105710727399123461e-01,1.095012890780044379e-01,1.112515655295218536e-01,1.037738172221957661e-01,9.810581558887059017e-02,8.938573103203273362e-02,8.943229840821192989e-02,8.755030888050141513e-02,8.450467807636800888e-02,9.255168345624756321e-02,9.766240964043264305e-02,9.505883372553675104e-02,8.541377216857370946e-02,7.027872639028437396e-02,6.267437541576850735e-02,6.997226774748323275e-02,7.168510613934182818e-02,7.403298403767545610e-02,6.847847100867462955e-02,7.288523623148805697e-02,7.322938863194816683e-02,7.326990372092268000e-02,7.581465918313497199e-02
-2.088778014330044432e-03,3.566059097478727243e-03,4.185582109135829038e-03,-5.492303364156585557e-03,1.305262697092068706e-03,-5.683497294436902405e-04,-2.701852535706681518e-03,-4.856813049079148487e-03,-5.067267861116268000e-03,-1.020165794843132939e-02,-2.641037462273946104e-02,-2.464547594861996732e-02,-2.249283349693781756e-02,-1.829803860407223232e-02,-2.300742412507748164e-02,-1.218278020165450802e-02,-2.232183232099150746e-02,-2.579707065253097203e-02,-2.348461451445515991e-02,-2.846786072767246850e-02,-3.367767776434493765e-02,-3.369384449140700594e-02,-4.219498933965296072e-02,-4.214141762714045808e-02,-4.840111225120063282e-02,-3.855325468081034768e-02,-4.609727181897198961e-02,-4.835738787511602993e-02,-3.785185276619359301e-02,-4.490739742983001354e-02,-3.925429430314011231e-02,-4.606495589949624603e-02,-5.422597036334060594e-02,-4.779956376166194509e-02,-4.400623426143501077e-02,-3.248304237853590071e-02,-3.276159875533133509e-02,-2.723655348556265274e-02,-2.539932063823214028e-02,-3.097770780145433708e-02,-3.134902304222054320e-02,-3.371294982879634999e-02,-3.561785458876701171e-02,-3.278574823664770488e-02,-2.730972067435783954e-02,-8.445764498649217106e-03,-5.917017707413638195e-03,-1.165647000383138870e-02,-1.452534751724369327e-02,-1.399022121204395244e-02,-1.311328345634967495e-02,-2.054073169554937808e-02,-1.163105980515190437e-02,-1.961554783893835335e-02,-1.597973077812814627e-02,-3.503693990750570558e-03,-9.266532085182360365e-03,-4.446095523878909606e-03,-1.242069517989743271e-03,-4.641782886750442719e-03,3.548772888423276303e-03,-5.644730879075890786e-03,-7.288433008350685138e-04,4.408118126618449165e-03,1.861684505702374242e-03,-6.916608973390097129e-03,7.487074492390100727e-04,-6.607297410619363855e-03,-1.761041143414234997e-02,-1.948338155492725446e-02,-1.845996991814527477e-02,-1.748883761936848719e-02,-1.155133489660952958e-02,1.709805911882630175e-03,6.763935374594748015e-03,2.494419300460839692e-03,-7.757015000281008640e-03,-5.064029234284875627e-03,-1.082753850387041875e-02,-1.143857140712907505e-02,-1.173316277988124649e-02,-6.928044056169318718e-03,-1.204447423301557851e-02,-7.097020693012431186e-03,-6.035542121677380488e-03,-5.251467749708391836e-03,-4.873848300100237264e-03,-4.610228531639024539e-03,-1.317838675513118094e-03,-4.450145616085442180e-03,-6.346296881453045505e-03,-2.702224212466153210e-03,4.908352398439520467e-03,-2.496228212617790203e-03,9.854083335866053311e-03,1.561479002333097596e-02,1.060537801513373145e-02,-3.271197095115996670e-03,-6.561160068212183206e-03,-1.292940552610103572e-02,-1.142527981461540811e-02,-1.526825946656512265e-02,-1.242171717081319571e-02,-5.473289696817845718e-03,-1.475138746029949419e-02,-2.659968309899575847e-02,-3.021374520647813686e-02,-1.887865272373369374e-02,-2.196150789499848668e-02,-2.652768769757062745e-02,-2.271648341207894647e-02,-1.752287979560264441e-02,-1.980233536893910573e-02,-2.236926847167697296e-02,-2.808092980257484092e-02,-3.369706167582017103e-02,-4.533599514292761812e-02,-4.948146603526899778e-02,-4.806653868642826039e-02,-4.826504817936943387e-02,-5.322383314581108360e-02,-4.658331905352012386e-02,-5.530252888760359836e-02,-4.617896298359088630e-02,-5.076490383933287415e-02,-4.637110481542254525e-02,-4.752182963694553952e-02,-5.416831258972444607e-02,-6.035279227853366374e-02,-6.407283274251250604e-02,-6.435844181912032946e-02,-7.330178695948880163e-02,-7.701900527923857820e-02,-7.853806586663261702e-02,-7.034067073049211916e-02,-6.217183091586297311e-02,-6.452756313307082825e-02,-6.440857092104776416e-02,-6.163193048412224373e-02,-6.559034589028343853e-02,-6.913621420268260820e-02,-8.008234852935829096e-02,-7.506283327697529928e-02,-7.031342180517094476e-02,-6.720422067786789577e-02,-6.338130038363046226e-02,-5.610646983004723143e-02,-5.585023952416922483e-02,-6.144372875814099744e-02,-6.058273765626726731e-02,-7.433743299009677730e-02,-7.192418512728626645e-02,-6.683948256780231079e-02,-5.710642175559150352e-02,-6.841937220574642597e-02,-7.282486490668363399e-02,-7.602772803831210624e-02,-7.138133474632200881e-02,-7.068431763175105076e-02,-7.305866061194205008e-02,-6.448565784867560380e-02,-6.684695399352616474e-02,-7.029843487899677112e-02,-7.802264299570124684e-02,-7.040488719029108777e-02,-7.200814704289484891e-02,-6.374917577297269100e-02,-6.386260866385035095e-02,-5.655059913639771257e-02,-5.657265762090323696e-02,-4.947345197683820223e-02,-4.645004287525472675e-02,-4.987188801872195071e-02,-4.838722711089411127e-02,-3.984373925548392870e-02,-4.643584317919971505e-02,-5.077219098502160771e-02,-5.263061772053034826e-02,-5.218176379567964623e-02,-4.068951847021447243e-02,-3.428766820959013029e-02,-2.868128612007447495e-02,-1.813120485851978797e-02,-1.163456486579075334e-02,-1.382529338455266120e-02,-2.063726503282763136e-02,-2.490726444096793071e-02,-2.001396222655543386e-02,-2.140804253557726522e-02,-3.493835049395879050e-02,-4.863066911654974345e-02,-5.661653069563217511e-02,-5.851923220816757087e-02,-4.456508930676956332e-02,-5.093895409283590026e-02,-5.841067245164170002e-02,-5.841551533172578692e-02,-5.475809500421360138e-02,-6.230755591520899944e-02
5.080056951879002858e-01,5.009425169121904942e-01,5.037420407009507439e-01,5.043987685986854874e-01,5.045327494139616453e-01,5.001530296646267137e-01,5.031058547369549050e-01,4.924001561146083561e-01,4.907035832802952857e-01,5.035525728442451499e-01,4.973446714243529576e-01,4.883226906258621991e-01,4.877370939972823782e-01,4.976132179660095467e-01,5.057540035432350756e-01,4.932407430799814474e-01,4.867425811764347632e-01,4.901415436275271542e-01,4.965142174846687850e-01,4.903314031073787715e-01,4.951743502136777830e-01,4.964026078727857838e-01,4.963975732980265843e-01,5.006205458469562553e-01,5.069483824115974535e-01,5.090328921081169744e-01,5.115688504208483200e-01,5.141610024009894975e-01,5.102341035490103316e-01,5.167813661553886107e-01,5.258783586552410183e-01,5.332895993979583915e-01,5.434390188794979704e-01,5.366883854680077892e-01,5.239782450678004411e-01,5.254114585318424568e-01,5.301399308425238655e-01,5.266706223630771566e-01,5.355390201447703946e-01,5.380533556596156508e-01,5.289639256061293704e-01,5.341345929293274120e-01,5.395051422039661704e-01,5.369517063438448146e-01,5.422574080438377075e-01,5.473553936030378653e-01,5.559068918030772855e-01,5.623951846815872235e-01,5.526123399227692579e-01,5.701182032792713184e-01,5.702618612434161571e-01,5.731810209044616578e-01,5.735138196234147445e-01,5.764227875789766919e-01,5.825459179761767192e-01,5.747765976138123900e-01,5.743177684952239792e-01,5.648258814806514927e-01,5.609231073276147450e-01,5.515122022308450722e-01,5.574663846292856606e-01,5.607828557514898948e-01,5.630899111245674105e-01,5.539930556253667149e-01,5.514967899212279701e-01,5.443422704927600719e-01,5.499186006415381911e-01,5.481672100687231541e-01,5.437979252006981401e-01,5.400800929743976297e-01,5.366313677148293326e-01,5.363359313262945349e-01,5.293174504462272445e-01,5.364771792628525438e-01,5.341114833866666967e-01,5.313477710459783010e-01,5.243217095654398863e-01,5.235121840443514030e-01,5.268143685956644395e-01,5.151971461292265131e-01,5.211816040035043285e-01,5.356490826216318002e-01,5.400402200962580723e-01,5.300659488361296745e-01,5.205565676567179834e-01,5.252970365316069756e-01,5.237418978470461672e-01,5.212915890728422319e-01,5.288022421404715567e-01,5.322032662912741241e-01,5.318029003609416883e-01,5.381069867742189761e-01,5.433428077404732770e-01,5.402453734625853876e-01,5.434807875776530572e-01,5.494203425876481584e-01,5.497290404137886721e-01,5.435758615592332088e-01,5.307597577222306073e-01,5.319749328505601893e-01,5.227407517831812456e-01,5.165359410194370060e-01,5.223279631038505455e-01,5.215677424300362297e-01,5.224861101794489038e-01,5.323569760448721988e-01,5.385520011917146466e-01,5.526629875386965818e-01,5.442781176865704174e-01,5.439498393011651389e-01,5.353552412582888165e-01,5.241299578604750042e-01,5.287593464718260972e-01,5.321424525360139990e-01,5.277202730753883797e-01,5.200382067980942047e-01,5.323440915701512788e-01,5.274131809253715941e-01,5.269589751991676785e-01,5.255015579608383058e-01,5.312471373188178969e-01,5.259634006456910260e-01,5.321922962068120766e-01,5.298767038012600628e-01,5.358493755228181943e-01,5.340645289153130859e-01,5.413668384854257720e-01,5.416244699246041128e-01,5.415718793816249876e-01,5.427788172372767228e-01,5.468172509650196522e-01,5.469345473647373446e-01,5.478570518136928191e-01,5.603909317734865336e-01,5.655337316519187807e-01,5.581954719995183556e-01,5.619107340679898588e-01,5.653492346666597612e-01,5.625032973661625579e-01,5.677295226542191653e-01,5.686450234006406035e-01,5.790486281167637195e-01,5.776922906797014035e-01,5.788965633133742461e-01,5.732990945630471735e-01,5.802861977303960250e-01,5.807818493263152693e-01,5.736029780675828693e-01,5.761391415794949733e-01,5.795586493390108007e-01,5.893719643832702193e-01,5.862992546063963140e-01,5.830990115224499171e-01,5.818831785060645245e-01,5.915222124786561064e-01,5.899007290170455997e-01,5.839168212575953643e-01,5.796766045758808827e-01,5.833084634405700797e-01,5.793488609560115687e-01,5.808878312284655454e-01,5.797360393565095249e-01,5.787111824391603099e-01,5.778331307693124197e-01,5.826855858201023253e-01,5.763007860795686943e-01,5.655891550205641716e-01,5.704787742283674579e-01,5.754125663937522672e-01,5.682337433722982611e-01,5.775763668297456688e-01,5.755239981827660056e-01,5.807765636614861116e-01,5.752347181970507428e-01,5.693868964931466659e-01,5.675941056770632542e-01,5.756770569370727175e-01,5.766115613600195644e-01,5.760880881741268222e-01,5.813893698850683966e-01,5.866660573470786622e-01,5.900346168957263382e-01,5.995945243781909406e-01,6.031977093585979555e-01,5.976978468234117603e-01,6.067777269045561139e-01,6.123726513630979307e-01,6.191692085417589420e-01,6.133570882374085320e-01,6.166972671150957597e-01,6.112564616324543953e-01,6.075948159615491839e-01,6.031053262993967268e-01,5.993082935636580011e-01,5.944215104343318901e-01,5.870850839356570594e-01,5.853728590804136989e-01,5.880421100236368215e-01,5.831948022715409685e-01
8.017479805093409573e-03,8.257882915324331330e-03,8.307633643880438581e-03,1.073342735868389360e-02,1.803942787746926416e-02,2.097059437944050544e-02,4.158823446858382622e-03,-3.341838444466393131e-03,1.110115885689471130e-02,9.954266701780584842e-03,1.124662719128650436e-02,6.810024120862641535e-03,7.272396224155357886e-03,7.789098616745327927e-03,8.460862807778640401e-03,3.642556206918598494e-05,9.294618904961259725e-03,1.468532163075446720e-02,4.708507464992588501e-03,-1.025288370963562019e-03,2.840086183845915400e-03,-3.530246360103329005e-03,-3.549565511470936102e-03,-1.685104631389456459e-02,-1.213097446453711981e-02,-1.688624452289841371e-02,-6.384406076843504238e-03,4.587441899495305758e-04,8.433502609320076004e-03,4.779589219523268373e-03,1.383597273876670253e-02,1.084556959612451715e-02,1.533262431032640649e-02,1.741742567020768823e-02,1.332684563061711618e-02,1.901666670022596553e-02,1.990792781801197647e-02,3.386417726664556205e-02,3.569251708368223475e-02,3.413554417233823080e-02,3.049972294829636152e-02,3.600417194937977766e-02,2.202834019953192266e-02,2.617897164575051783e-02,2.054569951550617654e-02,1.587345064972443126e-02,1.863180057462442141e-02,1.372257129488950282e-02,1.608735682962281893e-02,1.550693959166442835e-02,1.588785448986811816e-02,1.337137828414505791e-02,1.223924587470754874e-02,1.253037856917505778e-02,-6.984142871489292664e-04,3.753072163477626927e-03,5.575665458764313479e-03,-2.042422431511843953e-03,-7.949765701753628427e-03,-1.723365596031991784e-02,-1.534973722219661052e-02,-1.652812267034035887e-02,-1.704497854982927468e-02,-1.412859221629922217e-02,-2.024715614168209887e-02,-2.019228398651398693e-02,-2.206596014170272846e-02,-8.590065008852251424e-03,5.206983183559004899e-03,4.382751700402406914e-03,3.051770886465009561e-03,-9.180425957975094087e-04,-1.415952349947006972e-03,-4.826905789474726302e-03,4.854580552649938666e-03,3.602797719387587291e-03,4.573828784338545769e-03,7.495229682688994699e-03,1.058856124068917326e-02,1.078154927255866452e-02,1.336565989493808740e-02,2.303421743550912448e-02,6.284444609057134729e-03,7.555504684878219454e-03,4.195091429038660252e-03,-4.670526323775287328e-03,-1.150048637015579911e-02,-1.678148111112178625e-02,-1.290814652560512941e-02,-2.112085423771149079e-02,-1.969815915944636564e-02,-1.941221369963299845e-02,-1.900008953552626695e-02,-1.509494782770788926e-02,-2.326481746756255131e-02,-2.470804190402143413e-02,-2.399597099499720457e-02,-2.400546455277752927e-02,-3.278972158602772718e-02,-3.142684859089189819e-02,-3.943227193949716547e-02,-3.565310149321326144e-02,-4.829620998942475707e-02,-4.906146480636617430e-02,-4.439423248799798105e-02,-4.383243094632634923e-02,-3.784442210429185549e-02,-3.371895053031128547e-02,-3.208196688363439131e-02,-2.672673349871981796e-02,-2.739239045977500189e-02,-3.003252894617390242e-02,-2.744370709271362618e-02,-3.630048397506124153e-02,-2.752338207696274422e-02,-1.769979715946960047e-02,-9.634689248531414299e-03,-2.511631154882059715e-03,-6.764341331319687067e-03,-1.658356046043775109e-02,-1.996303981257618876e-02,-2.238699625924526690e-02,-2.371827498245809157e-02,-2.542988241778404782e-02,-2.101206855439208959e-02,-1.916935597977006273e-02,-1.773926675122359728e-02,-1.614930818786630001e-02,-1.333981686569900120e-02,-1.294599222171281989e-02,-1.886438374585623634e-02,-1.731111530032729273e-02,-1.242400685861462170e-02,-1.021909057803120288e-02,-8.861857096562978861e-03,-1.098402921131118141e-02,-6.288234290695609262e-03,-1.043866315208363295e-02,-7.004984708295683080e-03,-1.043101586907547833e-02,-2.290706255973560049e-03,-2.935840765443965047e-03,-7.909683353103699743e-03,-3.424929405359323532e-03,1.228575875566734546e-03,3.948967764468144445e-05,2.121106254608598734e-03,7.080839259765233859e-03,9.149276436746980185e-03,1.136378107545790196e-02,1.749770597930812646e-02,2.487582428869050330e-02,2.199639245643459501e-02,2.075447860268222339e-02,1.011580425849382785e-02,3.204056785386122722e-03,3.887846305897540728e-03,9.213377557518808922e-03,1.331078903812233337e-02,1.746829338612621713e-02,1.591651333552859815e-02,1.922381494261710469e-02,1.366603340230747310e-02,7.168643237455024110e-03,-4.336986607275201619e-04,-6.117683113111873662e-03,4.147256695039559966e-03,6.945755657359558785e-03,3.611227925214800880e-03,-5.655928721811637541e-03,-1.105307305933080769e-02,-1.811009922776230657e-02,-7.270297841331010286e-03,-6.223447963948519103e-03,-3.913382379630429495e-03,-4.848526740188754611e-04,-1.653979444218796162e-03,4.361214975699908430e-03,2.713152231751517207e-03,1.273221056217071698e-02,1.473632846932527302e-02,1.826931883111311897e-02,2.236979927603739704e-02,2.237617391585203230e-02,1.228799925196193826e-02,-1.544746450561044690e-03,-6.709868579526934163e-04,-3.902620214199585243e-04,3.553397366157009032e-03,-1.553886064027851580e-03,-7.099392398804728332e-03,-5.778730632756677935e-03,6.484638913828010692e-04,7.165481630678917531e-03,2.443311103125008626e-05,7.070518734554836690e-03,-1.773915095731380329e-03,2.093241708281332047e-03,-9.355034901284155734e-04
7.433856098545496387e-03,2.083799199913811614e-02,1.607565272906497089e-02,2.151328317019509523e-02,1.759762544075853599e-02,3.246008924593126593e-02,3.435869632636677495e-02,2.435429019249011479e-02,1.679096997722944254e-02,2.188662215877204553e-02,2.675678092656135626e-02,2.614163703530156604e-02,2.259140317495647587e-02,2.700318320724520021e-02,2.682385514366494167e-02,3.754193576508270402e-02,4.900573048244415836e-02,4.317299576670317884e-02,5.034045579578082241e-02,5.603419678043406599e-02,5.868374515427716293e-02,6.364088056677111305e-02,7.361310541579640931e-02,7.952711582110685851e-02,7.685140523992892159e-02,9.025113647151616902e-02,8.228766374574159048e-02,8.093020694411721949e-02,7.572545551947112985e-02,7.375537758991604353e-02,7.184245426368199294e-02,7.425324360074599117e-02,7.299184962089716455e-02,7.755948074396001868e-02,7.426947018353803609e-02,7.529646083720285821e-02,7.644820443658775777e-02,7.287026686644448858e-02,7.151291089341864360e-02,8.084394856712252830e-02,7.409964604746770156e-02,7.379934586029424093e-02,7.285056720609457692e-02,8.131463691067257471e-02,8.612903675718527885e-02,8.904787675707902250e-02,8.470860948884766095e-02,8.194632297080209349e-02,8.666700796915183247e-02,8.499979421238597344e-02,8.484181079312051732e-02,8.229370503194205488e-02,8.479590023746996774e-02,8.826678710900416613e-02,9.124521336241135649e-02,8.727114852763277753e-02,8.079360802320370571e-02,8.490341006860320505e-02,8.717022879952177061e-02,9.538948310868911040e-02,9.766844717051208213e-02,9.715179485694624972e-02,9.583142894422207181e-02,9.970752326233335572e-02,1.021979847652309120e-01,9.850714239996660737e-02,1.009990360480141347e-01,1.058378249395926507e-01,1.096967423324182872e-01,1.086274261241134825e-01,1.079502829839785183e-01,9.929838539195033620e-02,1.057470897433433060e-01,1.111392900754355484e-01,1.114019183522931417e-01,9.761664370809569613e-02,1.055504735715751402e-01,1.130668285995982403e-01,1.108482223039931741e-01,1.092263985992647374e-01,1.047647081714123823e-01,1.003659626253628062e-01,9.729635149064820576e-02,8.877809530291633222e-02,8.282112689062061384e-02,8.237273319836005414e-02,8.372678140193942631e-02,7.302485534414893120e-02,8.054109913116225261e-02,8.037730718445683376e-02,7.167523005017997773e-02,8.005673172315982966e-02,7.936590193871122245e-02,7.175898838603894658e-02,6.394264374367517045e-02,5.830645050234358612e-02,6.278150114582452257e-02,5.628509147133049784e-02,6.070201544652052694e-02,6.291597415115597614e-02,6.352911826427734554e-02,6.507980796810443336e-02,5.818215720805389179e-02,6.292579189319981448e-02,7.219405390217385754e-02,6.864657331169805865e-02,7.333880883368945613e-02,7.090592820166013999e-02,7.813436515784458192e-02,9.180292065402009816e-02,8.766827416736527878e-02,7.839898770075402756e-02,7.875342539815628762e-02,8.318237553770707615e-02,8.584284909516842754e-02,8.402268723313330301e-02,8.534791890256174240e-02,8.380543319135182190e-02,7.914029689331868178e-02,7.138422776763157784e-02,8.438019755100711894e-02,7.751846986335166056e-02,8.052452110946378694e-02,8.854893940329845725e-02,8.668256798059144341e-02,8.697344831785915054e-02,9.237309501482754426e-02,1.047173140126405749e-01,1.030134985032473555e-01,1.141244696237193462e-01,1.233414119720393498e-01,1.232694847655651654e-01,1.172120384167473495e-01,1.159353733994916563e-01,1.171230173807980834e-01,1.143979905521528839e-01,1.178409483909696187e-01,1.233668049757851992e-01,1.180429452450273281e-01,1.065150232515722217e-01,1.009559354862925584e-01,1.062409793567049149e-01,1.126071236050420060e-01,1.191687361111340299e-01,1.207293444401000282e-01,1.245247052750713956e-01,1.278494610929627184e-01,1.208457345423228219e-01,1.208319283243419889e-01,1.252153933333940983e-01,1.280639614097206780e-01,1.245178657247165144e-01,1.303469326970083941e-01,1.341452100525108437e-01,1.377877510409943607e-01,1.379321676058556656e-01,1.385242571304921566e-01,1.354179568041982140e-01,1.338416286464673977e-01,1.269889075736035100e-01,1.266919254034115372e-01,1.366888031031322503e-01,1.365535368425280227e-01,1.407236180384746072e-01,1.445962229249567188e-01,1.439483481603960613e-01,1.408042336732057143e-01,1.490599229549559590e-01,1.538806007454893987e-01,1.558260699169921049e-01,1.524198293261445625e-01,1.607053575115655608e-01,1.608135043903084760e-01,1.640839998436689762e-01,1.633459646979645574e-01,1.678466763642527948e-01,1.644772137369864828e-01,1.712935437723701326e-01,1.780584536503056758e-01,1.899573926448235028e-01,1.879413408368379168e-01,2.052879174804178586e-01,2.109542103490656406e-01,2.093598702919876042e-01,2.137776657537023284e-01,2.173705974242695904e-01,2.186450584113570905e-01,2.134679854554950018e-01,2.167494472515077986e-01,2.283564850780107347e-01,2.210008824242313263e-01,2.268594740630990869e-01,2.258516617976203122e-01,2.151059863755332702e-01,2.096448633354522084e-01,2.033081261525447048e-01,1.917274246840610930e-01,2.008735420101357139e-01,2.027784046608326896e-01
-4.810189944934908403e-03,-5.552993605725483652e-03,2.285628515881202825e-03,1.226279564611944956e-02,7.755354431214600379e-03,1.770494227190782047e-02,1.103063333678895412e-02,1.123660812317420730e-02,1.926732755000569453e-02,2.406189666530768670e-02,2.057226322943166846e-02,1.434974837625706962e-02,2.361800489387451407e-02,3.235339053106857377e-02,2.686460556907279904e-02,3.202019500324276846e-02,3.293265320076716601e-02,3.640453586657464713e-02,4.317863106054755512e-02,4.821343167497837284e-02,5.053464492921979495e-02,5.113555272538196361e-02,5.010827669739007645e-02,5.014308293206745648e-02,5.449555860920615030e-02,5.356138542086914117e-02,6.271490382602196156e-02,7.131328971279848883e-02,6.004809955503127850e-02,4.678623372053892365e-02,4.320711673864986724e-02,3.967291301944642773e-02,4.069130498777613625e-02,4.073814958256883473e-02,4.248228583545454740e-02,3.314969756701829917e-02,3.764922735259058906e-02,4.195366264071676704e-02,4.373574345114131928e-02,3.846266869037716363e-02,3.513696051833084533e-02,3.077302838328111259e-02,2.606244640652520192e-02,2.806929508138556600e-02,2.481673193840334274e-02,2.697617209597703500e-02,3.571693665470604406e-02,3.300671591205690120e-02,3.778243439544666515e-02,3.980193515497063711e-02,2.485339268047774552e-02,2.279448142439763347e-02,2.145858667692717575e-02,1.491682263373500864e-02,1.044989407092614814e-02,1.470694702213149775e-02,1.400159986283816375e-02,8.942829971542198483e-03,1.369283312140945688e-02,1.839867268007846016e-02,2.563644120290268363e-02,3.084551334357488531e-02,3.590450392146024572e-02,2.308472553988302756e-02,3.170733593429312519e-02,3.541622501807104723e-02,3.888912501207639899e-02,3.222896131757975458e-02,2.237526257841462862e-02,2.181465836475700304e-02,2.043954176941653600e-02,3.425504205844599748e-02,2.363198930197359798e-02,2.251098610043735654e-02,1.401615609866076542e-02,7.763342959107013760e-03,4.794973406016908579e-03,6.621908050251398663e-03,6.677123432985447929e-03,-2.792781229741496049e-03,9.537948956138754195e-03,1.601174556418752393e-02,2.431330873000787929e-02,2.706730973459076442e-02,2.625802354482948200e-02,4.762191138575198879e-02,3.917580106630598469e-02,3.495987242473162782e-02,3.056734058482449279e-02,3.466079916246272985e-02,2.235601406207106401e-02,2.971849609030481620e-02,3.560282260524924580e-02,3.417390491185871848e-02,2.985476629996450942e-02,3.189129755637020586e-02,3.470532814707523450e-02,2.890407823656964553e-02,3.087373818913222850e-02,3.042745592954396519e-02,2.881904280879478766e-02,2.847021682118400232e-02,3.163337048784220507e-02,2.491938184853132246e-02,3.292949869662733370e-02,2.712612359752850782e-02,1.757803347816570133e-02,2.837366821231077432e-02,2.664661287647580173e-02,2.895671013483354719e-02,4.215927535578402330e-02,4.663365733076202391e-02,4.970368373124432054e-02,4.414109096620270900e-02,4.496477202807031698e-02,3.657781556170663917e-02,4.687794589138367246e-02,4.796979158822241296e-02,4.661041564135958576e-02,4.736214421677822223e-02,3.591000287091528076e-02,5.018844237948795473e-02,4.996661753449226778e-02,5.642690950299415059e-02,6.071370025880992727e-02,5.938468117160095733e-02,5.704629764456154578e-02,5.501610243547448709e-02,4.569179387801477338e-02,4.340711713783509951e-02,5.720441034176963757e-02,5.287159430189738302e-02,5.796030886246660019e-02,5.578404117197213741e-02,6.520128483612576409e-02,6.332272510570186030e-02,5.998598173221940388e-02,5.856805063997026772e-02,6.984676398467337677e-02,6.595971438936844289e-02,6.600965976703247751e-02,6.545207930668568708e-02,6.091126448333945148e-02,5.721155266738628398e-02,6.308686296324363119e-02,6.164652699016377746e-02,5.633541375145588448e-02,5.868246058815357324e-02,5.546165154076691112e-02,6.306460932390794971e-02,6.418165108536995345e-02,6.407982859139596532e-02,6.009319163547668929e-02,5.780349712924009314e-02,4.240351889330066376e-02,4.396858227765283733e-02,4.305546993641280046e-02,3.701082449221104742e-02,3.393663388766627459e-02,2.499910686054010803e-02,2.811034480408110964e-02,2.644557849233967334e-02,2.574302712762265022e-02,1.734914523210983467e-02,1.992820417911160547e-02,8.885292517291228445e-03,1.867175480051551893e-03,-3.987799025831675545e-03,-6.069389666741271255e-03,-1.355878762185139773e-02,-2.035894583992215248e-02,-3.505435855971082704e-02,-3.382985768324506953e-02,-3.387036498629221459e-02,-4.092074248200782555e-02,-4.539740834668734570e-02,-4.926407952839486487e-02,-4.742312466610609095e-02,-5.779968180534533762e-02,-5.949077073407122579e-02,-6.180824887008799784e-02,-5.287798577018625740e-02,-5.329356285847379471e-02,-3.787080075085306335e-02,-2.892416266416162479e-02,-2.835590564381936657e-02,-3.214950531242399823e-02,-2.789488472574036537e-02,-1.625429805904171632e-02,-1.413511669052515407e-02,-1.582445480027776935e-02,-1.650299257794684768e-02,-1.313565873873724296e-02,-8.503851833724571790e-03,-1.348583421710339986e-02,-1.719405355588914455e-03,8.383282436194561954e-03,1.535607153150119267e-02,1.577691589436271136e-02
1.558223827051387247e-04,1.083615933463102183e-03,-1.775400410565799785e-03,-7.754244943790801134e-03,-8.393532816276213712e-03,-1.675313915479685611e-02,-1.427649697711836155e-02,-1.838191624696497439e-02,-1.847754879587938312e-02,-1.653940169632305002e-02,-2.278028104728832548e-02,-1.682566673476360367e-02,-1.684927683507370100e-02,-1.446255965745779984e-02,-1.147859118259245484e-03,-1.242030900286578490e-02,-1.105598805568500272e-02,-1.200832559504516270e-02,-1.914246552401736856e-02,-2.374000897225345130e-02,-1.934766479183450821e-02,-1.464263220156010979e-02,-1.468413802776434227e-02,-8.435153315953881903e-03,-1.683235399325722775e-02,-2.013947263263012391e-02,-1.478742498808831296e-02,-5.110104850400521564e-03,-2.034902504210978416e-02,-2.020793723688134313e-02,-3.524076475990839397e-02,-3.593409648347020008e-02,-3.952287114239592947e-02,-4.149588673405061462e-02,-3.870848539715880665e-02,-3.509758022762636542e-02,-3.931781794972384614e-02,-4.895863029702606645e-02,-5.581534951385987153e-02,-6.721058916025736407e-02,-7.080473044281673789e-02,-6.006580576616485367e-02,-5.566352056283944971e-02,-5.040385304945499412e-02,-5.215927502634087193e-02,-5.812581481129330818e-02,-7.604600019588053650e-02,-7.723938435130069113e-02,-7.622136666455291143e-02,-7.361310229580163289e-02,-8.737706199088132730e-02,-9.829696899658925402e-02,-8.676447814690536886e-02,-8.891177002890826575e-02,-8.560081922418191769e-02,-8.301827961326789518e-02,-7.916416545869267574e-02,-7.725242000750409677e-02,-8.753136526423666020e-02,-8.664219954770613352e-02,-7.923318833259344884e-02,-7.920987537752684216e-02,-7.982378224088519658e-02,-9.756073909763667007e-02,-1.023815875937800074e-01,-8.830976262479939276e-02,-8.363419875528893543e-02,-9.367084132982431144e-02,-9.779069610618557062e-02,-9.552828035403451712e-02,-1.076835589814829075e-01,-1.019538316566142994e-01,-1.046592477154037887e-01,-1.046775654241451359e-01,-1.012393100183418687e-01,-1.019165766303243570e-01,-1.041793037073509426e-01,-1.122271541830194563e-01,-1.192886525695723149e-01,-1.192432512982916221e-01,-1.171431970361111186e-01,-1.149467942109217017e-01,-1.163096570304502364e-01,-1.110361166806271005e-01,-1.053349708554762593e-01,-1.104823462836309333e-01,-1.066906327745814204e-01,-9.360701385570156796e-02,-9.300575336919518488e-02,-9.942441665485833580e-02,-9.482707412319657525e-02,-9.733503789015399144e-02,-1.077576390906923309e-01,-1.048200787530179090e-01,-1.007932351049720954e-01,-9.960169858254054598e-02,-9.768863090577220576e-02,-8.916318180806238891e-02,-1.003074859953809184e-01,-1.081798535378460380e-01,-1.017125064176954280e-01,-1.013437661647373367e-01,-1.104387631261793123e-01,-1.142489966664503864e-01,-1.168207612188262162e-01,-1.196194367451841739e-01,-1.154780787962955552e-01,-1.279702433396425754e-01,-1.299522868407485543e-01,-1.282720428479457164e-01,-1.359103034644416896e-01,-1.546175112510076721e-01,-1.580916859587639667e-01,-1.498429508625792606e-01,-1.518099321129778856e-01,-1.645680315574979957e-01,-1.577826330859571080e-01,-1.491509046767342528e-01,-1.572298471607234682e-01,-1.675003129657415823e-01,-1.654880413301123565e-01,-1.562486384661072314e-01,-1.601889381715583538e-01,-1.676975751210685317e-01,-1.673020621337782121e-01,-1.616425077617160699e-01,-1.599860422694893702e-01,-1.621068483131306304e-01,-1.561567113553918862e-01,-1.556786597852873599e-01,-1.624830565045887742e-01,-1.554058178022112713e-01,-1.665973050931372212e-01,-1.726052532903064596e-01,-1.750327661173600446e-01,-1.800961757480943060e-01,-1.773245186192633771e-01,-1.806097649868565747e-01,-1.925361147285722940e-01,-1.950965640918193300e-01,-1.909187062594320805e-01,-1.958794203438288251e-01,-1.861745145109816868e-01,-1.913563582899081572e-01,-1.912930161478979818e-01,-1.839307678367331500e-01,-1.684988661245162278e-01,-1.712571849595703188e-01,-1.750705997638251077e-01,-1.791412087500764971e-01,-1.839528896546515080e-01,-1.836639386339705415e-01,-1.798470056389435412e-01,-1.684768782661250630e-01,-1.750063578931926878e-01,-1.749601921476332256e-01,-1.822625182605234484e-01,-1.714072894361637900e-01,-1.863026316132475046e-01,-1.823464019389405000e-01,-1.766410601406322167e-01,-1.781319883178719143e-01,-1.815300934394626364e-01,-1.794234242518218392e-01,-1.797816841413494571e-01,-1.905790936608750263e-01,-1.882741155765015884e-01,-1.933522776226450357e-01,-1.957888683661227758e-01,-1.991801666039748619e-01,-1.957465271107146354e-01,-2.063588890290836697e-01,-2.011368490449915447e-01,-2.044105144976753330e-01,-1.915954111985790076e-01,-1.960777558244905794e-01,-1.969369110967347514e-01,-2.067144955535812068e-01,-2.058475797152749254e-01,-2.078115298200699790e-01,-2.087380205578908687e-01,-2.160879216742612186e-01,-2.099685173336259536e-01,-2.033972065414926256e-01,-2.042388389863765974e-01,-2.070396640713220437e-01,-2.051168488665863210e-01,-2.004986706270241448e-01,-1.991397054547632828e-01,-2.046540524397769401e-01,-1.925535514432055451e-01,-1.897849868943458640e-01,-1.857815742295997885e-01,-1.917014772196991845e-01,-1.926779060450125591e-01,-1.934075497827838774e-01,-1.904558486789546812e-01,-1.869099709965372225e-01,-1.927841687806470528e-01
-5.937074372606059372e-04,-4.519858565140840237e-03,-1.053584530264148680e-02,-9.192479990970239823e-03,-7.406949674870652763e-03,-1.059563908124848408e-02,-1.066654858283227862e-02,-8.979446436418927341e-03,-9.295726341784129459e-03,-4.161823812454599515e-03,-1.269595445152640195e-02,-2.087887520177881748e-03,-4.093365135652900222e-03,-3.169105557506784413e-03,-9.152845879206917071e-03,-1.056880829950974758e-02,-1.446861886360923700e-02,-8.880919301402376287e-03,-1.019783248954041210e-02,-2.140691253448542136e-02,-1.814444395587956962e-02,-1.684769965294199631e-02,-1.687364132362040303e-02,-1.668311332537035507e-02,-1.739444565673369664e-02,-1.505507184522788047e-02,-2.751612415799177536e-02,-3.727658182759178290e-02,-4.512513909718229854e-02,-4.297685176766239540e-02,-4.238866526480535718e-02,-4.566835759876435724e-02,-4.346923092125330734e-02,-4.799297035817885748e-02,-5.037158974566732089e-02,-4.935746785943698201e-02,-4.922779169453950221e-02,-5.216241811222529362e-02,-4.528311079587472171e-02,-4.517509665433779714e-02,-4.585200311284969021e-02,-4.523177535819962458e-02,-4.546821447754366419e-02,-4.830809868338571678e-02,-4.116863549846749848e-02,-4.303664511368275603e-02,-5.157384202699541453e-02,-5.387710308674722309e-02,-6.186203785026187646e-02,-7.225849581866748694e-02,-8.274315373659350825e-02,-7.085541680525798969e-02,-5.875200821498857001e-02,-5.233969818791760903e-02,-4.986968301812560317e-02,-6.524574842904881655e-02,-6.192033428747535651e-02,-6.397574811850088861e-02,-5.744256992239764326e-02,-6.120358460786314014e-02,-6.545515278250457758e-02,-6.040198424727315218e-02,-6.543376803259791374e-02,-6.630981997331460154e-02,-5.972860237745918760e-02,-5.951614655586639352e-02,-6.318124032803196233e-02,-6.732194571689784079e-02,-7.727848157116584682e-02,-7.215210692982368390e-02,-6.742133507202388576e-02,-6.852380569117466624e-02,-7.135662731138700532e-02,-7.746630762565583084e-02,-8.070333759460143752e-02,-6.902649123937043552e-02,-5.484721861846365148e-02,-6.155154658765704667e-02,-6.957645437905717045e-02,-6.762944524815991953e-02,-7.428112806698004833e-02,-7.222574304660378530e-02,-7.233261616148153883e-02,-7.750195450692967669e-02,-8.731002911246865672e-02,-9.121479576435176373e-02,-9.264605331105066344e-02,-8.753310303436689921e-02,-7.536367079679445746e-02,-6.826622923190295289e-02,-7.093303378839907469e-02,-6.719570982618540411e-02,-6.212477936669885681e-02,-5.044057919502935999e-02,-4.001484887617318825e-02,-3.430262080666533070e-02,-3.043845803369367789e-02,-3.174404400439300583e-02,-3.652960538326334439e-02,-3.257356488818568402e-02,-2.963546850550787329e-02,-2.170269850567234718e-02,-1.467460643857715005e-02,-1.624105650383942528e-02,-1.296331205768565600e-02,-2.469672189321827499e-02,-2.511685135572071584e-02,-1.289148993210756551e-02,-1.280968013586033377e-02,-1.234476013611381789e-02,-1.609165586191760311e-02,-1.455576073832239199e-02,-6.993651794716249440e-03,6.679324257570966664e-03,5.824928753447801595e-03,1.491555379584854311e-03,-1.684078920842493280e-03,-3.103942226160115100e-03,4.324221423610960166e-04,-1.768248454616427878e-03,2.151501784515378116e-03,-2.544411331098097619e-03,-9.414522836365096792e-03,-1.225234481451751602e-02,-1.804342966335429829e-02,-2.417540305076870330e-02,-2.124134335638409171e-02,-1.648634483852933624e-02,-1.508278761556484417e-02,-1.668892365134675565e-02,-1.253568509229753894e-02,-1.576281615372036871e-02,-1.865006827548163285e-02,-2.004235070289533613e-02,-2.175991454373097864e-02,-2.623073140141166798e-02,-3.325515750757304656e-02,-3.157088145665906675e-02,-3.034485533746517777e-02,-4.595758593011899096e-02,-3.649269371104416765e-02,-3.525531041824559592e-02,-5.602023303402248189e-02,-5.377609563808033455e-02,-5.982370685009223005e-02,-6.399316895826642759e-02,-6.067239835129686898e-02,-6.203487050024473343e-02,-7.141447042817047897e-02,-6.866788401552202659e-02,-6.743965247388737649e-02,-7.411497921270439326e-02,-7.360495115219582718e-02,-7.285443198780254537e-02,-6.710239055981052914e-02,-6.123686363858452802e-02,-7.036361270914376354e-02,-7.835180337356807689e-02,-7.379679389447560411e-02,-8.182638072075266999e-02,-7.821146419451772969e-02,-6.628342176082788195e-02,-6.324016394156524445e-02,-6.469451925029702510e-02,-5.994127183994055197e-02,-5.429146614754076089e-02,-5.595198826248849039e-02,-5.933772535870615594e-02,-6.702209886839687047e-02,-7.358550552996745431e-02,-8.099208125708774741e-02,-8.016304495854639778e-02,-8.552656765264148031e-02,-8.456958470580193399e-02,-7.170209017468776036e-02,-7.230665486957088550e-02,-7.387219084298876637e-02,-7.889010157791996602e-02,-7.100570517930777925e-02,-6.446872821332068348e-02,-7.249812682192385838e-02,-7.824187867124580975e-02,-7.038031937493531565e-02,-7.015090511478555557e-02,-7.558614443457294108e-02,-7.840191835323619129e-02,-7.889639638131641652e-02,-7.041508055333431382e-02,-8.305827003689163213e-02,-8.037545147098694442e-02,-8.191685978993669404e-02,-7.440894537264002018e-02,-7.222096392676141674e-02,-8.101471071718258088e-02,-7.732689511964459250e-02,-8.269196458576344444e-02,-8.332267640175895773e-02,-7.501645982512143707e-02,-7.128120710771142232e-02
6.651843009621212846e-03,6.429993654079983918e-03,7.175282928774364549e-03,9.105134104433077608e-03,1.733210625236512870e-02,1.290181460087943058e-02,7.297654700160294966e-03,-6.031509373995854253e-03,-1.527667250517284955e-02,-1.919187363134316343e-02,-2.361173615314938329e-02,-2.356334766059939301e-02,-1.710820752246067222e-02,-1.238237143549942611e-02,-1.265436387836519488e-02,-1.688606285528998496e-02,-2.166680350934848884e-02,-2.533648356793753720e-02,-1.843449222697429724e-02,-1.334116240195068817e-02,-1.386005947471013328e-02,-1.884397570863327598e-02,-1.004066803180583486e-02,-6.325596299952307086e-03,-2.096275623682053446e-02,-2.005302699025121940e-02,-2.784569712259277532e-02,-1.456462282837328939e-02,-2.064771802423369038e-02,-2.999606776798886820e-02,-2.546025940482950223e-02,-3.320042024362956923e-02,-3.467863132128635312e-02,-4.237877719801770582e-02,-4.749082672373573094e-02,-4.245970892170560645e-02,-3.504673547718222676e-02,-2.514073629808127180e-02,-2.565801406582935568e-02,-2.564194102100153874e-02,-1.636645641589126732e-02,-1.200952778038910651e-02,-1.855020099606010525e-02,-2.425202578441770784e-02,-1.668074638139055432e-02,-2.943002910574247719e-02,-2.202138253145383834e-02,-1.533125211866736420e-02,-1.731876969316283738e-02,-1.563889582141811049e-02,-1.107330674057669523e-02,-1.768141581830905140e-02,-1.656758237372552706e-02,-1.784844434501890384e-02,-5.474660157916878475e-03,-1.373944623008315977e-02,-1.683829063689260344e-02,-1.568993022518147887e-02,-3.356678874499389661e-03,1.083073657063131703e-03,-1.741366300241552895e-02,-1.181403015932800012e-02,-2.382461802946058554e-02,-3.525864958284559425e-02,-4.129763322653919738e-02,-4.225831520964412613e-02,-4.631607324938825931e-02,-3.852474847052612256e-02,-4.570309632136201894e-02,-4.760825148725150724e-02,-4.705571022187272912e-02,-4.462217789847729155e-02,-3.895521213894730106e-02,-3.232878119956367896e-02,-3.121541571405331977e-02,-3.786594104121024373e-02,-3.418082133835277647e-02,-2.710790710496751438e-02,-2.414776028341089620e-02,-1.451785314811662557e-02,-1.067502529663284794e-02,-6.936617547568717755e-03,-6.481877465816742422e-03,-8.152024632563157139e-03,-1.721835784335085107e-02,-1.927498313701939484e-02,-2.405529244282494233e-02,-2.433854858289021678e-02,-2.865601500933996626e-02,-3.609185162969817673e-02,-2.887762305752404265e-02,-3.231032860189347877e-02,-2.948781226673604511e-02,-2.998588732136629395e-02,-3.346582435177938852e-02,-4.560711888470466574e-02,-4.775059756047863452e-02,-3.458395110956291596e-02,-3.386071286769898325e-02,-3.034026759739051615e-02,-3.671756060096158236e-02,-3.279651084761509711e-02,-2.540491227814024172e-02,-1.077961545432260665e-02,-9.243212492356571094e-03,-1.303803367212774504e-02,-9.607729132742295203e-03,-1.120636103616453640e-02,-1.466285717979045819e-02,-1.234602955464008181e-02,-1.337935619514146052e-02,-1.063510825218039885e-02,-9.330822835486401318e-03,-9.987317266734661164e-03,-1.382559105749077769e-02,-1.249507374360944723e-02,-1.822006342871076642e-02,-2.339575485672044930e-02,-2.403959610359194740e-02,-2.248068536135812423e-02,-2.625273576258081720e-02,-3.263653920464425207e-02,-3.828960736965773132e-02,-6.012292738975898165e-02,-6.320118224530342499e-02,-5.634395429718369597e-02,-6.284965390263248797e-02,-6.020669963071641206e-02,-6.258273447093780362e-02,-6.082387563886134524e-02,-6.406680644337027497e-02,-7.082983564691441858e-02,-6.624370291797526678e-02,-5.617931406484371476e-02,-6.623328485024747303e-02,-5.911224182794497933e-02,-6.210922459128067480e-02,-5.511360495976334178e-02,-5.042327611137846499e-02,-6.007968035955089936e-02,-7.420061051955727238e-02,-7.034283266760571474e-02,-7.865453221838231146e-02,-6.648630072626246501e-02,-5.917985677984704401e-02,-5.937172333757942400e-02,-6.966247543326094249e-02,-6.059045214576945504e-02,-7.184911575521756022e-02,-7.904763284845763016e-02,-7.319056557357610238e-02,-6.511128855401518423e-02,-6.376280247419635616e-02,-6.123810596901407138e-02,-6.192982109387260015e-02,-6.181186752486381858e-02,-6.382098218595928796e-02,-5.967155899965023019e-02,-5.501709183043171358e-02,-4.898264141879273698e-02,-4.648055196232073888e-02,-4.757122151740886262e-02,-4.177315223387614851e-02,-4.308205690536512367e-02,-3.855406378113787613e-02,-4.180685930403500034e-02,-3.646657866699953149e-02,-3.776418510902361525e-02,-3.498194332751733415e-02,-2.677925692270998609e-02,-2.689849236939843152e-02,-2.153822057542856272e-02,-1.782486831794948337e-02,-3.329239121138236057e-02,-4.033108061567332314e-02,-4.272114655025122804e-02,-4.177585269963893927e-02,-3.830822308302789941e-02,-4.351895309052731392e-02,-5.567000753390983353e-02,-4.909415616029743495e-02,-5.130429149186820081e-02,-5.300903899772228811e-02,-5.088240578889558635e-02,-6.001243896236655578e-02,-5.741043004385578546e-02,-5.684040211110767682e-02,-5.363406109035590702e-02,-4.484589058934074918e-02,-4.855928665304187070e-02,-3.936663501068589366e-02,-4.139777150008775580e-02,-3.712400871122594620e-02,-3.887478970187040889e-02,-4.065831196662252067e-02,-3.944306049676612330e-02,-3.062438830262064968e-02,-2.965216418644823354e-02,-3.865891378264754707e-02
-5.264723001067503523e-03,6.332555468600209979e-03,-2.321614181094514874e-03,-8.698409628683619749e-03,-5.962624863648461476e-03,-8.011103982189278147e-03,-4.954442265105779217e-03,-7.630673027279308296e-03,6.832346309826832151e-03,3.916904217486466035e-03,1.515336071369995444e-02,8.589180093916872621e-03,-1.176797182670856132e-03,-2.852018048950474751e-03,-6.753710242634134581e-03,-1.011342914958861076e-02,-1.532174122917573378e-02,-2.676095067831538166e-02,-3.217309712071626804e-02,-2.358246493289885629e-02,-3.025061833062946820e-02,-3.182322763266998145e-02,-3.925391002529912687e-02,-4.141123484077788297e-02,-3.497058919183008291e-02,-2.429089688763903104e-02,-1.812527452866862301e-02,-1.950038116625430612e-02,-3.267961136491030066e-02,-3.270817151191050820e-02,-2.434173982424651245e-02,-1.459129910918173512e-02,-1.306202553590277322e-02,-1.041172244219281708e-02,-5.056725801120645278e-03,-1.215094782466066836e-02,-1.203092340913296254e-02,-1.291061202840334231e-02,-1.633758952497047293e-02,-2.012269290399347488e-02,-2.814328024955992449e-02,-3.130280150497388725e-02,-3.047648389559832680e-02,-4.025655268598517939e-02,-3.821079471605643568e-02,-4.242978749611071160e-02,-3.444653942177182404e-02,-3.060766441176929892e-02,-3.322092358253842664e-02,-2.545215565598356322e-02,-2.165500716711272339e-02,-1.441283545894105067e-02,-4.173504736558222156e-03,-3.276293846074355542e-03,-5.472559539966379005e-03,-1.022582504543714452e-02,-6.717080862276204704e-03,-1.209279636693071092e-02,-5.471530119538095191e-03,-3.690943870767317107e-03,-1.891466805321262651e-03,-8.439372874269786013e-04,-4.435752459398732868e-03,-4.269764513330151501e-04,-9.953139995090931266e-03,-2.357865734002370824e-03,-4.850318967444941162e-03,-1.568929279751426348e-02,-1.593989684340813354e-02,-1.433774181658092547e-02,-1.592035788948784059e-02,-2.150375828005027939e-02,-2.337950434664933311e-02,-2.215934513124199340e-02,-1.370844733040910146e-02,-1.337892191051825996e-02,-4.734994306485983476e-03,-1.919485918140289432e-02,-1.778722318497770807e-02,-1.496586432640858652e-02,-1.601171673432208800e-02,-2.475163186634780910e-02,-3.653613058666839442e-02,-4.126354704885097646e-02,-3.634892957436570288e-02,-3.557986783067984549e-02,-3.262454442536019683e-02,-2.892511681194589318e-02,-2.970408436259186491e-02,-2.750980282399962534e-02,-2.728499230789858260e-02,-3.886586790236600669e-02,-3.874949660861250894e-02,-3.336810097218792515e-02,-2.534510892425559034e-02,-2.728379816615844611e-02,-3.651094788789896461e-02,-2.647123481581117876e-02,-3.924294437156806287e-02,-3.217762260969463106e-02,-2.750275354081961610e-02,-2.159589922313474505e-02,-1.324183159879105919e-02,-1.646965841081603210e-02,-1.354362090409912470e-02,-1.454607329044588747e-02,-1.069172522232610979e-02,-1.144401691008255229e-02,-1.676363179252466848e-02,-1.689297858706905256e-02,-1.171181039130941848e-03,-9.540489272568189461e-03,-3.916518768659243803e-03,-9.656197773933385305e-04,-1.581187622987602001e-02,-1.364322883223870013e-02,-1.109891444728986626e-02,-1.163262835168669615e-02,-2.215229693483887485e-02,-1.074117556291271161e-02,-4.643481582717145020e-03,7.174391451922019353e-03,1.304104827420736468e-02,4.805374545222189722e-03,-3.323734297396355869e-03,-8.248673843952326196e-03,-1.128696451919096802e-02,-3.199057022429023858e-03,-1.544141506168548138e-02,-3.674101572142592087e-02,-3.803144515986294633e-02,-4.266741613104636094e-02,-5.155980256345891327e-02,-4.683135872033224179e-02,-4.636999052608915817e-02,-4.652885866181289548e-02,-4.274120096001178537e-02,-4.326002176838419228e-02,-4.654781931315073173e-02,-4.901296663218029231e-02,-4.058292515810296014e-02,-4.229099749942286796e-02,-4.637704486307617224e-02,-4.591310379341140974e-02,-4.651330824503958211e-02,-4.414970726111271115e-02,-3.974427876729708792e-02,-3.823537863588873098e-02,-3.014845294341683690e-02,-2.755723374575563128e-02,-2.856858758765067757e-02,-3.031698770689393585e-02,-2.461305968641061548e-02,-2.994151267292165935e-02,-2.349297352669042424e-02,-1.785133064536354244e-02,-1.885776104011441245e-02,-2.644711337403330906e-02,-3.075003488012172451e-02,-2.790807478549377565e-02,-2.395773076040676186e-02,-3.332674059276481693e-02,-3.344062073469315777e-02,-3.249742895270196080e-02,-3.062008179637512595e-02,-2.660596698149586548e-02,-2.349561070075539132e-02,-3.265551615029925470e-02,-3.760236696893320962e-02,-4.884305184233748987e-02,-5.382042892243705384e-02,-5.960121711400723221e-02,-5.804155336759319467e-02,-6.623097311387586561e-02,-7.208767665108775646e-02,-7.631477039990625100e-02,-8.037075643247786061e-02,-6.780568035695422324e-02,-7.061150053418639716e-02,-6.417488719658381857e-02,-6.708316789330369401e-02,-7.228132841867751512e-02,-7.287524149495042125e-02,-6.934507667704919998e-02,-7.049725958211867927e-02,-6.769153411183660707e-02,-4.819363298421221187e-02,-4.991900021074160976e-02,-4.681162330705477409e-02,-5.897125103825465869e-02,-5.568419493750838278e-02,-5.232940990065961667e-02,-4.747935112019556481e-02,-4.346854597348074473e-02,-4.937445437215710192e-02,-4.391025281591860729e-02,-4.413988783467272248e-02,-3.833218134549105233e-02,-3.549163880803619248e-02
-2.381917857347185322e-03,-5.958998740608442701e-03,-3.472249907719419763e-03,2.700500380296184944e-03,1.537002373165492417e-03,3.185667633017519144e-03,-9.309913897805815325e-03,-3.196854794204327145e-03,-3.186195158830235161e-03,1.377281380278605298e-02,1.477409757937840802e-02,1.300632576254107976e-02,1.184444079976108843e-02,1.514427786168046769e-02,1.273166272554467418e-02,1.511264112604382946e-02,1.189826673817960187e-02,1.752090128126774712e-02,2.151863902222076255e-02,1.958644690481588582e-02,1.677667723883469880e-02,1.672570297967740371e-02,1.805323332138641240e-02,6.684870893223088251e-03,1.187427329782172504e-02,2.696732579539168687e-03,1.334729140222307500e-02,1.100662457602596608e-02,1.371230191391655841e-02,7.318087940277172992e-03,5.240429214544640307e-03,6.932865829492774676e-03,2.333800321529802373e-03,9.493412939670521633e-03,3.228736979862914178e-03,-2.417946043769341261e-03,-3.560253135482874254e-03,-4.037365702266241044e-03,-5.747617123281449289e-03,-1.339698747042943408e-02,-1.598406557521322297e-02,-1.655672500412555537e-02,-2.061322275682236568e-02,-8.914218210261266526e-03,-9.461278187269125603e-03,-9.211316149966616157e-03,-4.506142381752491037e-03,-8.268793562932698696e-03,-5.994166158431367408e-03,1.934172823804895455e-03,1.295927632814656595e-02,8.044286468792963968e-03,4.915742116125241222e-03,1.659036748942569958e-02,1.337909395213746945e-02,9.116776529737982693e-03,1.083314017190359184e-02,7.767330826439810057e-03,5.742397603781517618e-03,4.811047896400478738e-03,3.883302210314559973e-03,9.379731386468517437e-03,7.313350962267014047e-03,1.491138552363911914e-03,5.888114652358601882e-03,1.220942111502039927e-02,5.978305162877746610e-03,-2.736813532956726761e-04,-2.487619986938093258e-03,7.869338929955841527e-03,1.023172023602921844e-02,1.006833285146602024e-02,1.813393068542265216e-02,1.323435419760062709e-02,1.167624576274279603e-02,3.693364602015754283e-03,-8.303911697550439910e-03,-3.592261528543990064e-03,6.171898610429207496e-04,3.338340818982210578e-03,1.010855589164286888e-02,-4.144350487205409467e-03,-9.727866038186903236e-03,-1.109111964043721366e-02,-2.680091915111103978e-03,-2.596318191379119386e-03,-5.382079943064249639e-03,-3.305118145197149561e-03,4.560894067580424129e-03,7.885047537772513215e-05,-2.255222501110839325e-03,-2.660908072417785333e-03,-9.258748067072808050e-03,-4.097251019441645881e-05,5.139385327843088401e-03,1.148496625265086821e-04,3.082760952149090402e-03,4.927165203611437450e-03,1.069283834234076302e-02,5.189983627117204096e-03,3.560550344002003098e-03,2.344739915769463064e-03,-1.501436935966026127e-04,-9.287004569357512271e-03,-1.205582936814497338e-02,-8.590029594563943979e-03,-6.332152866492917094e-03,-1.537493177142774600e-02,-1.737052369710481020e-02,-1.046539780387567564e-02,-1.186264580448458811e-02,-1.344740857144558627e-02,-1.426898770284359269e-02,-1.546978132135128428e-03,1.833417085980251077e-03,3.971168840342697084e-04,5.333057788501744355e-03,1.617002626255523851e-02,1.225833398429862844e-03,7.053593016947153245e-03,9.294788421151813085e-03,5.914795277249479052e-03,2.745287907670256565e-03,1.135809648344544495e-02,1.809907695691524362e-02,2.144049271661997019e-02,3.579204922984196430e-02,5.000886503644682429e-02,5.388355324892851045e-02,5.546294987091855699e-02,4.350001106272451123e-02,4.481031664525609443e-02,4.192795653245815629e-02,3.954547196386432040e-02,3.542962772476433708e-02,3.305871262173178116e-02,3.329129467038107609e-02,2.144448912973187515e-02,2.747799693768703325e-02,2.455618188398099588e-02,2.525091110306235467e-02,1.521228011566832204e-02,2.235126595214866757e-02,2.190461031195334654e-02,1.355053400131091962e-02,2.291926754320757625e-02,2.447587872327901259e-02,1.874642333440790579e-02,2.131582687486305305e-02,2.105772594195373312e-02,1.796953755985406659e-02,1.588879517184666260e-02,1.287646787906804487e-02,1.069894991487375588e-02,2.898342598423557862e-02,2.755759238150262344e-02,3.634443140050139937e-02,3.794435446734095024e-02,4.948467528817217936e-02,5.620086348769831597e-02,5.845497585492929332e-02,6.493249490943661661e-02,6.503004377013639481e-02,6.955003738387598167e-02,6.612861748431189679e-02,6.139534691028355334e-02,6.433504892199007341e-02,6.790648820025195487e-02,6.791697724218957732e-02,6.179836498472509460e-02,6.804534095093581203e-02,6.883231716718418713e-02,6.697309786491575934e-02,6.323305280544350149e-02,5.906846633379435330e-02,5.801216790798474632e-02,5.299115011577050505e-02,4.513904927394678246e-02,5.098478596259502921e-02,5.555409715989539227e-02,5.442951799788882383e-02,5.412211570901952207e-02,4.150177651715382388e-02,4.816464238478933985e-02,6.059076739966265390e-02,4.963321672961737430e-02,5.735699083656707609e-02,6.327257124494969909e-02,6.151908562832766880e-02,5.443695037083622762e-02,4.515510881834153278e-02,4.721278049682589573e-02,4.814717912821737250e-02,4.293487716167625201e-02,4.554631457928531163e-02,3.714877848684190048e-02,3.572761439392074800e-02,3.590007201494546663e-02,4.058238581638146797e-02
-1.142279359636364259e-03,2.611087802040853653e-03,2.081649579945439414e-03,4.594603833232618374e-03,-7.618007375417281887e-04,2.893393045299771926e-05,9.027121296677083004e-03,3.725029666053428917e-04,-8.107213596598413299e-04,-7.098727589317052611e-03,-1.006798794654718832e-02,-3.403788889774680623e-03,-6.286162187859672783e-03,-7.438001878702156684e-03,-9.263889228612823962e-03,-2.251906946308880261e-02,-3.115794574833812003e-02,-2.866081402902947994e-02,-3.208181470014383890e-02,-4.469949228481300690e-02,-3.953548781157611991e-02,-3.177734368942868731e-02,-3.070769980809459274e-02,-3.034193049771470238e-02,-4.139546723608646811e-02,-3.862216806332630786e-02,-2.964859924278339526e-02,-2.824928785809466270e-02,-2.842225971161537953e-02,-4.272428102611234429e-02,-5.605160713481185941e-02,-5.355409159495937155e-02,-5.358997698476102717e-02,-5.519007287786673044e-02,-5.190377686908721061e-02,-4.927325263632387209e-02,-5.416926497489930881e-02,-5.294461003272298710e-02,-5.554382569424876070e-02,-6.514213964884550678e-02,-5.649245486299944025e-02,-5.986217258428894877e-02,-6.354039201741670806e-02,-7.052751756045183562e-02,-6.827000651010985133e-02,-6.610724246683762073e-02,-7.026058653740893667e-02,-7.384138835281635338e-02,-7.461308412794552536e-02,-7.264658077258090429e-02,-6.566439116200134540e-02,-5.754896501603395248e-02,-5.913231729385817759e-02,-6.373181982478554053e-02,-6.062053564535549444e-02,-5.201093615875273385e-02,-5.521598485193573991e-02,-5.846013188907317470e-02,-5.118536047043279608e-02,-5.415584049923151400e-02,-4.898575334016110061e-02,-4.845110385144833082e-02,-5.124897391132189617e-02,-5.376459981527009074e-02,-4.521047052876424333e-02,-4.240079398459557086e-02,-3.991972217194340866e-02,-4.407488463702492754e-02,-3.783007376526084653e-02,-3.079689918713494901e-02,-3.104901315707903758e-02,-3.576461151316978615e-02,-3.117313603254637938e-02,-2.953265482051804433e-02,-2.018355377495260200e-02,-1.540598597327196354e-02,-1.414655350030298575e-02,-2.631541489519443819e-02,-2.533634672239226671e-02,-2.864558483973152908e-02,-2.871523302628557414e-02,-2.351760265942874628e-02,-2.686170844825001153e-02,-2.662680995356679625e-02,-2.622128232965919778e-02,-2.518453041418114435e-02,-2.344617737928331863e-02,-2.461002939149818658e-02,-3.146208426953445159e-02,-3.279148178523979412e-02,-3.603863784827685685e-02,-4.663659069641522270e-02,-4.417573986366792743e-02,-3.752622701394729698e-02,-3.732091433604365488e-02,-2.937488515226122088e-02,-3.014092241990233914e-02,-3.303521168861091317e-02,-3.882826568930763944e-02,-3.312132751310673667e-02,-3.452438465210544427e-02,-3.274785083020650966e-02,-4.843098953485169833e-02,-5.278185042898884960e-02,-3.935604455411204072e-02,-3.564549322114286822e-02,-3.512164093929707326e-02,-4.068204562870361002e-02,-4.027086604546414178e-02,-4.133517839240258285e-02,-4.121565626592690879e-02,-3.455877854639308189e-02,-4.535792321514067749e-02,-4.421656753486905012e-02,-4.473482303555041673e-02,-4.276537232613553813e-02,-4.329560553616735447e-02,-4.531137755933647288e-02,-4.618270695266850356e-02,-3.848556660707981580e-02,-3.727618794565303040e-02,-3.464156186215942845e-02,-3.969769173543250679e-02,-4.279388330346624997e-02,-3.885383060106935293e-02,-3.439022619663935354e-02,-3.138592656795581581e-02,-2.442474820703062488e-02,-2.143725620649159294e-02,-2.588587106748743705e-02,-3.617773915196507983e-02,-3.438204966844991134e-02,-3.786998380173444562e-02,-2.407073699105765491e-02,-2.330769734732378654e-02,-1.648525719027463254e-02,-1.671950177208864768e-02,-2.248747941271784373e-02,-2.898448006585871428e-02,-2.675325445304231956e-02,-2.797179953497214849e-02,-3.749083519439750517e-02,-5.047956990200226646e-02,-4.251281702363843285e-02,-4.206403740619107934e-02,-4.996963541410460313e-02,-4.776659700466435315e-02,-4.101311178339545754e-02,-4.499249552424290644e-02,-4.288357043957857773e-02,-4.669682351857046970e-02,-4.739556616298758185e-02,-4.015160642874278374e-02,-4.236789061804703549e-02,-4.027638106540038648e-02,-4.783010469944688758e-02,-5.125483983935771176e-02,-5.202512564007281265e-02,-4.869547036543669938e-02,-6.299944705458762617e-02,-6.436959741589204365e-02,-7.345258408662515281e-02,-7.321271301281244426e-02,-7.129555830933960447e-02,-6.430660740725552271e-02,-6.864713868465859015e-02,-6.150310994891141497e-02,-6.498116778632133383e-02,-7.382064779815025735e-02,-7.377591200050710729e-02,-7.905757477244612641e-02,-7.198420721192062832e-02,-7.406119002192269873e-02,-8.215871632667644253e-02,-8.213622560713745857e-02,-7.226760085311689785e-02,-7.060038623666431423e-02,-6.672173123671681916e-02,-7.586713039665639313e-02,-6.984285186475458485e-02,-7.267213713195332103e-02,-6.793228067075836318e-02,-7.154167024146637632e-02,-7.316271755832906565e-02,-6.810202386745388414e-02,-5.716242154650560264e-02,-6.375200497915985143e-02,-6.409165418486609256e-02,-6.366477367171471946e-02,-5.399670767724231574e-02,-5.358652393922943430e-02,-3.897169844745050626e-02,-3.329735350225578039e-02,-3.124621558217432690e-02,-2.288601644871054996e-02,-3.487559728175469026e-02,-4.168723467694015333e-02,-3.014112934792174264e-02,-2.717244830860288812e-02
8.321437501069827228e-03,-8.861736410459038552e-03,-8.163507564972388719e-03,-6.726505383002725699e-03,-1.999824878057206677e-03,-2.628220440523088616e-03,8.347250088781775837e-03,8.360080989151311842e-03,-1.602546395482575339e-03,3.163135075016625802e-03,-5.109345333639244216e-03,5.542820474351683319e-03,-6.371546707049915645e-04,8.704907939853380461e-03,2.202408513028674547e-02,2.159452330986184540e-02,1.891339946055772131e-02,2.670764859180337070e-02,2.818900025785686658e-02,2.196832614620413543e-02,1.746277662093811273e-02,1.530706660181907659e-02,1.279400657335767744e-02,2.813492504596136132e-02,2.550635924435555243e-02,2.358736844646183370e-02,1.451484850238542179e-02,1.882547683119360771e-02,1.938455388948888761e-02,1.248264558146607028e-02,9.191466766570398003e-03,1.565839133136065833e-03,8.796155292909707936e-04,1.028190976490689183e-02,7.604700880577856120e-03,1.060421550047081600e-02,2.293572240571867260e-02,1.967752840499194592e-02,2.077329928300380643e-02,3.452073083594218994e-02,4.200358037028016633e-02,4.195734314698887357e-02,4.081481799816254891e-02,4.749290255739855443e-02,4.913238011025088114e-02,3.082683429660684760e-02,3.638325717651426372e-02,4.206120965747930929e-02,4.376104517427779200e-02,4.504994879175116401e-02,4.579429245885412170e-02,3.054129745632749859e-02,4.558295577485053235e-02,4.108820715882394170e-02,4.160462960883812983e-02,3.759088608207281773e-02,4.495424286629006588e-02,4.519881357338110389e-02,3.961275313022807193e-02,3.362595089951232741e-02,2.957495106853702538e-02,3.170233907003588980e-02,3.349300054097169993e-02,4.047865648567679220e-02,4.415741875471997091e-02,3.577415706553275371e-02,3.510615473388931096e-02,3.886676358054620001e-02,4.618820168110802926e-02,5.679067818630234576e-02,5.354202945445356299e-02,6.228823811067105837e-02,6.369994599492932730e-02,5.817129689073692600e-02,5.728106365530774569e-02,5.949502002063672412e-02,6.206963040346220872e-02,5.588248561857302871e-02,6.022159212810977713e-02,6.548753303434011463e-02,6.096892297385306941e-02,5.838903881279321889e-02,6.149400029416916824e-02,6.435243451938842119e-02,6.011917521274724036e-02,6.701801048581060294e-02,6.209599698317803951e-02,6.507285505437924999e-02,6.027023831690714317e-02,5.795108385444450866e-02,5.900025247672560647e-02,6.058513094576647995e-02,5.673228812101756280e-02,6.146463504504148800e-02,6.129602064984504550e-02,5.640611866103328875e-02,5.239332441090612663e-02,4.737437709063933855e-02,4.057395919699573889e-02,4.181508305640618817e-02,5.693264896313995210e-02,5.587937223766562683e-02,5.286470468328732103e-02,6.754793811502286804e-02,6.073260795078880975e-02,5.690474487918086716e-02,6.361174602061585304e-02,6.776790598517826170e-02,7.725786592750967519e-02,7.977811762829938036e-02,7.515960818551004063e-02,7.750366848495635064e-02,7.969284252426335480e-02,7.405732422757577149e-02,7.963697227228616615e-02,6.744273509592897675e-02,6.999591766853908992e-02,7.426183576923746366e-02,7.410311912944413104e-02,7.150308717220106580e-02,7.137962732339810101e-02,7.444084026540608023e-02,6.634548245849440640e-02,6.106278863981466631e-02,6.222314853072597601e-02,5.873421781668205360e-02,4.694058834703936089e-02,4.890649046828618451e-02,4.679339449838561260e-02,4.268579040339740005e-02,4.115682513405066745e-02,3.007328016864063008e-02,4.050799367012486440e-02,4.829088017195043436e-02,5.529807485268928291e-02,5.335949091972852498e-02,4.947221942772486725e-02,4.194166553968879663e-02,4.609660809085461275e-02,5.408903818885354986e-02,6.581321964936677482e-02,5.880371002732510954e-02,6.050649469849024575e-02,5.629133078725297168e-02,6.181904959237994462e-02,4.616583625670647728e-02,4.755832449677874219e-02,4.276887818094107785e-02,4.182924647588984884e-02,3.326740121449846266e-02,4.234368951816210036e-02,4.067262276669920962e-02,2.929341107383832271e-02,2.701001515123533508e-02,3.536971574923021555e-02,3.739386457987523005e-02,3.986422577908785292e-02,3.947465352202569888e-02,4.620246214615860575e-02,4.793317440173050503e-02,5.016651357888597673e-02,5.561413493578733908e-02,5.860233305450589236e-02,5.646108302822559766e-02,6.351181947088284374e-02,6.552578519422014303e-02,6.920742772071189486e-02,7.266639143276927559e-02,7.028313216621867587e-02,6.440285999654882243e-02,7.347695754328383011e-02,6.642756749489775459e-02,7.292064078294333007e-02,7.667513296526608235e-02,7.535775912040555691e-02,7.545115114385844701e-02,7.598715552792426053e-02,7.327079215345380647e-02,8.033666320231708236e-02,7.834952771710010366e-02,7.480958056972042414e-02,7.836990255147821549e-02,8.293477001320764819e-02,8.084430449683227549e-02,8.773148301865582588e-02,9.145103535422295649e-02,9.236222919096315209e-02,9.898623319520495623e-02,9.969222545831228632e-02,1.014878996620205281e-01,9.310330152814086380e-02,9.194287435931146335e-02,8.993720730139258268e-02,8.343972053167394987e-02,8.130234098062574799e-02,7.706404806815583819e-02,7.350976731978302314e-02,6.930358128458496969e-02,6.161263637934025206e-02
4.953358949887908258e-01,4.951774997305599113e-01,4.987340700396890036e-01,5.022373534426716191e-01,5.077965430108454248e-01,5.093359376718441522e-01,5.063561348916272298e-01,5.006855332373504330e-01,4.996336870176827372e-01,5.068827389651208160e-01,4.870568765763656494e-01,4.908646749920162478e-01,4.874042075460876533e-01,4.781015577324337906e-01,4.865418854923624914e-01,4.912538918245862862e-01,4.924025159251498862e-01,4.868928774684100347e-01,4.846131970480233031e-01,4.842523686887540979e-01,4.845765760669681343e-01,4.847679516365527297e-01,4.785257235593842751e-01,4.747700772101494104e-01,4.765238608424022804e-01,4.854981160830912912e-01,4.861329516567998166e-01,4.843968534940260029e-01,4.827390826659841427e-01,4.845004819988819600e-01,4.964868116790144836e-01,5.048367061624997598e-01,5.037607820075482579e-01,5.095605431104975880e-01,5.104581737049559420e-01,4.993578594980635499e-01,5.067591642091419102e-01,5.006574220916536477e-01,4.994774223737855623e-01,5.035259457222439616e-01,4.984108131115099760e-01,5.023695395109458728e-01,5.128875956221771171e-01,5.077163965384714484e-01,5.105449268447934674e-01,5.138555795902024492e-01,5.158532290129033138e-01,5.162561098964413286e-01,5.226827925940427111e-01,5.223231738281937098e-01,5.273398149811888702e-01,5.174075649828639989e-01,5.181422088006459870e-01,5.144903187215451590e-01,5.085958715926554019e-01,5.093725210952256832e-01,5.117784448795561492e-01,5.156872849928486602e-01,5.136902349518627231e-01,5.180383855792360936e-01,5.131091632085990062e-01,5.242796029743335140e-01,5.234620442936371854e-01,5.231261461958951475e-01,5.202316354914154894e-01,5.230149179460702458e-01,5.163218247848776477e-01,5.231838595717600571e-01,5.308024892366345338e-01,5.321327725372836381e-01,5.281439060119511586e-01,5.297731830734530023e-01,5.305606273646265025e-01,5.299042935366774509e-01,5.416842800216654652e-01,5.429736292832629818e-01,5.468630644972416466e-01,5.507284377177957824e-01,5.507592671591403644e-01,5.413317338886798336e-01,5.467784742031667200e-01,5.473043062273625914e-01,5.427631859981215667e-01,5.571268792709529460e-01,5.543486305493617872e-01,5.662149201438571033e-01,5.750728177017350173e-01,5.674865336432998175e-01,5.600038806918272716e-01,5.605076831961293138e-01,5.623335082894571624e-01,5.626253627627985088e-01,5.581865764801373642e-01,5.583593011325064248e-01,5.625925122560412328e-01,5.589197192061797770e-01,5.566356274791308678e-01,5.591629305622214385e-01,5.608292115384174714e-01,5.655669556177895796e-01,5.782065062592336435e-01,5.791718612448768511e-01,5.715797697495236251e-01,5.687169984213077401e-01,5.689416874141923763e-01,5.646684692358201474e-01,5.676530974376082783e-01,5.701446457165273429e-01,5.779175910886120704e-01,5.705344432259021881e-01,5.694218928179298755e-01,5.651880042165527973e-01,5.696493063088680087e-01,5.679446008238075994e-01,5.710105497864500501e-01,5.643025263351737486e-01,5.605083020596657306e-01,5.625081022927573837e-01,5.656771616954304749e-01,5.625489514258690260e-01,5.560465797840071778e-01,5.621878669112904126e-01,5.555416483587340970e-01,5.427544053582865624e-01,5.510955546969036334e-01,5.540885234028724016e-01,5.534374780836143204e-01,5.483573565739101596e-01,5.523150204905223903e-01,5.400956080017563776e-01,5.402515889069050559e-01,5.449272418443497079e-01,5.375482293314012283e-01,5.415159398391288237e-01,5.432989384031660096e-01,5.455434342177652995e-01,5.477263311405127233e-01,5.493216040417440160e-01,5.462661196065269342e-01,5.454519761827828495e-01,5.443116169918463809e-01,5.277719200755465190e-01,5.275909068580439953e-01,5.394627580228656960e-01,5.452819463005128542e-01,5.492435398549330161e-01,5.548382384372201326e-01,5.531449556445804383e-01,5.558746514159221830e-01,5.585924868293219436e-01,5.626125937973167623e-01,5.594957875529675828e-01,5.577983643667370206e-01,5.618640680192892312e-01,5.623926850890289542e-01,5.594517287037338305e-01,5.622984733594749152e-01,5.560973167371509041e-01,5.580000374109279626e-01,5.572440136249668940e-01,5.540729465375905383e-01,5.560328162418162190e-01,5.486603239902720919e-01,5.464099712578068813e-01,5.574212506219100582e-01,5.546015632769586423e-01,5.561984152209415999e-01,5.491491571251688741e-01,5.502899210485810988e-01,5.486296179317254884e-01,5.437172342412777137e-01,5.451849715296459564e-01,5.394489865862983624e-01,5.309856126004834920e-01,5.256531770228919376e-01,5.303269016132787783e-01,5.342845255878495569e-01,5.349877648057592694e-01,5.318078483801624845e-01,5.262545043554804902e-01,5.294153547998110554e-01,5.343912927977921834e-01,5.320638773702887070e-01,5.336921989476131056e-01,5.315807004957782134e-01,5.382942950393463377e-01,5.284410723365089435e-01,5.237438368067727223e-01,5.175470967148499968e-01,5.242684740282805844e-01,5.272207681787258737e-01,5.225384184455201808e-01,5.187279699499871555e-01,5.275787897983686969e-01,5.224484502993758106e-01,5.235551830860353251e-01,5.247151721455238782e-01,5.138909048814661595e-01,5.161615314644788510e-01
