3.333333333333333148e-01,3.407778450456191988e-01,3.350362813807177820e-01,3.381436846736953772e-01,3.440479148085010541e-01,3.453765893691931321e-01,3.415218202050027685e-01,3.437645584010635136e-01,3.469546333183663456e-01,3.472594807406962913e-01,3.409840861387305466e-01,3.602763749010607919e-01,3.635441620723566802e-01,3.661555786473122409e-01,3.635645443182946024e-01,3.729022306355145311e-01,3.881325461263049892e-01,3.669810250796917139e-01,3.704667516076019518e-01,3.592117018587825950e-01,3.709506645217085508e-01,3.961787022665131941e-01,3.854560775856937793e-01,3.869619132493838376e-01,3.853467847976393412e-01,4.002356994099065535e-01,3.970675500798551694e-01,3.978203707666357336e-01,4.118027361272050269e-01,3.982374554471813655e-01,3.981939841025308735e-01,3.879058873887197834e-01,3.781875393435771837e-01,3.715942889051507825e-01,3.695618365056146382e-01,3.721492415550048394e-01,3.714775748173186343e-01,3.723660021618196425e-01,3.709806565463623640e-01,3.661657189409586177e-01,3.726252345968110724e-01,3.737604280151985425e-01,3.757894625411885570e-01,3.758285498254080315e-01,3.773554857687017039e-01,3.775643293270233292e-01,3.591260658467713696e-01,3.725662989707364536e-01,3.817814866989447942e-01,3.716153992890148805e-01,3.943847165500667384e-01,3.940590302420266533e-01,4.033305198356080257e-01,4.094428518273630080e-01,4.177209939669110916e-01,3.904320818777625157e-01,4.051592051004420658e-01,4.103688478289557739e-01,4.095505494523251078e-01,3.989250259521402442e-01,3.861762734147082266e-01,4.017688188500878610e-01,4.037581014705235449e-01,4.172039874869810094e-01,4.106779685843161554e-01,4.117427455564423022e-01,4.115471377371461847e-01,4.139473089412731288e-01,4.157376157000668426e-01,4.171878295462299602e-01,4.168599508153763011e-01,4.179874031266475054e-01,4.172246996097918048e-01,4.169256068346729460e-01,4.072119135878429774e-01,4.178294729331812896e-01,4.265078239790803805e-01,4.268347901516244547e-01,4.345525215539066122e-01,4.301745947709800233e-01,4.458136147107177871e-01,4.546094469006208838e-01,4.627795337548892829e-01,4.759767699372914329e-01,4.719420090835674264e-01,4.786213125891418119e-01,4.741122915760075385e-01,4.799442365335886973e-01,4.807283239633126648e-01,4.764704451141631991e-01,4.943363208866576319e-01,4.931964280803882161e-01,4.896251175798460031e-01,4.954944113314556087e-01,4.915039218635516849e-01,4.909081699265404053e-01,4.859036736042095517e-01,4.836756120469788978e-01,4.792288347128425552e-01,4.799802709357364749e-01,4.812279798244880613e-01,4.821558995016348992e-01,4.858829088794678897e-01,4.838461018586336371e-01,4.665548392340602146e-01,4.707828347203816821e-01,4.752042200875295497e-01,4.665606816957299507e-01,4.527731096871889238e-01,4.786191796114713237e-01,4.816570265451557975e-01,4.621093667993200760e-01,4.702965771530788208e-01,4.778262406129343276e-01,4.714491082937527500e-01,4.689809740022005680e-01,4.683676820644867567e-01,4.682572176674929532e-01,4.488165202878676707e-01,4.395741988460435956e-01,4.322257494903520292e-01,4.322821917750634402e-01,4.314726455784341774e-01,4.524932560145309979e-01,4.456097827717858118e-01,4.445791973310183609e-01,4.489748517403108208e-01,4.498666851057190885e-01,4.417804074168514838e-01,4.417638520193243878e-01,4.394086437440334336e-01,4.335234349254946662e-01,4.321628452709133095e-01,4.497465213377694337e-01,4.384971582254585942e-01,4.434615688772414188e-01,4.628595344339681006e-01,4.648673565759643411e-01,4.619389126642268195e-01,4.465274679982635941e-01,4.493050848215109361e-01,4.619287837574304056e-01,4.678529784621344167e-01,4.703316197468145887e-01,4.642542835505018006e-01,4.767617542699650324e-01,4.783108669316918915e-01,4.722331359590523081e-01,4.786231525840511924e-01,4.875423480192651038e-01,4.826783936930670871e-01,4.889676965416180354e-01,4.909301709692744375e-01,4.919000933336527548e-01,4.989210011204150974e-01,4.944212795324835485e-01,4.936141940132108830e-01,4.936093696168825651e-01,5.056303837923052935e-01,5.084355622825523779e-01,5.190845879068775037e-01,5.076083667720947545e-01,5.127712573246325789e-01,5.164559882596867491e-01,5.131588759336266348e-01,5.052537645276258260e-01,5.097475276508739439e-01,5.096010889731015236e-01,5.080121745089517526e-01,5.075436675920502738e-01,5.110078077286929199e-01,5.081097343134803879e-01,5.079985344837824046e-01,5.092961531275580489e-01,5.067622987233000309e-01,4.977294621115095352e-01,4.874877290512644734e-01,4.919145210875261465e-01,4.847334377267365491e-01,4.895808876483710992e-01,4.868963012120673395e-01,4.885313200780564413e-01,4.891817691459139361e-01,4.879780055684000417e-01,4.884254788535056235e-01,4.923824651289389620e-01,4.971464707885814294e-01,4.972525310324289460e-01,4.983113574258225542e-01,5.040895668611573566e-01,5.097977506042068452e-01,5.127323456000033586e-01,5.220201638448738191e-01,5.140056953078675495e-01,5.139515836251037362e-01,5.115606478605108087e-01,5.129432655683884290e-01,5.144859301656070638e-01,5.001269535599216498e-01,5.084779157615553213e-01
0.000000000000000000e+00,0.000000000000000000e+00,0.000000000000000000e+00,0.000000000000000000e+00,0.000000000000000000e+00,0.000000000000000000e+00,0.000000000000000000e+00,0.000000000000000000e+00,0.000000000000000000e+00,0.000000000000000000e+00,0.000000000000000000e+00,0.000000000000000000e+00,0.000000000000000000e+00,0.000000000000000000e+00,0.000000000000000000e+00,0.000000000000000000e+00,0.000000000000000000e+00,0.000000000000000000e+00,0.000000000000000000e+00,0.000000000000000000e+00,0.000000000000000000e+00,0.000000000000000000e+00,0.000000000000000000e+00,0.000000000000000000e+00,0.000000000000000000e+00,0.000000000000000000e+00,0.000000000000000000e+00,0.000000000000000000e+00,0.000000000000000000e+00,0.000000000000000000e+00,0.000000000000000000e+00,0.000000000000000000e+00,0.000000000000000000e+00,0.000000000000000000e+00,0.000000000000000000e+00,0.000000000000000000e+00,0.000000000000000000e+00,0.000000000000000000e+00,0.000000000000000000e+00,0.000000000000000000e+00,0.000000000000000000e+00,0.000000000000000000e+00,0.000000000000000000e+00,0.000000000000000000e+00,0.000000000000000000e+00,0.000000000000000000e+00,0.000000000000000000e+00,0.000000000000000000e+00,0.000000000000000000e+00,0.000000000000000000e+00,0.000000000000000000e+00,0.000000000000000000e+00,0.000000000000000000e+00,0.000000000000000000e+00,0.000000000000000000e+00,0.000000000000000000e+00,0.000000000000000000e+00,0.000000000000000000e+00,0.000000000000000000e+00,0.000000000000000000e+00,0.000000000000000000e+00,0.000000000000000000e+00,0.000000000000000000e+00,0.000000000000000000e+00,0.000000000000000000e+00,0.000000000000000000e+00,0.000000000000000000e+00,0.000000000000000000e+00,0.000000000000000000e+00,0.000000000000000000e+00,0.000000000000000000e+00,0.000000000000000000e+00,0.000000000000000000e+00,0.000000000000000000e+00,0.000000000000000000e+00,0.000000000000000000e+00,0.000000000000000000e+00,0.000000000000000000e+00,0.000000000000000000e+00,0.000000000000000000e+00,0.000000000000000000e+00,0.000000000000000000e+00,0.000000000000000000e+00,0.000000000000000000e+00,0.000000000000000000e+00,0.000000000000000000e+00,0.000000000000000000e+00,0.000000000000000000e+00,0.000000000000000000e+00,0.000000000000000000e+00,0.000000000000000000e+00,0.000000000000000000e+00,0.000000000000000000e+00,0.000000000000000000e+00,0.000000000000000000e+00,0.000000000000000000e+00,0.000000000000000000e+00,0.000000000000000000e+00,0.000000000000000000e+00,0.000000000000000000e+00,0.000000000000000000e+00,0.000000000000000000e+00,0.000000000000000000e+00,0.000000000000000000e+00,0.000000000000000000e+00,0.000000000000000000e+00,0.000000000000000000e+00,0.000000000000000000e+00,0.000000000000000000e+00,0.000000000000000000e+00,0.000000000000000000e+00,0.000000000000000000e+00,0.000000000000000000e+00,0.000000000000000000e+00,0.000000000000000000e+00,0.000000000000000000e+00,0.000000000000000000e+00,0.000000000000000000e+00,0.000000000000000000e+00,0.000000000000000000e+00,0.000000000000000000e+00,0.000000000000000000e+00,0.000000000000000000e+00,0.000000000000000000e+00,0.000000000000000000e+00,0.000000000000000000e+00,0.000000000000000000e+00,0.000000000000000000e+00,0.000000000000000000e+00,0.000000000000000000e+00,0.000000000000000000e+00,0.000000000000000000e+00,0.000000000000000000e+00,0.000000000000000000e+00,0.000000000000000000e+00,0.000000000000000000e+00,0.000000000000000000e+00,0.000000000000000000e+00,0.000000000000000000e+00,0.000000000000000000e+00,0.000000000000000000e+00,0.000000000000000000e+00,0.000000000000000000e+00,0.000000000000000000e+00,0.000000000000000000e+00,0.000000000000000000e+00,0.000000000000000000e+00,0.000000000000000000e+00,0.000000000000000000e+00,0.000000000000000000e+00,0.000000000000000000e+00,0.000000000000000000e+00,0.000000000000000000e+00,0.000000000000000000e+00,0.000000000000000000e+00,0.000000000000000000e+00,0.000000000000000000e+00,0.000000000000000000e+00,0.000000000000000000e+00,0.000000000000000000e+00,0.000000000000000000e+00,0.000000000000000000e+00,0.000000000000000000e+00,0.000000000000000000e+00,0.000000000000000000e+00,0.000000000000000000e+00,0.000000000000000000e+00,0.000000000000000000e+00,0.000000000000000000e+00,0.000000000000000000e+00,0.000000000000000000e+00,0.000000000000000000e+00,0.000000000000000000e+00,0.000000000000000000e+00,0.000000000000000000e+00,0.000000000000000000e+00,0.000000000000000000e+00,0.000000000000000000e+00,0.000000000000000000e+00,0.000000000000000000e+00,0.000000000000000000e+00,0.000000000000000000e+00,0.000000000000000000e+00,0.000000000000000000e+00,0.000000000000000000e+00,0.000000000000000000e+00,0.000000000000000000e+00,0.000000000000000000e+00,0.000000000000000000e+00,0.000000000000000000e+00,0.000000000000000000e+00,0.000000000000000000e+00,0.000000000000000000e+00,0.000000000000000000e+00,0.000000000000000000e+00,0.000000000000000000e+00,0.000000000000000000e+00,0.000000000000000000e+00,0.000000000000000000e+00,0.000000000000000000e+00
1.111111111111111049e-01,1.104948453235039818e-01,1.103593919406252177e-01,1.312888813735126892e-01,1.030626443313463619e-01,7.554940227637406414e-02,7.718892693419722451e-02,7.073595350182031172e-02,6.508322103159099037e-02,5.612667916582188971e-02,1.063454749618411577e-02,4.828091949478938681e-03,-7.896655745861163450e-03,-3.272160985834155281e-03,2.259011868578480325e-02,2.742153350237998971e-03,2.098366792049411247e-03,-6.911154250294844828e-03,-1.854508765658760203e-02,-2.166890509994632424e-02,-1.699126888286540960e-02,-1.834487454030984607e-02,-2.870155556739218197e-02,-2.513816376150413909e-02,-3.443129628552395183e-02,-3.799048828478051448e-02,-4.147481094897760567e-02,-4.345472353762003248e-02,-3.929965393292513681e-02,-4.114413809763702023e-02,-3.028631621940315599e-02,-2.438032303155882735e-02,-2.576058962652264667e-02,-2.725072026671686992e-02,-2.857823137115668780e-02,-3.409078855403418346e-02,-4.428700465972433553e-02,-3.720001859611078016e-02,-4.885340037949506553e-02,-4.418339205581516688e-02,-5.376897105660065346e-02,-4.305533092112284743e-02,-3.062506664363415926e-02,-1.716491245444490277e-02,-2.401879098093842937e-03,-1.188120316927911667e-02,-9.074528176050571798e-03,-1.144560567493369506e-02,-3.443272825765644057e-03,2.292922992815475333e-02,1.234365021000585760e-02,1.345434181190840670e-02,1.251177834826601269e-02,9.146908821983915430e-03,1.546474302541130975e-03,2.068015692566895977e-02,7.349113037989627936e-03,1.362560442706932731e-02,3.274763903329975037e-03,-1.490006032348165262e-02,-1.957579091093040666e-02,-2.036480677353470423e-02,-1.837080765088447767e-02,-1.883865671704665345e-02,-2.499101190081632826e-02,-1.858036276317911323e-02,-1.483360904088628154e-02,-1.006756272607431738e-02,-2.560465943043727099e-02,-2.840453590004413109e-02,-3.949532890888864112e-02,-5.371900565864520805e-02,-2.665868506445269806e-02,-2.587555517800897709e-03,-5.229501317147808997e-04,-9.346051126858823110e-03,-1.440002240562483771e-02,-7.519641199780179031e-04,8.310201017458284517e-03,1.324401586390045946e-02,1.729679058392425556e-02,4.677036732084381698e-02,3.786986189404906167e-02,4.899946709885544954e-02,4.507137173633048860e-02,5.394128209052942435e-02,6.744097102849705427e-02,7.109625062965120590e-02,6.963769206472572582e-02,8.628037364766408257e-02,7.943596694412304038e-02,7.471062149138525676e-02,8.523567375471530205e-02,8.186448762052730976e-02,7.989832208766856070e-02,8.501165616337175157e-02,1.002671760314151755e-01,9.340836877962789553e-02,9.133682998020863086e-02,7.985900417769144222e-02,5.623218264883249329e-02,6.495216429915973144e-02,5.168223089629831596e-02,5.550102858349266477e-02,5.787639398693447679e-02,5.275925121548424163e-02,5.502251637339360124e-02,5.936134665497046214e-02,5.767142580684536668e-02,5.465206219481103661e-02,5.335501228962571951e-02,4.959261662385759661e-02,5.385087429197766423e-02,4.552303962211547150e-02,5.072851918311355873e-02,4.708770806051784663e-02,4.886098365634597429e-02,5.063601773016611352e-02,4.860522749149517874e-02,6.097774024181214225e-02,6.292775725905327966e-02,5.710730070692882077e-02,5.059447125102989329e-02,2.348915933665158412e-02,2.671850833893924665e-02,2.360868503999690241e-02,4.551776001638699332e-02,4.070041516928387532e-02,4.861405446628298821e-02,4.341141333551192666e-02,4.175433515946642971e-02,4.758897120309463907e-02,5.151095256146027979e-02,3.665856972603798170e-02,3.412974713568102392e-02,4.914571144321589619e-02,4.629321199338266857e-02,5.477752384703924587e-02,7.306780286604919183e-02,5.711586966789838210e-02,6.657744285237883475e-02,5.893597262494141426e-02,3.193313987852555713e-02,3.164525230289597785e-02,2.471832942805178221e-02,5.239492510028009170e-02,5.312186624036342036e-02,5.942053642472275299e-02,6.034293876812948931e-02,6.328189379061212316e-02,6.223706133641385835e-02,5.497942187167351863e-02,4.737172232498140789e-02,4.915788146126367358e-02,5.552229611978079515e-02,6.507623888563689174e-02,6.937056505086343361e-02,8.181010518534617693e-02,9.167146106242725356e-02,7.965271966842191187e-02,6.381445469738668275e-02,6.295056161347133139e-02,3.122804437330396754e-02,3.082949194254554215e-02,2.881080020016377891e-02,3.540460071360138072e-02,3.117610168671644186e-02,5.248301558212411372e-02,6.241826705581624696e-02,5.584032858448649550e-02,5.610467671389329780e-02,3.801751528633733057e-02,6.611253802392333401e-02,3.353043958762332022e-02,1.743861175996630833e-02,4.865440319649865994e-03,-2.155846566775519030e-02,-2.299007573871235735e-02,-1.384662254138503343e-02,-2.325162781993906150e-02,-5.704773531236476125e-02,-9.564005721030705010e-02,-1.171551265395771035e-01,-1.058018360797041701e-01,-8.956997644834971406e-02,-8.697023132175124571e-02,-6.355327789052372944e-02,-6.215790709271100389e-02,-5.558665598071917818e-02,-5.324524251380074319e-02,-5.364152628218775420e-02,-5.780072220327685251e-02,-4.608265015810682208e-02,-3.069060379539283179e-02,-2.205111071852447133e-02,-5.910016461740198734e-03,1.342094708598233488e-02,2.303852461279027458e-02,1.221800606475964557e-02,2.399278457407673371e-02
0.000000000000000000e+00,0.000000000000000000e+00,0.000000000000000000e+00,0.000000000000000000e+00,0.000000000000000000e+00,0.000000000000000000e+00,0.000000000000000000e+00,0.000000000000000000e+00,0.000000000000000000e+00,0.000000000000000000e+00,0.000000000000000000e+00,0.000000000000000000e+00,0.000000000000000000e+00,0.000000000000000000e+00,0.000000000000000000e+00,0.000000000000000000e+00,0.000000000000000000e+00,0.000000000000000000e+00,0.000000000000000000e+00,0.000000000000000000e+00,0.000000000000000000e+00,0.000000000000000000e+00,0.000000000000000000e+00,0.000000000000000000e+00,0.000000000000000000e+00,0.000000000000000000e+00,0.000000000000000000e+00,0.000000000000000000e+00,0.000000000000000000e+00,0.000000000000000000e+00,0.000000000000000000e+00,0.000000000000000000e+00,0.000000000000000000e+00,0.000000000000000000e+00,0.000000000000000000e+00,0.000000000000000000e+00,0.000000000000000000e+00,0.000000000000000000e+00,0.000000000000000000e+00,0.000000000000000000e+00,0.000000000000000000e+00,0.000000000000000000e+00,0.000000000000000000e+00,0.000000000000000000e+00,0.000000000000000000e+00,0.000000000000000000e+00,0.000000000000000000e+00,0.000000000000000000e+00,0.000000000000000000e+00,0.000000000000000000e+00,0.000000000000000000e+00,0.000000000000000000e+00,0.000000000000000000e+00,0.000000000000000000e+00,0.000000000000000000e+00,0.000000000000000000e+00,0.000000000000000000e+00,0.000000000000000000e+00,0.000000000000000000e+00,0.000000000000000000e+00,0.000000000000000000e+00,0.000000000000000000e+00,0.000000000000000000e+00,0.000000000000000000e+00,0.000000000000000000e+00,0.000000000000000000e+00,0.000000000000000000e+00,0.000000000000000000e+00,0.000000000000000000e+00,0.000000000000000000e+00,0.000000000000000000e+00,0.000000000000000000e+00,0.000000000000000000e+00,0.000000000000000000e+00,0.000000000000000000e+00,0.000000000000000000e+00,0.000000000000000000e+00,0.000000000000000000e+00,0.000000000000000000e+00,0.000000000000000000e+00,0.000000000000000000e+00,0.000000000000000000e+00,0.000000000000000000e+00,0.000000000000000000e+00,0.000000000000000000e+00,0.000000000000000000e+00,0.000000000000000000e+00,0.000000000000000000e+00,0.000000000000000000e+00,0.000000000000000000e+00,0.000000000000000000e+00,0.000000000000000000e+00,0.000000000000000000e+00,0.000000000000000000e+00,0.000000000000000000e+00,0.000000000000000000e+00,0.000000000000000000e+00,0.000000000000000000e+00,0.000000000000000000e+00,0.000000000000000000e+00,0.000000000000000000e+00,0.000000000000000000e+00,0.000000000000000000e+00,0.000000000000000000e+00,0.000000000000000000e+00,0.000000000000000000e+00,0.000000000000000000e+00,0.000000000000000000e+00,0.000000000000000000e+00,0.000000000000000000e+00,0.000000000000000000e+00,0.000000000000000000e+00,0.000000000000000000e+00,0.000000000000000000e+00,0.000000000000000000e+00,0.000000000000000000e+00,0.000000000000000000e+00,0.000000000000000000e+00,0.000000000000000000e+00,0.000000000000000000e+00,0.000000000000000000e+00,0.000000000000000000e+00,0.000000000000000000e+00,0.000000000000000000e+00,0.000000000000000000e+00,0.000000000000000000e+00,0.000000000000000000e+00,0.000000000000000000e+00,0.000000000000000000e+00,0.000000000000000000e+00,0.000000000000000000e+00,0.000000000000000000e+00,0.000000000000000000e+00,0.000000000000000000e+00,0.000000000000000000e+00,0.000000000000000000e+00,0.000000000000000000e+00,0.000000000000000000e+00,0.000000000000000000e+00,0.000000000000000000e+00,0.000000000000000000e+00,0.000000000000000000e+00,0.000000000000000000e+00,0.000000000000000000e+00,0.000000000000000000e+00,0.000000000000000000e+00,0.000000000000000000e+00,0.000000000000000000e+00,0.000000000000000000e+00,0.000000000000000000e+00,0.000000000000000000e+00,0.000000000000000000e+00,0.000000000000000000e+00,0.000000000000000000e+00,0.000000000000000000e+00,0.000000000000000000e+00,0.000000000000000000e+00,0.000000000000000000e+00,0.000000000000000000e+00,0.000000000000000000e+00,0.000000000000000000e+00,0.000000000000000000e+00,0.000000000000000000e+00,0.000000000000000000e+00,0.000000000000000000e+00,0.000000000000000000e+00,0.000000000000000000e+00,0.000000000000000000e+00,0.000000000000000000e+00,0.000000000000000000e+00,0.000000000000000000e+00,0.000000000000000000e+00,0.000000000000000000e+00,0.000000000000000000e+00,0.000000000000000000e+00,0.000000000000000000e+00,0.000000000000000000e+00,0.000000000000000000e+00,0.000000000000000000e+00,0.000000000000000000e+00,0.000000000000000000e+00,0.000000000000000000e+00,0.000000000000000000e+00,0.000000000000000000e+00,0.000000000000000000e+00,0.000000000000000000e+00,0.000000000000000000e+00,0.000000000000000000e+00,0.000000000000000000e+00,0.000000000000000000e+00,0.000000000000000000e+00,0.000000000000000000e+00,0.000000000000000000e+00,0.000000000000000000e+00,0.000000000000000000e+00,0.000000000000000000e+00,0.000000000000000000e+00,0.000000000000000000e+00,0.000000000000000000e+00,0.000000000000000000e+00
0.000000000000000000e+00,0.000000000000000000e+00,0.000000000000000000e+00,0.000000000000000000e+00,0.000000000000000000e+00,0.000000000000000000e+00,0.000000000000000000e+00,0.000000000000000000e+00,0.000000000000000000e+00,0.000000000000000000e+00,0.000000000000000000e+00,0.000000000000000000e+00,0.000000000000000000e+00,0.000000000000000000e+00,0.000000000000000000e+00,0.000000000000000000e+00,0.000000000000000000e+00,0.000000000000000000e+00,0.000000000000000000e+00,0.000000000000000000e+00,0.000000000000000000e+00,0.000000000000000000e+00,0.000000000000000000e+00,0.000000000000000000e+00,0.000000000000000000e+00,0.000000000000000000e+00,0.000000000000000000e+00,0.000000000000000000e+00,0.000000000000000000e+00,0.000000000000000000e+00,0.000000000000000000e+00,0.000000000000000000e+00,0.000000000000000000e+00,0.000000000000000000e+00,0.000000000000000000e+00,0.000000000000000000e+00,0.000000000000000000e+00,0.000000000000000000e+00,0.000000000000000000e+00,0.000000000000000000e+00,0.000000000000000000e+00,0.000000000000000000e+00,0.000000000000000000e+00,0.000000000000000000e+00,0.000000000000000000e+00,0.000000000000000000e+00,0.000000000000000000e+00,0.000000000000000000e+00,0.000000000000000000e+00,0.000000000000000000e+00,0.000000000000000000e+00,0.000000000000000000e+00,0.000000000000000000e+00,0.000000000000000000e+00,0.000000000000000000e+00,0.000000000000000000e+00,0.000000000000000000e+00,0.000000000000000000e+00,0.000000000000000000e+00,0.000000000000000000e+00,0.000000000000000000e+00,0.000000000000000000e+00,0.000000000000000000e+00,0.000000000000000000e+00,0.000000000000000000e+00,0.000000000000000000e+00,0.000000000000000000e+00,0.000000000000000000e+00,0.000000000000000000e+00,0.000000000000000000e+00,0.000000000000000000e+00,0.000000000000000000e+00,0.000000000000000000e+00,0.000000000000000000e+00,0.000000000000000000e+00,0.000000000000000000e+00,0.000000000000000000e+00,0.000000000000000000e+00,0.000000000000000000e+00,0.000000000000000000e+00,0.000000000000000000e+00,0.000000000000000000e+00,0.000000000000000000e+00,0.000000000000000000e+00,0.000000000000000000e+00,0.000000000000000000e+00,0.000000000000000000e+00,0.000000000000000000e+00,0.000000000000000000e+00,0.000000000000000000e+00,0.000000000000000000e+00,0.000000000000000000e+00,0.000000000000000000e+00,0.000000000000000000e+00,0.000000000000000000e+00,0.000000000000000000e+00,0.000000000000000000e+00,0.000000000000000000e+00,0.000000000000000000e+00,0.000000000000000000e+00,0.000000000000000000e+00,0.000000000000000000e+00,0.000000000000000000e+00,0.000000000000000000e+00,0.000000000000000000e+00,0.000000000000000000e+00,0.000000000000000000e+00,0.000000000000000000e+00,0.000000000000000000e+00,0.000000000000000000e+00,0.000000000000000000e+00,0.000000000000000000e+00,0.000000000000000000e+00,0.000000000000000000e+00,0.000000000000000000e+00,0.000000000000000000e+00,0.000000000000000000e+00,0.000000000000000000e+00,0.000000000000000000e+00,0.000000000000000000e+00,0.000000000000000000e+00,0.000000000000000000e+00,0.000000000000000000e+00,0.000000000000000000e+00,0.000000000000000000e+00,0.000000000000000000e+00,0.000000000000000000e+00,0.000000000000000000e+00,0.000000000000000000e+00,0.000000000000000000e+00,0.000000000000000000e+00,0.000000000000000000e+00,0.000000000000000000e+00,0.000000000000000000e+00,0.000000000000000000e+00,0.000000000000000000e+00,0.000000000000000000e+00,0.000000000000000000e+00,0.000000000000000000e+00,0.000000000000000000e+00,0.000000000000000000e+00,0.000000000000000000e+00,0.000000000000000000e+00,0.000000000000000000e+00,0.000000000000000000e+00,0.000000000000000000e+00,0.000000000000000000e+00,0.000000000000000000e+00,0.000000000000000000e+00,0.000000000000000000e+00,0.000000000000000000e+00,0.000000000000000000e+00,0.000000000000000000e+00,0.000000000000000000e+00,0.000000000000000000e+00,0.000000000000000000e+00,0.000000000000000000e+00,0.000000000000000000e+00,0.000000000000000000e+00,0.000000000000000000e+00,0.000000000000000000e+00,0.000000000000000000e+00,0.000000000000000000e+00,0.000000000000000000e+00,0.000000000000000000e+00,0.000000000000000000e+00,0.000000000000000000e+00,0.000000000000000000e+00,0.000000000000000000e+00,0.000000000000000000e+00,0.000000000000000000e+00,0.000000000000000000e+00,0.000000000000000000e+00,0.000000000000000000e+00,0.000000000000000000e+00,0.000000000000000000e+00,0.000000000000000000e+00,0.000000000000000000e+00,0.000000000000000000e+00,0.000000000000000000e+00,0.000000000000000000e+00,0.000000000000000000e+00,0.000000000000000000e+00,0.000000000000000000e+00,0.000000000000000000e+00,0.000000000000000000e+00,0.000000000000000000e+00,0.000000000000000000e+00,0.000000000000000000e+00,0.000000000000000000e+00,0.000000000000000000e+00,0.000000000000000000e+00,0.000000000000000000e+00,0.000000000000000000e+00,0.000000000000000000e+00,0.000000000000000000e+00,0.000000000000000000e+00,0.000000000000000000e+00,0.000000000000000000e+00,0.000000000000000000e+00
0.000000000000000000e+00,0.000000000000000000e+00,0.000000000000000000e+00,0.000000000000000000e+00,0.000000000000000000e+00,0.000000000000000000e+00,0.000000000000000000e+00,0.000000000000000000e+00,0.000000000000000000e+00,0.000000000000000000e+00,0.000000000000000000e+00,0.000000000000000000e+00,0.000000000000000000e+00,0.000000000000000000e+00,0.000000000000000000e+00,0.000000000000000000e+00,0.000000000000000000e+00,0.000000000000000000e+00,0.000000000000000000e+00,0.000000000000000000e+00,0.000000000000000000e+00,0.000000000000000000e+00,0.000000000000000000e+00,0.000000000000000000e+00,0.000000000000000000e+00,0.000000000000000000e+00,0.000000000000000000e+00,0.000000000000000000e+00,0.000000000000000000e+00,0.000000000000000000e+00,0.000000000000000000e+00,0.000000000000000000e+00,0.000000000000000000e+00,0.000000000000000000e+00,0.000000000000000000e+00,0.000000000000000000e+00,0.000000000000000000e+00,0.000000000000000000e+00,0.000000000000000000e+00,0.000000000000000000e+00,0.000000000000000000e+00,0.000000000000000000e+00,0.000000000000000000e+00,0.000000000000000000e+00,0.000000000000000000e+00,0.000000000000000000e+00,0.000000000000000000e+00,0.000000000000000000e+00,0.000000000000000000e+00,0.000000000000000000e+00,0.000000000000000000e+00,0.000000000000000000e+00,0.000000000000000000e+00,0.000000000000000000e+00,0.000000000000000000e+00,0.000000000000000000e+00,0.000000000000000000e+00,0.000000000000000000e+00,0.000000000000000000e+00,0.000000000000000000e+00,0.000000000000000000e+00,0.000000000000000000e+00,0.000000000000000000e+00,0.000000000000000000e+00,0.000000000000000000e+00,0.000000000000000000e+00,0.000000000000000000e+00,0.000000000000000000e+00,0.000000000000000000e+00,0.000000000000000000e+00,0.000000000000000000e+00,0.000000000000000000e+00,0.000000000000000000e+00,0.000000000000000000e+00,0.000000000000000000e+00,0.000000000000000000e+00,0.000000000000000000e+00,0.000000000000000000e+00,0.000000000000000000e+00,0.000000000000000000e+00,0.000000000000000000e+00,0.000000000000000000e+00,0.000000000000000000e+00,0.000000000000000000e+00,0.000000000000000000e+00,0.000000000000000000e+00,0.000000000000000000e+00,0.000000000000000000e+00,0.000000000000000000e+00,0.000000000000000000e+00,0.000000000000000000e+00,0.000000000000000000e+00,0.000000000000000000e+00,0.000000000000000000e+00,0.000000000000000000e+00,0.000000000000000000e+00,0.000000000000000000e+00,0.000000000000000000e+00,0.000000000000000000e+00,0.000000000000000000e+00,0.000000000000000000e+00,0.000000000000000000e+00,0.000000000000000000e+00,0.000000000000000000e+00,0.000000000000000000e+00,0.000000000000000000e+00,0.000000000000000000e+00,0.000000000000000000e+00,0.000000000000000000e+00,0.000000000000000000e+00,0.000000000000000000e+00,0.000000000000000000e+00,0.000000000000000000e+00,0.000000000000000000e+00,0.000000000000000000e+00,0.000000000000000000e+00,0.000000000000000000e+00,0.000000000000000000e+00,0.000000000000000000e+00,0.000000000000000000e+00,0.000000000000000000e+00,0.000000000000000000e+00,0.000000000000000000e+00,0.000000000000000000e+00,0.000000000000000000e+00,0.000000000000000000e+00,0.000000000000000000e+00,0.000000000000000000e+00,0.000000000000000000e+00,0.000000000000000000e+00,0.000000000000000000e+00,0.000000000000000000e+00,0.000000000000000000e+00,0.000000000000000000e+00,0.000000000000000000e+00,0.000000000000000000e+00,0.000000000000000000e+00,0.000000000000000000e+00,0.000000000000000000e+00,0.000000000000000000e+00,0.000000000000000000e+00,0.000000000000000000e+00,0.000000000000000000e+00,0.000000000000000000e+00,0.000000000000000000e+00,0.000000000000000000e+00,0.000000000000000000e+00,0.000000000000000000e+00,0.000000000000000000e+00,0.000000000000000000e+00,0.000000000000000000e+00,0.000000000000000000e+00,0.000000000000000000e+00,0.000000000000000000e+00,0.000000000000000000e+00,0.000000000000000000e+00,0.000000000000000000e+00,0.000000000000000000e+00,0.000000000000000000e+00,0.000000000000000000e+00,0.000000000000000000e+00,0.000000000000000000e+00,0.000000000000000000e+00,0.000000000000000000e+00,0.000000000000000000e+00,0.000000000000000000e+00,0.000000000000000000e+00,0.000000000000000000e+00,0.000000000000000000e+00,0.000000000000000000e+00,0.000000000000000000e+00,0.000000000000000000e+00,0.000000000000000000e+00,0.000000000000000000e+00,0.000000000000000000e+00,0.000000000000000000e+00,0.000000000000000000e+00,0.000000000000000000e+00,0.000000000000000000e+00,0.000000000000000000e+00,0.000000000000000000e+00,0.000000000000000000e+00,0.000000000000000000e+00,0.000000000000000000e+00,0.000000000000000000e+00,0.000000000000000000e+00,0.000000000000000000e+00,0.000000000000000000e+00,0.000000000000000000e+00,0.000000000000000000e+00,0.000000000000000000e+00,0.000000000000000000e+00,0.000000000000000000e+00,0.000000000000000000e+00,0.000000000000000000e+00,0.000000000000000000e+00,0.000000000000000000e+00,0.000000000000000000e+00,0.000000000000000000e+00,0.000000000000000000e+00
3.333333333333333148e-01,3.337012801643576276e-01,3.326650122080631600e-01,3.285836229531216013e-01,3.186220686020582171e-01,3.270119577304371195e-01,3.294898462823155905e-01,3.256042777085811912e-01,3.235205816620781993e-01,3.181263071145007393e-01,3.349351907789165361e-01,3.249676386815774642e-01,3.123621091722770249e-01,3.095213351511371114e-01,3.051775578338108974e-01,3.272338576343644667e-01,3.205405603907400813e-01,3.297090399799838534e-01,3.305538099140186148e-01,3.419138494080120605e-01,3.365242247562711952e-01,3.344058373997352840e-01,3.403748545192207819e-01,3.451924771732741148e-01,3.417389424634097450e-01,3.420219823479189181e-01,3.274284672822243558e-01,3.296232585239377566e-01,3.290456070603156036e-01,3.378470189056575479e-01,3.434585096094961987e-01,3.561954721623194486e-01,3.661143194301341164e-01,3.656904014646282786e-01,3.919158502347889761e-01,3.641731144105259110e-01,3.455939919937570659e-01,3.364140742225502079e-01,3.401309749604741750e-01,3.453075713146473436e-01,3.206869193812594276e-01,3.262711800105917992e-01,3.523151135110941801e-01,3.355003005651514547e-01,3.658986649486591358e-01,3.476440449326184678e-01,3.643821191054047448e-01,3.464987284609747920e-01,3.535895583464069847e-01,3.334245896851807944e-01,3.214688916577259081e-01,3.357474493331029652e-01,3.368929880627771212e-01,3.486624214800927435e-01,3.388536122793129879e-01,3.399306838813997422e-01,3.348822998432525733e-01,3.585708293131445457e-01,3.454076260503623486e-01,3.470386037848737226e-01,3.380914431779472040e-01,3.450907933239310554e-01,3.597798681734251658e-01,3.923649748757865319e-01,3.915707741897854754e-01,3.862051040025181736e-01,4.003722047872437240e-01,4.120781819893878373e-01,4.084329974362635451e-01,4.070120693490906216e-01,4.124162848305137352e-01,4.260664748719918404e-01,4.180934344768108546e-01,4.168504834369699541e-01,3.973470677777898308e-01,4.012692998934623279e-01,3.958207027142813250e-01,3.893085385908331975e-01,3.931783213492078266e-01,3.986434108826490963e-01,4.007557292017625561e-01,4.016593358048123341e-01,4.031580412291225213e-01,4.049521255914578233e-01,4.033066849815716282e-01,4.093634210329757939e-01,4.104100308839215283e-01,4.093094372426787642e-01,4.102564932760565108e-01,4.136091891544464993e-01,4.309912559741730931e-01,4.238155977248045381e-01,4.131113779532188390e-01,4.076740022992690338e-01,4.074989583883126265e-01,3.980533495029175417e-01,4.020769479238761601e-01,4.003382066887276602e-01,4.026585063443970380e-01,4.003265845315155946e-01,4.027062351197195356e-01,4.036166235483796827e-01,4.013966730039812969e-01,3.942071283934808212e-01,3.964558412934779397e-01,3.970063139178808265e-01,4.016549907511866579e-01,4.006704167516341175e-01,4.036522575115519818e-01,4.029134868016817639e-01,4.100660099868529973e-01,4.028683174447994508e-01,4.046399512868557591e-01,4.044330377153795286e-01,4.074913920281430513e-01,4.004932949710863221e-01,4.038175248802073902e-01,4.053324266951770505e-01,4.051076119862374036e-01,4.114443629540699976e-01,4.072178880017163771e-01,4.113934299989550070e-01,4.265901849057526229e-01,4.337106136688202995e-01,4.393099012100211143e-01,4.374759379776117507e-01,4.427598418982321982e-01,4.293496792008898999e-01,4.327496578228682278e-01,4.412678462793236944e-01,4.537808042771236949e-01,4.717502626816840738e-01,4.658270084219016116e-01,4.584060353906026508e-01,4.617102215049869174e-01,4.449840275625203678e-01,4.609780722408475806e-01,4.563991348603925191e-01,4.573901442791176164e-01,4.584347422701367525e-01,4.685766960592899211e-01,4.926437036517977153e-01,4.778320206166335460e-01,5.120342585724079187e-01,5.063947347131815269e-01,5.082994345873699249e-01,5.138524192513540534e-01,5.078654658970929159e-01,5.038598703411749646e-01,4.932661125167050464e-01,5.032557045911254523e-01,4.967695458127446284e-01,4.950939700769296237e-01,4.846940637653883721e-01,4.850895327923306355e-01,4.846310777903828360e-01,4.763310967940601603e-01,4.751270056722304846e-01,4.655555360983185120e-01,4.721426264447198262e-01,4.605676165768172181e-01,4.523217398839826098e-01,4.424878768493974990e-01,4.519965854609781508e-01,4.579254236708272252e-01,4.902331524071878999e-01,4.745312913809717759e-01,4.711756584211061472e-01,4.694658447861373984e-01,4.497935383949933086e-01,4.585268929739514943e-01,4.668091683918595414e-01,4.617818491142570703e-01,4.581433654976065362e-01,4.535278494450218911e-01,4.657602744979336684e-01,4.833228257634285541e-01,4.821526270014185878e-01,4.904152592556847434e-01,5.059055506031837623e-01,4.864787003774774243e-01,4.783050168176701811e-01,4.949434315564510967e-01,4.965351824046420059e-01,4.945669858281790954e-01,4.987597133529063087e-01,4.848630187755513243e-01,4.905456567523234779e-01,4.657051154901758472e-01,4.599206291169816718e-01,4.524126038220216417e-01,4.506160442576902514e-01,4.465668412413965616e-01,4.377727309836371150e-01,4.503879784337473380e-01,4.375584385890496919e-01,4.568445225278229826e-01,4.610681826979913800e-01,4.278119613776977803e-01,4.307034983843795461e-01
0.000000000000000000e+00,0.000000000000000000e+00,0.000000000000000000e+00,0.000000000000000000e+00,0.000000000000000000e+00,0.000000000000000000e+00,0.000000000000000000e+00,0.000000000000000000e+00,0.000000000000000000e+00,0.000000000000000000e+00,0.000000000000000000e+00,0.000000000000000000e+00,0.000000000000000000e+00,0.000000000000000000e+00,0.000000000000000000e+00,0.000000000000000000e+00,0.000000000000000000e+00,0.000000000000000000e+00,0.000000000000000000e+00,0.000000000000000000e+00,0.000000000000000000e+00,0.000000000000000000e+00,0.000000000000000000e+00,0.000000000000000000e+00,0.000000000000000000e+00,0.000000000000000000e+00,0.000000000000000000e+00,0.000000000000000000e+00,0.000000000000000000e+00,0.000000000000000000e+00,0.000000000000000000e+00,0.000000000000000000e+00,0.000000000000000000e+00,0.000000000000000000e+00,0.000000000000000000e+00,0.000000000000000000e+00,0.000000000000000000e+00,0.000000000000000000e+00,0.000000000000000000e+00,0.000000000000000000e+00,0.000000000000000000e+00,0.000000000000000000e+00,0.000000000000000000e+00,0.000000000000000000e+00,0.000000000000000000e+00,0.000000000000000000e+00,0.000000000000000000e+00,0.000000000000000000e+00,0.000000000000000000e+00,0.000000000000000000e+00,0.000000000000000000e+00,0.000000000000000000e+00,0.000000000000000000e+00,0.000000000000000000e+00,0.000000000000000000e+00,0.000000000000000000e+00,0.000000000000000000e+00,0.000000000000000000e+00,0.000000000000000000e+00,0.000000000000000000e+00,0.000000000000000000e+00,0.000000000000000000e+00,0.000000000000000000e+00,0.000000000000000000e+00,0.000000000000000000e+00,0.000000000000000000e+00,0.000000000000000000e+00,0.000000000000000000e+00,0.000000000000000000e+00,0.000000000000000000e+00,0.000000000000000000e+00,0.000000000000000000e+00,0.000000000000000000e+00,0.000000000000000000e+00,0.000000000000000000e+00,0.000000000000000000e+00,0.000000000000000000e+00,0.000000000000000000e+00,0.000000000000000000e+00,0.000000000000000000e+00,0.000000000000000000e+00,0.000000000000000000e+00,0.000000000000000000e+00,0.000000000000000000e+00,0.000000000000000000e+00,0.000000000000000000e+00,0.000000000000000000e+00,0.000000000000000000e+00,0.000000000000000000e+00,0.000000000000000000e+00,0.000000000000000000e+00,0.000000000000000000e+00,0.000000000000000000e+00,0.000000000000000000e+00,0.000000000000000000e+00,0.000000000000000000e+00,0.000000000000000000e+00,0.000000000000000000e+00,0.000000000000000000e+00,0.000000000000000000e+00,0.000000000000000000e+00,0.000000000000000000e+00,0.000000000000000000e+00,0.000000000000000000e+00,0.000000000000000000e+00,0.000000000000000000e+00,0.000000000000000000e+00,0.000000000000000000e+00,0.000000000000000000e+00,0.000000000000000000e+00,0.000000000000000000e+00,0.000000000000000000e+00,0.000000000000000000e+00,0.000000000000000000e+00,0.000000000000000000e+00,0.000000000000000000e+00,0.000000000000000000e+00,0.000000000000000000e+00,0.000000000000000000e+00,0.000000000000000000e+00,0.000000000000000000e+00,0.000000000000000000e+00,0.000000000000000000e+00,0.000000000000000000e+00,0.000000000000000000e+00,0.000000000000000000e+00,0.000000000000000000e+00,0.000000000000000000e+00,0.000000000000000000e+00,0.000000000000000000e+00,0.000000000000000000e+00,0.000000000000000000e+00,0.000000000000000000e+00,0.000000000000000000e+00,0.000000000000000000e+00,0.000000000000000000e+00,0.000000000000000000e+00,0.000000000000000000e+00,0.000000000000000000e+00,0.000000000000000000e+00,0.000000000000000000e+00,0.000000000000000000e+00,0.000000000000000000e+00,0.000000000000000000e+00,0.000000000000000000e+00,0.000000000000000000e+00,0.000000000000000000e+00,0.000000000000000000e+00,0.000000000000000000e+00,0.000000000000000000e+00,0.000000000000000000e+00,0.000000000000000000e+00,0.000000000000000000e+00,0.000000000000000000e+00,0.000000000000000000e+00,0.000000000000000000e+00,0.000000000000000000e+00,0.000000000000000000e+00,0.000000000000000000e+00,0.000000000000000000e+00,0.000000000000000000e+00,0.000000000000000000e+00,0.000000000000000000e+00,0.000000000000000000e+00,0.000000000000000000e+00,0.000000000000000000e+00,0.000000000000000000e+00,0.000000000000000000e+00,0.000000000000000000e+00,0.000000000000000000e+00,0.000000000000000000e+00,0.000000000000000000e+00,0.000000000000000000e+00,0.000000000000000000e+00,0.000000000000000000e+00,0.000000000000000000e+00,0.000000000000000000e+00,0.000000000000000000e+00,0.000000000000000000e+00,0.000000000000000000e+00,0.000000000000000000e+00,0.000000000000000000e+00,0.000000000000000000e+00,0.000000000000000000e+00,0.000000000000000000e+00,0.000000000000000000e+00,0.000000000000000000e+00,0.000000000000000000e+00,0.000000000000000000e+00,0.000000000000000000e+00,0.000000000000000000e+00,0.000000000000000000e+00,0.000000000000000000e+00,0.000000000000000000e+00,0.000000000000000000e+00,0.000000000000000000e+00,0.000000000000000000e+00,0.000000000000000000e+00,0.000000000000000000e+00,0.000000000000000000e+00
0.000000000000000000e+00,0.000000000000000000e+00,0.000000000000000000e+00,0.000000000000000000e+00,0.000000000000000000e+00,0.000000000000000000e+00,0.000000000000000000e+00,0.000000000000000000e+00,0.000000000000000000e+00,0.000000000000000000e+00,0.000000000000000000e+00,0.000000000000000000e+00,0.000000000000000000e+00,0.000000000000000000e+00,0.000000000000000000e+00,0.000000000000000000e+00,0.000000000000000000e+00,0.000000000000000000e+00,0.000000000000000000e+00,0.000000000000000000e+00,0.000000000000000000e+00,0.000000000000000000e+00,0.000000000000000000e+00,0.000000000000000000e+00,0.000000000000000000e+00,0.000000000000000000e+00,0.000000000000000000e+00,0.000000000000000000e+00,0.000000000000000000e+00,0.000000000000000000e+00,0.000000000000000000e+00,0.000000000000000000e+00,0.000000000000000000e+00,0.000000000000000000e+00,0.000000000000000000e+00,0.000000000000000000e+00,0.000000000000000000e+00,0.000000000000000000e+00,0.000000000000000000e+00,0.000000000000000000e+00,0.000000000000000000e+00,0.000000000000000000e+00,0.000000000000000000e+00,0.000000000000000000e+00,0.000000000000000000e+00,0.000000000000000000e+00,0.000000000000000000e+00,0.000000000000000000e+00,0.000000000000000000e+00,0.000000000000000000e+00,0.000000000000000000e+00,0.000000000000000000e+00,0.000000000000000000e+00,0.000000000000000000e+00,0.000000000000000000e+00,0.000000000000000000e+00,0.000000000000000000e+00,0.000000000000000000e+00,0.000000000000000000e+00,0.000000000000000000e+00,0.000000000000000000e+00,0.000000000000000000e+00,0.000000000000000000e+00,0.000000000000000000e+00,0.000000000000000000e+00,0.000000000000000000e+00,0.000000000000000000e+00,0.000000000000000000e+00,0.000000000000000000e+00,0.000000000000000000e+00,0.000000000000000000e+00,0.000000000000000000e+00,0.000000000000000000e+00,0.000000000000000000e+00,0.000000000000000000e+00,0.000000000000000000e+00,0.000000000000000000e+00,0.000000000000000000e+00,0.000000000000000000e+00,0.000000000000000000e+00,0.000000000000000000e+00,0.000000000000000000e+00,0.000000000000000000e+00,0.000000000000000000e+00,0.000000000000000000e+00,0.000000000000000000e+00,0.000000000000000000e+00,0.000000000000000000e+00,0.000000000000000000e+00,0.000000000000000000e+00,0.000000000000000000e+00,0.000000000000000000e+00,0.000000000000000000e+00,0.000000000000000000e+00,0.000000000000000000e+00,0.000000000000000000e+00,0.000000000000000000e+00,0.000000000000000000e+00,0.000000000000000000e+00,0.000000000000000000e+00,0.000000000000000000e+00,0.000000000000000000e+00,0.000000000000000000e+00,0.000000000000000000e+00,0.000000000000000000e+00,0.000000000000000000e+00,0.000000000000000000e+00,0.000000000000000000e+00,0.000000000000000000e+00,0.000000000000000000e+00,0.000000000000000000e+00,0.000000000000000000e+00,0.000000000000000000e+00,0.000000000000000000e+00,0.000000000000000000e+00,0.000000000000000000e+00,0.000000000000000000e+00,0.000000000000000000e+00,0.000000000000000000e+00,0.000000000000000000e+00,0.000000000000000000e+00,0.000000000000000000e+00,0.000000000000000000e+00,0.000000000000000000e+00,0.000000000000000000e+00,0.000000000000000000e+00,0.000000000000000000e+00,0.000000000000000000e+00,0.000000000000000000e+00,0.000000000000000000e+00,0.000000000000000000e+00,0.000000000000000000e+00,0.000000000000000000e+00,0.000000000000000000e+00,0.000000000000000000e+00,0.000000000000000000e+00,0.000000000000000000e+00,0.000000000000000000e+00,0.000000000000000000e+00,0.000000000000000000e+00,0.000000000000000000e+00,0.000000000000000000e+00,0.000000000000000000e+00,0.000000000000000000e+00,0.000000000000000000e+00,0.000000000000000000e+00,0.000000000000000000e+00,0.000000000000000000e+00,0.000000000000000000e+00,0.000000000000000000e+00,0.000000000000000000e+00,0.000000000000000000e+00,0.000000000000000000e+00,0.000000000000000000e+00,0.000000000000000000e+00,0.000000000000000000e+00,0.000000000000000000e+00,0.000000000000000000e+00,0.000000000000000000e+00,0.000000000000000000e+00,0.000000000000000000e+00,0.000000000000000000e+00,0.000000000000000000e+00,0.000000000000000000e+00,0.000000000000000000e+00,0.000000000000000000e+00,0.000000000000000000e+00,0.000000000000000000e+00,0.000000000000000000e+00,0.000000000000000000e+00,0.000000000000000000e+00,0.000000000000000000e+00,0.000000000000000000e+00,0.000000000000000000e+00,0.000000000000000000e+00,0.000000000000000000e+00,0.000000000000000000e+00,0.000000000000000000e+00,0.000000000000000000e+00,0.000000000000000000e+00,0.000000000000000000e+00,0.000000000000000000e+00,0.000000000000000000e+00,0.000000000000000000e+00,0.000000000000000000e+00,0.000000000000000000e+00,0.000000000000000000e+00,0.000000000000000000e+00,0.000000000000000000e+00,0.000000000000000000e+00,0.000000000000000000e+00,0.000000000000000000e+00,0.000000000000000000e+00,0.000000000000000000e+00,0.000000000000000000e+00,0.000000000000000000e+00,0.000000000000000000e+00,0.000000000000000000e+00,0.000000000000000000e+00,0.000000000000000000e+00
0.000000000000000000e+00,0.000000000000000000e+00,0.000000000000000000e+00,0.000000000000000000e+00,0.000000000000000000e+00,0.000000000000000000e+00,0.000000000000000000e+00,0.000000000000000000e+00,0.000000000000000000e+00,0.000000000000000000e+00,0.000000000000000000e+00,0.000000000000000000e+00,0.000000000000000000e+00,0.000000000000000000e+00,0.000000000000000000e+00,0.000000000000000000e+00,0.000000000000000000e+00,0.000000000000000000e+00,0.000000000000000000e+00,0.000000000000000000e+00,0.000000000000000000e+00,0.000000000000000000e+00,0.000000000000000000e+00,0.000000000000000000e+00,0.000000000000000000e+00,0.000000000000000000e+00,0.000000000000000000e+00,0.000000000000000000e+00,0.000000000000000000e+00,0.000000000000000000e+00,0.000000000000000000e+00,0.000000000000000000e+00,0.000000000000000000e+00,0.000000000000000000e+00,0.000000000000000000e+00,0.000000000000000000e+00,0.000000000000000000e+00,0.000000000000000000e+00,0.000000000000000000e+00,0.000000000000000000e+00,0.000000000000000000e+00,0.000000000000000000e+00,0.000000000000000000e+00,0.000000000000000000e+00,0.000000000000000000e+00,0.000000000000000000e+00,0.000000000000000000e+00,0.000000000000000000e+00,0.000000000000000000e+00,0.000000000000000000e+00,0.000000000000000000e+00,0.000000000000000000e+00,0.000000000000000000e+00,0.000000000000000000e+00,0.000000000000000000e+00,0.000000000000000000e+00,0.000000000000000000e+00,0.000000000000000000e+00,0.000000000000000000e+00,0.000000000000000000e+00,0.000000000000000000e+00,0.000000000000000000e+00,0.000000000000000000e+00,0.000000000000000000e+00,0.000000000000000000e+00,0.000000000000000000e+00,0.000000000000000000e+00,0.000000000000000000e+00,0.000000000000000000e+00,0.000000000000000000e+00,0.000000000000000000e+00,0.000000000000000000e+00,0.000000000000000000e+00,0.000000000000000000e+00,0.000000000000000000e+00,0.000000000000000000e+00,0.000000000000000000e+00,0.000000000000000000e+00,0.000000000000000000e+00,0.000000000000000000e+00,0.000000000000000000e+00,0.000000000000000000e+00,0.000000000000000000e+00,0.000000000000000000e+00,0.000000000000000000e+00,0.000000000000000000e+00,0.000000000000000000e+00,0.000000000000000000e+00,0.000000000000000000e+00,0.000000000000000000e+00,0.000000000000000000e+00,0.000000000000000000e+00,0.000000000000000000e+00,0.000000000000000000e+00,0.000000000000000000e+00,0.000000000000000000e+00,0.000000000000000000e+00,0.000000000000000000e+00,0.000000000000000000e+00,0.000000000000000000e+00,0.000000000000000000e+00,0.000000000000000000e+00,0.000000000000000000e+00,0.000000000000000000e+00,0.000000000000000000e+00,0.000000000000000000e+00,0.000000000000000000e+00,0.000000000000000000e+00,0.000000000000000000e+00,0.000000000000000000e+00,0.000000000000000000e+00,0.000000000000000000e+00,0.000000000000000000e+00,0.000000000000000000e+00,0.000000000000000000e+00,0.000000000000000000e+00,0.000000000000000000e+00,0.000000000000000000e+00,0.000000000000000000e+00,0.000000000000000000e+00,0.000000000000000000e+00,0.000000000000000000e+00,0.000000000000000000e+00,0.000000000000000000e+00,0.000000000000000000e+00,0.000000000000000000e+00,0.000000000000000000e+00,0.000000000000000000e+00,0.000000000000000000e+00,0.000000000000000000e+00,0.000000000000000000e+00,0.000000000000000000e+00,0.000000000000000000e+00,0.000000000000000000e+00,0.000000000000000000e+00,0.000000000000000000e+00,0.000000000000000000e+00,0.000000000000000000e+00,0.000000000000000000e+00,0.000000000000000000e+00,0.000000000000000000e+00,0.000000000000000000e+00,0.000000000000000000e+00,0.000000000000000000e+00,0.000000000000000000e+00,0.000000000000000000e+00,0.000000000000000000e+00,0.000000000000000000e+00,0.000000000000000000e+00,0.000000000000000000e+00,0.000000000000000000e+00,0.000000000000000000e+00,0.000000000000000000e+00,0.000000000000000000e+00,0.000000000000000000e+00,0.000000000000000000e+00,0.000000000000000000e+00,0.000000000000000000e+00,0.000000000000000000e+00,0.000000000000000000e+00,0.000000000000000000e+00,0.000000000000000000e+00,0.000000000000000000e+00,0.000000000000000000e+00,0.000000000000000000e+00,0.000000000000000000e+00,0.000000000000000000e+00,0.000000000000000000e+00,0.000000000000000000e+00,0.000000000000000000e+00,0.000000000000000000e+00,0.000000000000000000e+00,0.000000000000000000e+00,0.000000000000000000e+00,0.000000000000000000e+00,0.000000000000000000e+00,0.000000000000000000e+00,0.000000000000000000e+00,0.000000000000000000e+00,0.000000000000000000e+00,0.000000000000000000e+00,0.000000000000000000e+00,0.000000000000000000e+00,0.000000000000000000e+00,0.000000000000000000e+00,0.000000000000000000e+00,0.000000000000000000e+00,0.000000000000000000e+00,0.000000000000000000e+00,0.000000000000000000e+00,0.000000000000000000e+00,0.000000000000000000e+00,0.000000000000000000e+00,0.000000000000000000e+00,0.000000000000000000e+00,0.000000000000000000e+00,0.000000000000000000e+00,0.000000000000000000e+00,0.000000000000000000e+00,0.000000000000000000e+00
0.000000000000000000e+00,0.000000000000000000e+00,0.000000000000000000e+00,0.000000000000000000e+00,0.000000000000000000e+00,0.000000000000000000e+00,0.000000000000000000e+00,0.000000000000000000e+00,0.000000000000000000e+00,0.000000000000000000e+00,0.000000000000000000e+00,0.000000000000000000e+00,0.000000000000000000e+00,0.000000000000000000e+00,0.000000000000000000e+00,0.000000000000000000e+00,0.000000000000000000e+00,0.000000000000000000e+00,0.000000000000000000e+00,0.000000000000000000e+00,0.000000000000000000e+00,0.000000000000000000e+00,0.000000000000000000e+00,0.000000000000000000e+00,0.000000000000000000e+00,0.000000000000000000e+00,0.000000000000000000e+00,0.000000000000000000e+00,0.000000000000000000e+00,0.000000000000000000e+00,0.000000000000000000e+00,0.000000000000000000e+00,0.000000000000000000e+00,0.000000000000000000e+00,0.000000000000000000e+00,0.000000000000000000e+00,0.000000000000000000e+00,0.000000000000000000e+00,0.000000000000000000e+00,0.000000000000000000e+00,0.000000000000000000e+00,0.000000000000000000e+00,0.000000000000000000e+00,0.000000000000000000e+00,0.000000000000000000e+00,0.000000000000000000e+00,0.000000000000000000e+00,0.000000000000000000e+00,0.000000000000000000e+00,0.000000000000000000e+00,0.000000000000000000e+00,0.000000000000000000e+00,0.000000000000000000e+00,0.000000000000000000e+00,0.000000000000000000e+00,0.000000000000000000e+00,0.000000000000000000e+00,0.000000000000000000e+00,0.000000000000000000e+00,0.000000000000000000e+00,0.000000000000000000e+00,0.000000000000000000e+00,0.000000000000000000e+00,0.000000000000000000e+00,0.000000000000000000e+00,0.000000000000000000e+00,0.000000000000000000e+00,0.000000000000000000e+00,0.000000000000000000e+00,0.000000000000000000e+00,0.000000000000000000e+00,0.000000000000000000e+00,0.000000000000000000e+00,0.000000000000000000e+00,0.000000000000000000e+00,0.000000000000000000e+00,0.000000000000000000e+00,0.000000000000000000e+00,0.000000000000000000e+00,0.000000000000000000e+00,0.000000000000000000e+00,0.000000000000000000e+00,0.000000000000000000e+00,0.000000000000000000e+00,0.000000000000000000e+00,0.000000000000000000e+00,0.000000000000000000e+00,0.000000000000000000e+00,0.000000000000000000e+00,0.000000000000000000e+00,0.000000000000000000e+00,0.000000000000000000e+00,0.000000000000000000e+00,0.000000000000000000e+00,0.000000000000000000e+00,0.000000000000000000e+00,0.000000000000000000e+00,0.000000000000000000e+00,0.000000000000000000e+00,0.000000000000000000e+00,0.000000000000000000e+00,0.000000000000000000e+00,0.000000000000000000e+00,0.000000000000000000e+00,0.000000000000000000e+00,0.000000000000000000e+00,0.000000000000000000e+00,0.000000000000000000e+00,0.000000000000000000e+00,0.000000000000000000e+00,0.000000000000000000e+00,0.000000000000000000e+00,0.000000000000000000e+00,0.000000000000000000e+00,0.000000000000000000e+00,0.000000000000000000e+00,0.000000000000000000e+00,0.000000000000000000e+00,0.000000000000000000e+00,0.000000000000000000e+00,0.000000000000000000e+00,0.000000000000000000e+00,0.000000000000000000e+00,0.000000000000000000e+00,0.000000000000000000e+00,0.000000000000000000e+00,0.000000000000000000e+00,0.000000000000000000e+00,0.000000000000000000e+00,0.000000000000000000e+00,0.000000000000000000e+00,0.000000000000000000e+00,0.000000000000000000e+00,0.000000000000000000e+00,0.000000000000000000e+00,0.000000000000000000e+00,0.000000000000000000e+00,0.000000000000000000e+00,0.000000000000000000e+00,0.000000000000000000e+00,0.000000000000000000e+00,0.000000000000000000e+00,0.000000000000000000e+00,0.000000000000000000e+00,0.000000000000000000e+00,0.000000000000000000e+00,0.000000000000000000e+00,0.000000000000000000e+00,0.000000000000000000e+00,0.000000000000000000e+00,0.000000000000000000e+00,0.000000000000000000e+00,0.000000000000000000e+00,0.000000000000000000e+00,0.000000000000000000e+00,0.000000000000000000e+00,0.000000000000000000e+00,0.000000000000000000e+00,0.000000000000000000e+00,0.000000000000000000e+00,0.000000000000000000e+00,0.000000000000000000e+00,0.000000000000000000e+00,0.000000000000000000e+00,0.000000000000000000e+00,0.000000000000000000e+00,0.000000000000000000e+00,0.000000000000000000e+00,0.000000000000000000e+00,0.000000000000000000e+00,0.000000000000000000e+00,0.000000000000000000e+00,0.000000000000000000e+00,0.000000000000000000e+00,0.000000000000000000e+00,0.000000000000000000e+00,0.000000000000000000e+00,0.000000000000000000e+00,0.000000000000000000e+00,0.000000000000000000e+00,0.000000000000000000e+00,0.000000000000000000e+00,0.000000000000000000e+00,0.000000000000000000e+00,0.000000000000000000e+00,0.000000000000000000e+00,0.000000000000000000e+00,0.000000000000000000e+00,0.000000000000000000e+00,0.000000000000000000e+00,0.000000000000000000e+00,0.000000000000000000e+00,0.000000000000000000e+00,0.000000000000000000e+00,0.000000000000000000e+00,0.000000000000000000e+00,0.000000000000000000e+00,0.000000000000000000e+00,0.000000000000000000e+00,0.000000000000000000e+00
0.000000000000000000e+00,0.000000000000000000e+00,0.000000000000000000e+00,0.000000000000000000e+00,0.000000000000000000e+00,0.000000000000000000e+00,0.000000000000000000e+00,0.000000000000000000e+00,0.000000000000000000e+00,0.000000000000000000e+00,0.000000000000000000e+00,0.000000000000000000e+00,0.000000000000000000e+00,0.000000000000000000e+00,0.000000000000000000e+00,0.000000000000000000e+00,0.000000000000000000e+00,0.000000000000000000e+00,0.000000000000000000e+00,0.000000000000000000e+00,0.000000000000000000e+00,0.000000000000000000e+00,0.000000000000000000e+00,0.000000000000000000e+00,0.000000000000000000e+00,0.000000000000000000e+00,0.000000000000000000e+00,0.000000000000000000e+00,0.000000000000000000e+00,0.000000000000000000e+00,0.000000000000000000e+00,0.000000000000000000e+00,0.000000000000000000e+00,0.000000000000000000e+00,0.000000000000000000e+00,0.000000000000000000e+00,0.000000000000000000e+00,0.000000000000000000e+00,0.000000000000000000e+00,0.000000000000000000e+00,0.000000000000000000e+00,0.000000000000000000e+00,0.000000000000000000e+00,0.000000000000000000e+00,0.000000000000000000e+00,0.000000000000000000e+00,0.000000000000000000e+00,0.000000000000000000e+00,0.000000000000000000e+00,0.000000000000000000e+00,0.000000000000000000e+00,0.000000000000000000e+00,0.000000000000000000e+00,0.000000000000000000e+00,0.000000000000000000e+00,0.000000000000000000e+00,0.000000000000000000e+00,0.000000000000000000e+00,0.000000000000000000e+00,0.000000000000000000e+00,0.000000000000000000e+00,0.000000000000000000e+00,0.000000000000000000e+00,0.000000000000000000e+00,0.000000000000000000e+00,0.000000000000000000e+00,0.000000000000000000e+00,0.000000000000000000e+00,0.000000000000000000e+00,0.000000000000000000e+00,0.000000000000000000e+00,0.000000000000000000e+00,0.000000000000000000e+00,0.000000000000000000e+00,0.000000000000000000e+00,0.000000000000000000e+00,0.000000000000000000e+00,0.000000000000000000e+00,0.000000000000000000e+00,0.000000000000000000e+00,0.000000000000000000e+00,0.000000000000000000e+00,0.000000000000000000e+00,0.000000000000000000e+00,0.000000000000000000e+00,0.000000000000000000e+00,0.000000000000000000e+00,0.000000000000000000e+00,0.000000000000000000e+00,0.000000000000000000e+00,0.000000000000000000e+00,0.000000000000000000e+00,0.000000000000000000e+00,0.000000000000000000e+00,0.000000000000000000e+00,0.000000000000000000e+00,0.000000000000000000e+00,0.000000000000000000e+00,0.000000000000000000e+00,0.000000000000000000e+00,0.000000000000000000e+00,0.000000000000000000e+00,0.000000000000000000e+00,0.000000000000000000e+00,0.000000000000000000e+00,0.000000000000000000e+00,0.000000000000000000e+00,0.000000000000000000e+00,0.000000000000000000e+00,0.000000000000000000e+00,0.000000000000000000e+00,0.000000000000000000e+00,0.000000000000000000e+00,0.000000000000000000e+00,0.000000000000000000e+00,0.000000000000000000e+00,0.000000000000000000e+00,0.000000000000000000e+00,0.000000000000000000e+00,0.000000000000000000e+00,0.000000000000000000e+00,0.000000000000000000e+00,0.000000000000000000e+00,0.000000000000000000e+00,0.000000000000000000e+00,0.000000000000000000e+00,0.000000000000000000e+00,0.000000000000000000e+00,0.000000000000000000e+00,0.000000000000000000e+00,0.000000000000000000e+00,0.000000000000000000e+00,0.000000000000000000e+00,0.000000000000000000e+00,0.000000000000000000e+00,0.000000000000000000e+00,0.000000000000000000e+00,0.000000000000000000e+00,0.000000000000000000e+00,0.000000000000000000e+00,0.000000000000000000e+00,0.000000000000000000e+00,0.000000000000000000e+00,0.000000000000000000e+00,0.000000000000000000e+00,0.000000000000000000e+00,0.000000000000000000e+00,0.000000000000000000e+00,0.000000000000000000e+00,0.000000000000000000e+00,0.000000000000000000e+00,0.000000000000000000e+00,0.000000000000000000e+00,0.000000000000000000e+00,0.000000000000000000e+00,0.000000000000000000e+00,0.000000000000000000e+00,0.000000000000000000e+00,0.000000000000000000e+00,0.000000000000000000e+00,0.000000000000000000e+00,0.000000000000000000e+00,0.000000000000000000e+00,0.000000000000000000e+00,0.000000000000000000e+00,0.000000000000000000e+00,0.000000000000000000e+00,0.000000000000000000e+00,0.000000000000000000e+00,0.000000000000000000e+00,0.000000000000000000e+00,0.000000000000000000e+00,0.000000000000000000e+00,0.000000000000000000e+00,0.000000000000000000e+00,0.000000000000000000e+00,0.000000000000000000e+00,0.000000000000000000e+00,0.000000000000000000e+00,0.000000000000000000e+00,0.000000000000000000e+00,0.000000000000000000e+00,0.000000000000000000e+00,0.000000000000000000e+00,0.000000000000000000e+00,0.000000000000000000e+00,0.000000000000000000e+00,0.000000000000000000e+00,0.000000000000000000e+00,0.000000000000000000e+00,0.000000000000000000e+00,0.000000000000000000e+00,0.000000000000000000e+00,0.000000000000000000e+00,0.000000000000000000e+00,0.000000000000000000e+00,0.000000000000000000e+00,0.000000000000000000e+00,0.000000000000000000e+00,0.000000000000000000e+00
3.333333333333333148e-01,3.278954590809443070e-01,3.283232856463579874e-01,3.239575323491679093e-01,3.233746236137549634e-01,3.236617246849974872e-01,3.202311163325370358e-01,3.321676070333477448e-01,3.247666292028820734e-01,3.432437577882634372e-01,3.489507772494452875e-01,3.624232490207291990e-01,3.350194881850018791e-01,3.625047488557157083e-01,3.725183748703593811e-01,3.758041917957712363e-01,4.222571513575946733e-01,4.206006170888035300e-01,4.330774630159826555e-01,4.326493399005609808e-01,4.256796218958627254e-01,4.182402267387166361e-01,4.372820954906427859e-01,4.487205705542405831e-01,4.443353308167070082e-01,4.324804168760333356e-01,4.353855013086249670e-01,4.451818142888337992e-01,4.582149343406393127e-01,4.494427596376910916e-01,4.456207513156973943e-01,4.490961069767501201e-01,4.406134770585877214e-01,4.321262258382589372e-01,4.265205630822362926e-01,4.289565958073937035e-01,4.487555056048355695e-01,4.344429015679993622e-01,4.387491871889715456e-01,4.314000686744544066e-01,4.339846878135349972e-01,4.494699674523149335e-01,4.549024110815112487e-01,4.686738424961935934e-01,4.908973929735693797e-01,4.843892120146905400e-01,4.580691458674009953e-01,4.260118217155525744e-01,4.351101841065976306e-01,4.567168264515193976e-01,4.435860327003210979e-01,4.294806800185003715e-01,4.160107273275036599e-01,3.848543479982941551e-01,3.809168842646387665e-01,4.011652919703863618e-01,3.748508110144613825e-01,3.748903182489732866e-01,3.681023904812699699e-01,3.500405676363119167e-01,3.681280281312769298e-01,3.583093507867435301e-01,3.423510077014998987e-01,3.127954210686512693e-01,2.950626709127221470e-01,2.752819170771791391e-01,2.875921457957408833e-01,2.627901363884545538e-01,2.477272899877233647e-01,2.457003430696582946e-01,2.610449850063739086e-01,2.338583493904579091e-01,2.395982064942065171e-01,2.571120362177543028e-01,2.643931901741825019e-01,2.869999264109823756e-01,2.840091312406277657e-01,2.224328610989774746e-01,2.215484280642919246e-01,2.661012670605002461e-01,2.879207187875681972e-01,3.288090071129605718e-01,3.215193333293154265e-01,3.251040778733410574e-01,3.431420917793310821e-01,3.276523936099806078e-01,3.192631160398056167e-01,3.531990631432873617e-01,3.540313802658874853e-01,3.581612698302039655e-01,4.028399733980547182e-01,3.998485465507773395e-01,4.693866270757301451e-01,4.770310161393593873e-01,4.826861032555005426e-01,4.565514647661076397e-01,4.311699098907620376e-01,4.087565277090977056e-01,4.083990495280181987e-01,4.163614227680027535e-01,4.208747323237777005e-01,4.320735005097089965e-01,4.319196676849682004e-01,4.485388095119722252e-01,4.407703542706183919e-01,4.172116941756264241e-01,4.062337973044908845e-01,4.053333943745132117e-01,4.362410389166698765e-01,4.077841511584141543e-01,4.077263356276789041e-01,3.910946615436233231e-01,3.762388544653008648e-01,3.667253372856285054e-01,3.492062776699333404e-01,3.401414842497715862e-01,3.180789882382549782e-01,3.370149963951232230e-01,3.552514614597689357e-01,3.590224037266588897e-01,3.580358154841064011e-01,3.737167839316410389e-01,3.788655857612123201e-01,3.808143630961253745e-01,3.747115109463404203e-01,3.703003479881444293e-01,3.429966400830742335e-01,3.767947789704034212e-01,3.781800371793042626e-01,4.084310059487258338e-01,4.330219292559168154e-01,4.267280871119429886e-01,4.603844330872189361e-01,4.716398349986765659e-01,5.103479690462185969e-01,5.298385693533712582e-01,5.378243335336526654e-01,5.312539152314077473e-01,5.535497173055066167e-01,5.630137439347900896e-01,5.761645043326517612e-01,5.795788933149642608e-01,5.594095016172684343e-01,5.558328427289803697e-01,5.312908072259235892e-01,5.382983822201937718e-01,5.109669718801828076e-01,5.229469600818076325e-01,4.984966893045865155e-01,4.895360096988773391e-01,5.041325374714695773e-01,4.948966626519302747e-01,4.736077162949746677e-01,4.876438747808652385e-01,4.819321365651345612e-01,5.147563421294584218e-01,5.737081823646633660e-01,5.693780034668127765e-01,5.239038154168237371e-01,5.605105021099771045e-01,5.566548602096277332e-01,5.422563229908399229e-01,5.601136508852349039e-01,5.128463607285048687e-01,5.244870028428791908e-01,5.503359187604691671e-01,5.615842910927558718e-01,5.757460123131675767e-01,5.723311536784603248e-01,5.929058656379184722e-01,5.851290129253463590e-01,5.602542738359836960e-01,5.381480439923824743e-01,5.367389333577663457e-01,4.742670088104091186e-01,4.899791727518781337e-01,4.872465960211208591e-01,4.802122766779932661e-01,4.617083990864062626e-01,4.585319662227990700e-01,4.745448632751040896e-01,4.945029819413845895e-01,5.220845410574134204e-01,5.349281312226722429e-01,5.290182361274583522e-01,5.513812764280199286e-01,5.510954005653077026e-01,5.916342406856491820e-01,6.076478215178597875e-01,6.464074199633524920e-01,6.479740361851757946e-01,6.603796687611033223e-01,6.529091124030119708e-01,6.831998994532944014e-01,6.834123494419642730e-01,6.757456973951901924e-01,6.626423047238710895e-01,6.479515218662262876e-01,6.547309479047833669e-01,6.640432572818590895e-01
0.000000000000000000e+00,0.000000000000000000e+00,0.000000000000000000e+00,0.000000000000000000e+00,0.000000000000000000e+00,0.000000000000000000e+00,0.000000000000000000e+00,0.000000000000000000e+00,0.000000000000000000e+00,0.000000000000000000e+00,0.000000000000000000e+00,0.000000000000000000e+00,0.000000000000000000e+00,0.000000000000000000e+00,0.000000000000000000e+00,0.000000000000000000e+00,0.000000000000000000e+00,0.000000000000000000e+00,0.000000000000000000e+00,0.000000000000000000e+00,0.000000000000000000e+00,0.000000000000000000e+00,0.000000000000000000e+00,0.000000000000000000e+00,0.000000000000000000e+00,0.000000000000000000e+00,0.000000000000000000e+00,0.000000000000000000e+00,0.000000000000000000e+00,0.000000000000000000e+00,0.000000000000000000e+00,0.000000000000000000e+00,0.000000000000000000e+00,0.000000000000000000e+00,0.000000000000000000e+00,0.000000000000000000e+00,0.000000000000000000e+00,0.000000000000000000e+00,0.000000000000000000e+00,0.000000000000000000e+00,0.000000000000000000e+00,0.000000000000000000e+00,0.000000000000000000e+00,0.000000000000000000e+00,0.000000000000000000e+00,0.000000000000000000e+00,0.000000000000000000e+00,0.000000000000000000e+00,0.000000000000000000e+00,0.000000000000000000e+00,0.000000000000000000e+00,0.000000000000000000e+00,0.000000000000000000e+00,0.000000000000000000e+00,0.000000000000000000e+00,0.000000000000000000e+00,0.000000000000000000e+00,0.000000000000000000e+00,0.000000000000000000e+00,0.000000000000000000e+00,0.000000000000000000e+00,0.000000000000000000e+00,0.000000000000000000e+00,0.000000000000000000e+00,0.000000000000000000e+00,0.000000000000000000e+00,0.000000000000000000e+00,0.000000000000000000e+00,0.000000000000000000e+00,0.000000000000000000e+00,0.000000000000000000e+00,0.000000000000000000e+00,0.000000000000000000e+00,0.000000000000000000e+00,0.000000000000000000e+00,0.000000000000000000e+00,0.000000000000000000e+00,0.000000000000000000e+00,0.000000000000000000e+00,0.000000000000000000e+00,0.000000000000000000e+00,0.000000000000000000e+00,0.000000000000000000e+00,0.000000000000000000e+00,0.000000000000000000e+00,0.000000000000000000e+00,0.000000000000000000e+00,0.000000000000000000e+00,0.000000000000000000e+00,0.000000000000000000e+00,0.000000000000000000e+00,0.000000000000000000e+00,0.000000000000000000e+00,0.000000000000000000e+00,0.000000000000000000e+00,0.000000000000000000e+00,0.000000000000000000e+00,0.000000000000000000e+00,0.000000000000000000e+00,0.000000000000000000e+00,0.000000000000000000e+00,0.000000000000000000e+00,0.000000000000000000e+00,0.000000000000000000e+00,0.000000000000000000e+00,0.000000000000000000e+00,0.000000000000000000e+00,0.000000000000000000e+00,0.000000000000000000e+00,0.000000000000000000e+00,0.000000000000000000e+00,0.000000000000000000e+00,0.000000000000000000e+00,0.000000000000000000e+00,0.000000000000000000e+00,0.000000000000000000e+00,0.000000000000000000e+00,0.000000000000000000e+00,0.000000000000000000e+00,0.000000000000000000e+00,0.000000000000000000e+00,0.000000000000000000e+00,0.000000000000000000e+00,0.000000000000000000e+00,0.000000000000000000e+00,0.000000000000000000e+00,0.000000000000000000e+00,0.000000000000000000e+00,0.000000000000000000e+00,0.000000000000000000e+00,0.000000000000000000e+00,0.000000000000000000e+00,0.000000000000000000e+00,0.000000000000000000e+00,0.000000000000000000e+00,0.000000000000000000e+00,0.000000000000000000e+00,0.000000000000000000e+00,0.000000000000000000e+00,0.000000000000000000e+00,0.000000000000000000e+00,0.000000000000000000e+00,0.000000000000000000e+00,0.000000000000000000e+00,0.000000000000000000e+00,0.000000000000000000e+00,0.000000000000000000e+00,0.000000000000000000e+00,0.000000000000000000e+00,0.000000000000000000e+00,0.000000000000000000e+00,0.000000000000000000e+00,0.000000000000000000e+00,0.000000000000000000e+00,0.000000000000000000e+00,0.000000000000000000e+00,0.000000000000000000e+00,0.000000000000000000e+00,0.000000000000000000e+00,0.000000000000000000e+00,0.000000000000000000e+00,0.000000000000000000e+00,0.000000000000000000e+00,0.000000000000000000e+00,0.000000000000000000e+00,0.000000000000000000e+00,0.000000000000000000e+00,0.000000000000000000e+00,0.000000000000000000e+00,0.000000000000000000e+00,0.000000000000000000e+00,0.000000000000000000e+00,0.000000000000000000e+00,0.000000000000000000e+00,0.000000000000000000e+00,0.000000000000000000e+00,0.000000000000000000e+00,0.000000000000000000e+00,0.000000000000000000e+00,0.000000000000000000e+00,0.000000000000000000e+00,0.000000000000000000e+00,0.000000000000000000e+00,0.000000000000000000e+00,0.000000000000000000e+00,0.000000000000000000e+00,0.000000000000000000e+00,0.000000000000000000e+00,0.000000000000000000e+00,0.000000000000000000e+00,0.000000000000000000e+00,0.000000000000000000e+00,0.000000000000000000e+00,0.000000000000000000e+00,0.000000000000000000e+00,0.000000000000000000e+00,0.000000000000000000e+00,0.000000000000000000e+00,0.000000000000000000e+00,0.000000000000000000e+00
0.000000000000000000e+00,0.000000000000000000e+00,0.000000000000000000e+00,0.000000000000000000e+00,0.000000000000000000e+00,0.000000000000000000e+00,0.000000000000000000e+00,0.000000000000000000e+00,0.000000000000000000e+00,0.000000000000000000e+00,0.000000000000000000e+00,0.000000000000000000e+00,0.000000000000000000e+00,0.000000000000000000e+00,0.000000000000000000e+00,0.000000000000000000e+00,0.000000000000000000e+00,0.000000000000000000e+00,0.000000000000000000e+00,0.000000000000000000e+00,0.000000000000000000e+00,0.000000000000000000e+00,0.000000000000000000e+00,0.000000000000000000e+00,0.000000000000000000e+00,0.000000000000000000e+00,0.000000000000000000e+00,0.000000000000000000e+00,0.000000000000000000e+00,0.000000000000000000e+00,0.000000000000000000e+00,0.000000000000000000e+00,0.000000000000000000e+00,0.000000000000000000e+00,0.000000000000000000e+00,0.000000000000000000e+00,0.000000000000000000e+00,0.000000000000000000e+00,0.000000000000000000e+00,0.000000000000000000e+00,0.000000000000000000e+00,0.000000000000000000e+00,0.000000000000000000e+00,0.000000000000000000e+00,0.000000000000000000e+00,0.000000000000000000e+00,0.000000000000000000e+00,0.000000000000000000e+00,0.000000000000000000e+00,0.000000000000000000e+00,0.000000000000000000e+00,0.000000000000000000e+00,0.000000000000000000e+00,0.000000000000000000e+00,0.000000000000000000e+00,0.000000000000000000e+00,0.000000000000000000e+00,0.000000000000000000e+00,0.000000000000000000e+00,0.000000000000000000e+00,0.000000000000000000e+00,0.000000000000000000e+00,0.000000000000000000e+00,0.000000000000000000e+00,0.000000000000000000e+00,0.000000000000000000e+00,0.000000000000000000e+00,0.000000000000000000e+00,0.000000000000000000e+00,0.000000000000000000e+00,0.000000000000000000e+00,0.000000000000000000e+00,0.000000000000000000e+00,0.000000000000000000e+00,0.000000000000000000e+00,0.000000000000000000e+00,0.000000000000000000e+00,0.000000000000000000e+00,0.000000000000000000e+00,0.000000000000000000e+00,0.000000000000000000e+00,0.000000000000000000e+00,0.000000000000000000e+00,0.000000000000000000e+00,0.000000000000000000e+00,0.000000000000000000e+00,0.000000000000000000e+00,0.000000000000000000e+00,0.000000000000000000e+00,0.000000000000000000e+00,0.000000000000000000e+00,0.000000000000000000e+00,0.000000000000000000e+00,0.000000000000000000e+00,0.000000000000000000e+00,0.000000000000000000e+00,0.000000000000000000e+00,0.000000000000000000e+00,0.000000000000000000e+00,0.000000000000000000e+00,0.000000000000000000e+00,0.000000000000000000e+00,0.000000000000000000e+00,0.000000000000000000e+00,0.000000000000000000e+00,0.000000000000000000e+00,0.000000000000000000e+00,0.000000000000000000e+00,0.000000000000000000e+00,0.000000000000000000e+00,0.000000000000000000e+00,0.000000000000000000e+00,0.000000000000000000e+00,0.000000000000000000e+00,0.000000000000000000e+00,0.000000000000000000e+00,0.000000000000000000e+00,0.000000000000000000e+00,0.000000000000000000e+00,0.000000000000000000e+00,0.000000000000000000e+00,0.000000000000000000e+00,0.000000000000000000e+00,0.000000000000000000e+00,0.000000000000000000e+00,0.000000000000000000e+00,0.000000000000000000e+00,0.000000000000000000e+00,0.000000000000000000e+00,0.000000000000000000e+00,0.000000000000000000e+00,0.000000000000000000e+00,0.000000000000000000e+00,0.000000000000000000e+00,0.000000000000000000e+00,0.000000000000000000e+00,0.000000000000000000e+00,0.000000000000000000e+00,0.000000000000000000e+00,0.000000000000000000e+00,0.000000000000000000e+00,0.000000000000000000e+00,0.000000000000000000e+00,0.000000000000000000e+00,0.000000000000000000e+00,0.000000000000000000e+00,0.000000000000000000e+00,0.000000000000000000e+00,0.000000000000000000e+00,0.000000000000000000e+00,0.000000000000000000e+00,0.000000000000000000e+00,0.000000000000000000e+00,0.000000000000000000e+00,0.000000000000000000e+00,0.000000000000000000e+00,0.000000000000000000e+00,0.000000000000000000e+00,0.000000000000000000e+00,0.000000000000000000e+00,0.000000000000000000e+00,0.000000000000000000e+00,0.000000000000000000e+00,0.000000000000000000e+00,0.000000000000000000e+00,0.000000000000000000e+00,0.000000000000000000e+00,0.000000000000000000e+00,0.000000000000000000e+00,0.000000000000000000e+00,0.000000000000000000e+00,0.000000000000000000e+00,0.000000000000000000e+00,0.000000000000000000e+00,0.000000000000000000e+00,0.000000000000000000e+00,0.000000000000000000e+00,0.000000000000000000e+00,0.000000000000000000e+00,0.000000000000000000e+00,0.000000000000000000e+00,0.000000000000000000e+00,0.000000000000000000e+00,0.000000000000000000e+00,0.000000000000000000e+00,0.000000000000000000e+00,0.000000000000000000e+00,0.000000000000000000e+00,0.000000000000000000e+00,0.000000000000000000e+00,0.000000000000000000e+00,0.000000000000000000e+00,0.000000000000000000e+00,0.000000000000000000e+00,0.000000000000000000e+00,0.000000000000000000e+00,0.000000000000000000e+00,0.000000000000000000e+00,0.000000000000000000e+00,0.000000000000000000e+00
0.000000000000000000e+00,0.000000000000000000e+00,0.000000000000000000e+00,0.000000000000000000e+00,0.000000000000000000e+00,0.000000000000000000e+00,0.000000000000000000e+00,0.000000000000000000e+00,0.000000000000000000e+00,0.000000000000000000e+00,0.000000000000000000e+00,0.000000000000000000e+00,0.000000000000000000e+00,0.000000000000000000e+00,0.000000000000000000e+00,0.000000000000000000e+00,0.000000000000000000e+00,0.000000000000000000e+00,0.000000000000000000e+00,0.000000000000000000e+00,0.000000000000000000e+00,0.000000000000000000e+00,0.000000000000000000e+00,0.000000000000000000e+00,0.000000000000000000e+00,0.000000000000000000e+00,0.000000000000000000e+00,0.000000000000000000e+00,0.000000000000000000e+00,0.000000000000000000e+00,0.000000000000000000e+00,0.000000000000000000e+00,0.000000000000000000e+00,0.000000000000000000e+00,0.000000000000000000e+00,0.000000000000000000e+00,0.000000000000000000e+00,0.000000000000000000e+00,0.000000000000000000e+00,0.000000000000000000e+00,0.000000000000000000e+00,0.000000000000000000e+00,0.000000000000000000e+00,0.000000000000000000e+00,0.000000000000000000e+00,0.000000000000000000e+00,0.000000000000000000e+00,0.000000000000000000e+00,0.000000000000000000e+00,0.000000000000000000e+00,0.000000000000000000e+00,0.000000000000000000e+00,0.000000000000000000e+00,0.000000000000000000e+00,0.000000000000000000e+00,0.000000000000000000e+00,0.000000000000000000e+00,0.000000000000000000e+00,0.000000000000000000e+00,0.000000000000000000e+00,0.000000000000000000e+00,0.000000000000000000e+00,0.000000000000000000e+00,0.000000000000000000e+00,0.000000000000000000e+00,0.000000000000000000e+00,0.000000000000000000e+00,0.000000000000000000e+00,0.000000000000000000e+00,0.000000000000000000e+00,0.000000000000000000e+00,0.000000000000000000e+00,0.000000000000000000e+00,0.000000000000000000e+00,0.000000000000000000e+00,0.000000000000000000e+00,0.000000000000000000e+00,0.000000000000000000e+00,0.000000000000000000e+00,0.000000000000000000e+00,0.000000000000000000e+00,0.000000000000000000e+00,0.000000000000000000e+00,0.000000000000000000e+00,0.000000000000000000e+00,0.000000000000000000e+00,0.000000000000000000e+00,0.000000000000000000e+00,0.000000000000000000e+00,0.000000000000000000e+00,0.000000000000000000e+00,0.000000000000000000e+00,0.000000000000000000e+00,0.000000000000000000e+00,0.000000000000000000e+00,0.000000000000000000e+00,0.000000000000000000e+00,0.000000000000000000e+00,0.000000000000000000e+00,0.000000000000000000e+00,0.000000000000000000e+00,0.000000000000000000e+00,0.000000000000000000e+00,0.000000000000000000e+00,0.000000000000000000e+00,0.000000000000000000e+00,0.000000000000000000e+00,0.000000000000000000e+00,0.000000000000000000e+00,0.000000000000000000e+00,0.000000000000000000e+00,0.000000000000000000e+00,0.000000000000000000e+00,0.000000000000000000e+00,0.000000000000000000e+00,0.000000000000000000e+00,0.000000000000000000e+00,0.000000000000000000e+00,0.000000000000000000e+00,0.000000000000000000e+00,0.000000000000000000e+00,0.000000000000000000e+00,0.000000000000000000e+00,0.000000000000000000e+00,0.000000000000000000e+00,0.000000000000000000e+00,0.000000000000000000e+00,0.000000000000000000e+00,0.000000000000000000e+00,0.000000000000000000e+00,0.000000000000000000e+00,0.000000000000000000e+00,0.000000000000000000e+00,0.000000000000000000e+00,0.000000000000000000e+00,0.000000000000000000e+00,0.000000000000000000e+00,0.000000000000000000e+00,0.000000000000000000e+00,0.000000000000000000e+00,0.000000000000000000e+00,0.000000000000000000e+00,0.000000000000000000e+00,0.000000000000000000e+00,0.000000000000000000e+00,0.000000000000000000e+00,0.000000000000000000e+00,0.000000000000000000e+00,0.000000000000000000e+00,0.000000000000000000e+00,0.000000000000000000e+00,0.000000000000000000e+00,0.000000000000000000e+00,0.000000000000000000e+00,0.000000000000000000e+00,0.000000000000000000e+00,0.000000000000000000e+00,0.000000000000000000e+00,0.000000000000000000e+00,0.000000000000000000e+00,0.000000000000000000e+00,0.000000000000000000e+00,0.000000000000000000e+00,0.000000000000000000e+00,0.000000000000000000e+00,0.000000000000000000e+00,0.000000000000000000e+00,0.000000000000000000e+00,0.000000000000000000e+00,0.000000000000000000e+00,0.000000000000000000e+00,0.000000000000000000e+00,0.000000000000000000e+00,0.000000000000000000e+00,0.000000000000000000e+00,0.000000000000000000e+00,0.000000000000000000e+00,0.000000000000000000e+00,0.000000000000000000e+00,0.000000000000000000e+00,0.000000000000000000e+00,0.000000000000000000e+00,0.000000000000000000e+00,0.000000000000000000e+00,0.000000000000000000e+00,0.000000000000000000e+00,0.000000000000000000e+00,0.000000000000000000e+00,0.000000000000000000e+00,0.000000000000000000e+00,0.000000000000000000e+00,0.000000000000000000e+00,0.000000000000000000e+00,0.000000000000000000e+00,0.000000000000000000e+00,0.000000000000000000e+00,0.000000000000000000e+00,0.000000000000000000e+00,0.000000000000000000e+00,0.000000000000000000e+00
0.000000000000000000e+00,0.000000000000000000e+00,0.000000000000000000e+00,0.000000000000000000e+00,0.000000000000000000e+00,0.000000000000000000e+00,0.000000000000000000e+00,0.000000000000000000e+00,0.000000000000000000e+00,0.000000000000000000e+00,0.000000000000000000e+00,0.000000000000000000e+00,0.000000000000000000e+00,0.000000000000000000e+00,0.000000000000000000e+00,0.000000000000000000e+00,0.000000000000000000e+00,0.000000000000000000e+00,0.000000000000000000e+00,0.000000000000000000e+00,0.000000000000000000e+00,0.000000000000000000e+00,0.000000000000000000e+00,0.000000000000000000e+00,0.000000000000000000e+00,0.000000000000000000e+00,0.000000000000000000e+00,0.000000000000000000e+00,0.000000000000000000e+00,0.000000000000000000e+00,0.000000000000000000e+00,0.000000000000000000e+00,0.000000000000000000e+00,0.000000000000000000e+00,0.000000000000000000e+00,0.000000000000000000e+00,0.000000000000000000e+00,0.000000000000000000e+00,0.000000000000000000e+00,0.000000000000000000e+00,0.000000000000000000e+00,0.000000000000000000e+00,0.000000000000000000e+00,0.000000000000000000e+00,0.000000000000000000e+00,0.000000000000000000e+00,0.000000000000000000e+00,0.000000000000000000e+00,0.000000000000000000e+00,0.000000000000000000e+00,0.000000000000000000e+00,0.000000000000000000e+00,0.000000000000000000e+00,0.000000000000000000e+00,0.000000000000000000e+00,0.000000000000000000e+00,0.000000000000000000e+00,0.000000000000000000e+00,0.000000000000000000e+00,0.000000000000000000e+00,0.000000000000000000e+00,0.000000000000000000e+00,0.000000000000000000e+00,0.000000000000000000e+00,0.000000000000000000e+00,0.000000000000000000e+00,0.000000000000000000e+00,0.000000000000000000e+00,0.000000000000000000e+00,0.000000000000000000e+00,0.000000000000000000e+00,0.000000000000000000e+00,0.000000000000000000e+00,0.000000000000000000e+00,0.000000000000000000e+00,0.000000000000000000e+00,0.000000000000000000e+00,0.000000000000000000e+00,0.000000000000000000e+00,0.000000000000000000e+00,0.000000000000000000e+00,0.000000000000000000e+00,0.000000000000000000e+00,0.000000000000000000e+00,0.000000000000000000e+00,0.000000000000000000e+00,0.000000000000000000e+00,0.000000000000000000e+00,0.000000000000000000e+00,0.000000000000000000e+00,0.000000000000000000e+00,0.000000000000000000e+00,0.000000000000000000e+00,0.000000000000000000e+00,0.000000000000000000e+00,0.000000000000000000e+00,0.000000000000000000e+00,0.000000000000000000e+00,0.000000000000000000e+00,0.000000000000000000e+00,0.000000000000000000e+00,0.000000000000000000e+00,0.000000000000000000e+00,0.000000000000000000e+00,0.000000000000000000e+00,0.000000000000000000e+00,0.000000000000000000e+00,0.000000000000000000e+00,0.000000000000000000e+00,0.000000000000000000e+00,0.000000000000000000e+00,0.000000000000000000e+00,0.000000000000000000e+00,0.000000000000000000e+00,0.000000000000000000e+00,0.000000000000000000e+00,0.000000000000000000e+00,0.000000000000000000e+00,0.000000000000000000e+00,0.000000000000000000e+00,0.000000000000000000e+00,0.000000000000000000e+00,0.000000000000000000e+00,0.000000000000000000e+00,0.000000000000000000e+00,0.000000000000000000e+00,0.000000000000000000e+00,0.000000000000000000e+00,0.000000000000000000e+00,0.000000000000000000e+00,0.000000000000000000e+00,0.000000000000000000e+00,0.000000000000000000e+00,0.000000000000000000e+00,0.000000000000000000e+00,0.000000000000000000e+00,0.000000000000000000e+00,0.000000000000000000e+00,0.000000000000000000e+00,0.000000000000000000e+00,0.000000000000000000e+00,0.000000000000000000e+00,0.000000000000000000e+00,0.000000000000000000e+00,0.000000000000000000e+00,0.000000000000000000e+00,0.000000000000000000e+00,0.000000000000000000e+00,0.000000000000000000e+00,0.000000000000000000e+00,0.000000000000000000e+00,0.000000000000000000e+00,0.000000000000000000e+00,0.000000000000000000e+00,0.000000000000000000e+00,0.000000000000000000e+00,0.000000000000000000e+00,0.000000000000000000e+00,0.000000000000000000e+00,0.000000000000000000e+00,0.000000000000000000e+00,0.000000000000000000e+00,0.000000000000000000e+00,0.000000000000000000e+00,0.000000000000000000e+00,0.000000000000000000e+00,0.000000000000000000e+00,0.000000000000000000e+00,0.000000000000000000e+00,0.000000000000000000e+00,0.000000000000000000e+00,0.000000000000000000e+00,0.000000000000000000e+00,0.000000000000000000e+00,0.000000000000000000e+00,0.000000000000000000e+00,0.000000000000000000e+00,0.000000000000000000e+00,0.000000000000000000e+00,0.000000000000000000e+00,0.000000000000000000e+00,0.000000000000000000e+00,0.000000000000000000e+00,0.000000000000000000e+00,0.000000000000000000e+00,0.000000000000000000e+00,0.000000000000000000e+00,0.000000000000000000e+00,0.000000000000000000e+00,0.000000000000000000e+00,0.000000000000000000e+00,0.000000000000000000e+00,0.000000000000000000e+00,0.000000000000000000e+00,0.000000000000000000e+00,0.000000000000000000e+00,0.000000000000000000e+00,0.000000000000000000e+00,0.000000000000000000e+00,0.000000000000000000e+00
1.111111111111111049e-01,1.134908618573233913e-01,1.163089851953491849e-01,1.191057818077359276e-01,1.183026456247901065e-01,1.248259184359470364e-01,1.275412375555124989e-01,1.249041465741215495e-01,1.268985905753076404e-01,1.302376513164210936e-01,1.381540897050349270e-01,1.323663251873771485e-01,1.291333960985649176e-01,1.286124541457077664e-01,1.309223916662403675e-01,1.227650503285764028e-01,1.227844533491472268e-01,1.339246793633271648e-01,1.505481274395586433e-01,1.425844308808740801e-01,1.571111360009006253e-01,1.668152078292075569e-01,1.567000539401813275e-01,1.536937421896999723e-01,1.542611784409005926e-01,1.508342582949486199e-01,1.539393214050496506e-01,1.524221667689786841e-01,1.535363099724794400e-01,1.592475890348353240e-01,1.474023745806021524e-01,1.422791459765248012e-01,1.405135638938923848e-01,1.576957585074704460e-01,1.468924472744964627e-01,1.403618577390025601e-01,1.458833571497537840e-01,1.420304334224310461e-01,1.463844972287126900e-01,1.376531720302298367e-01,1.380227021519364050e-01,1.366931962539821854e-01,1.357215990517769699e-01,1.161515006713946391e-01,1.288731560728003933e-01,1.373549277315648243e-01,1.280726028395381966e-01,1.273463980323896461e-01,1.113135753269276496e-01,1.195357611014489924e-01,1.353237578540610053e-01,1.317662999475956720e-01,1.318807543560428786e-01,1.309783667624128123e-01,1.341683796129974349e-01,1.315203003338303311e-01,1.604565149834717985e-01,1.384056967124310533e-01,1.260086141020189399e-01,1.140847531705278528e-01,1.023600221481417855e-01,1.015481780129608991e-01,1.037110655550608218e-01,1.087552703930671355e-01,1.149238389521348297e-01,1.065304558120814260e-01,1.016141734447854189e-01,1.035080837305802220e-01,1.065151777090640184e-01,1.016703145506696881e-01,1.042032575286788582e-01,1.016815860514971859e-01,9.408424003689828952e-02,9.505159108922237032e-02,9.806692188838575519e-02,1.000990572907307918e-01,1.058391724734594891e-01,1.132136247273403673e-01,1.082714257200017016e-01,1.084243334848914858e-01,1.101465685355199203e-01,1.106906146978674788e-01,1.133131493427746717e-01,1.160758536923146567e-01,1.032056916586959611e-01,9.975092086038499228e-02,9.747424764817748388e-02,1.039429413134221047e-01,9.664907748596227033e-02,1.038943461156995318e-01,1.037207071479053777e-01,1.129542385636457119e-01,1.159509923137796022e-01,1.266910903193731730e-01,1.443057128695774682e-01,1.421644879179761456e-01,1.362308069770951369e-01,1.414029349554756509e-01,1.378301828987154587e-01,1.444242855082016608e-01,1.399777795815952963e-01,1.272041973196536835e-01,1.264189195725407555e-01,1.202930404902659151e-01,1.243911959232713721e-01,1.237342832128817960e-01,1.396202184505616894e-01,1.357963703724975324e-01,1.373532550005402697e-01,1.455748633179372031e-01,1.460425694002512598e-01,1.472999940517246420e-01,1.504010729215050080e-01,1.528642155761454069e-01,1.593165907005043569e-01,1.491065479663999938e-01,1.452091995552912962e-01,1.438635416521266419e-01,1.426248883176083615e-01,1.381316743780037770e-01,1.422750325660816773e-01,1.459216185207596606e-01,1.556145729840788805e-01,1.573817907850502684e-01,1.639974833309128244e-01,1.640481130041188396e-01,1.695647720889393306e-01,1.707939897796164341e-01,1.650883485366625159e-01,1.761383372744893261e-01,1.939076700759803096e-01,1.793145538449916476e-01,1.804455513320031845e-01,1.787610583999446334e-01,1.747930097158405804e-01,1.698287435229917097e-01,1.742278382709589457e-01,1.779801372502593237e-01,1.757152190239701650e-01,1.814378006293334566e-01,1.780135171247819725e-01,1.769421248372701760e-01,1.770180784733804136e-01,1.778537097205019624e-01,1.784915218581130669e-01,1.772061459763510372e-01,1.865987916560957749e-01,1.763367498487108387e-01,1.648541481437366951e-01,1.652589850884870482e-01,1.616383712605390377e-01,1.707424495053479763e-01,1.581940013680214474e-01,1.559142386840202399e-01,1.611509459389078858e-01,1.554235301222646193e-01,1.464489871945642285e-01,1.424557557103840744e-01,1.531905690855255853e-01,1.678552536060992639e-01,1.732768589641832946e-01,1.837503882743934391e-01,1.819176082180043175e-01,1.703247157131516920e-01,1.783879630426679075e-01,1.822779277640229345e-01,1.845584863189922986e-01,1.795598542025536870e-01,1.865809470869296549e-01,1.910894173736761847e-01,1.888598225624428251e-01,1.905680897563385712e-01,1.913506553691677048e-01,1.954527733982255600e-01,1.986744405243186240e-01,2.043579385244553015e-01,1.862809720451118478e-01,1.914751644124781105e-01,1.987595028600201985e-01,1.854953906252913010e-01,1.864162046709096077e-01,1.974470148055546825e-01,2.108080528246623619e-01,2.149702892346579131e-01,2.118506454529300864e-01,1.991508107016309037e-01,1.577865646206897399e-01,1.678772997021906188e-01,1.692629049607049518e-01,1.718842955984586918e-01,1.697797548917852895e-01,1.645326060289228898e-01,1.592059196622908068e-01,1.468620567450583669e-01,1.519252225824203884e-01,1.347812200292138884e-01,1.224514729666712903e-01,1.231322280513188205e-01,1.262120851816018463e-01,1.482349713406976022e-01
3.333333333333333148e-01,3.421280589949483031e-01,3.400374332214554096e-01,3.401017139747896656e-01,3.409680371138977262e-01,3.445025037681095914e-01,3.635488455821894171e-01,3.640834152551030156e-01,3.611323965001310143e-01,3.838948333944137703e-01,3.757456067416632961e-01,3.759247021649213538e-01,3.777816354609789817e-01,3.707794131472959553e-01,3.620927017408673287e-01,3.575836242979368862e-01,3.510600719883838483e-01,3.537116487643315321e-01,3.505269918343550950e-01,3.472197499978275093e-01,3.441764184589976572e-01,3.436710024080551484e-01,3.429782330828859416e-01,3.434338724059147752e-01,3.462490118900055092e-01,3.520911119862016880e-01,3.511613987356197453e-01,3.531272039049681566e-01,3.599400303826311154e-01,3.565822661659479031e-01,3.576815786282516174e-01,3.461102883195490421e-01,3.489505004592262094e-01,3.493497744851550846e-01,3.508958353934687469e-01,3.500201608489142968e-01,3.521046477792343365e-01,3.615519353624508936e-01,3.624972738238420589e-01,3.530263715712563255e-01,3.378955093803543974e-01,3.142989407909906885e-01,3.187503545190046861e-01,3.159948133599801423e-01,2.962923517466903855e-01,3.090557891151246017e-01,2.905608284797055463e-01,2.989347860187382411e-01,3.007352315563353029e-01,3.078918452077325507e-01,3.102154921381787278e-01,3.120282303601300544e-01,3.124900794934097892e-01,3.083181478562144751e-01,3.029854115755015731e-01,2.983176990357122027e-01,2.977908206512363543e-01,2.945427334717680701e-01,2.801784664237034206e-01,2.794803742873796515e-01,2.713353139693812088e-01,2.729368464126363247e-01,2.704484135057155236e-01,2.694782117495358453e-01,2.712385728034766297e-01,2.743369630722415908e-01,2.659778081115039550e-01,2.711275973510197113e-01,2.741435907753141943e-01,2.772873799334092948e-01,2.750208144867307136e-01,2.730525598816960220e-01,2.696122748212959608e-01,2.789388647074996230e-01,2.842458087387824128e-01,2.884636773068850468e-01,2.831839668580440339e-01,2.945552131703183529e-01,2.761549004075317670e-01,2.747523393420316373e-01,2.792773849149754462e-01,2.735270791065012586e-01,2.781518756184547803e-01,2.820864537762323154e-01,2.719344154655905510e-01,2.742284016651594936e-01,2.518393493670408878e-01,2.493462307740563488e-01,2.673669407754801775e-01,2.578922512162710734e-01,2.530082418711704917e-01,2.328871885441370082e-01,2.302677660350377631e-01,2.362808680872682532e-01,2.325205861112262240e-01,2.306782069108544719e-01,2.313841099824317793e-01,2.360377033889485832e-01,2.351002201367917710e-01,2.362436052808172260e-01,2.342315731209832774e-01,2.378781018126486235e-01,2.378086377695636799e-01,2.483752048377721178e-01,2.399084849423670507e-01,2.504346375306291672e-01,2.253322866758293297e-01,2.386791403720639193e-01,2.663582162053185209e-01,2.470763666045762419e-01,2.598162907382932096e-01,2.262782929733472004e-01,2.405763366854742902e-01,2.359067615257013639e-01,1.965958064240936609e-01,2.119562080385514469e-01,2.118070210053718538e-01,2.128694017461649213e-01,2.085516807844980669e-01,2.157564499549365911e-01,2.106184383919579850e-01,2.059165424194660809e-01,2.033927793079006452e-01,2.201413608329158000e-01,1.976607889444829957e-01,1.801707935331015309e-01,1.670518866991247131e-01,1.855743675128081194e-01,2.015892402319332533e-01,1.768687005507278698e-01,1.738910334750932707e-01,1.534436639400454938e-01,1.519573637979231007e-01,1.211944786123317491e-01,1.510356263995114856e-01,1.347987453117155399e-01,1.402691493378643572e-01,1.839188000855946359e-01,1.850813129624953313e-01,2.046496501745038443e-01,2.221937980599752449e-01,2.276991829852749449e-01,2.373767610495464697e-01,2.371503412996257276e-01,2.455112516754169860e-01,2.485115133520793829e-01,2.549695893161213478e-01,2.507585310901520592e-01,2.451344853426307147e-01,2.410511698498554456e-01,2.452259931690591865e-01,2.525097459362899976e-01,2.449871833773470398e-01,2.349872524571766930e-01,2.233716970112095135e-01,2.214957559837190670e-01,2.285557127101405239e-01,2.136452527609632723e-01,2.010666826958072695e-01,2.043686285820948134e-01,2.105626133705951752e-01,2.074498174031856879e-01,2.002941418672041229e-01,2.047234336894834805e-01,1.882583463218353015e-01,1.809941062507938736e-01,2.221015149509566466e-01,1.903539068364015485e-01,2.129000051600646315e-01,1.838543384560871741e-01,1.662272115301070274e-01,1.687291528002193008e-01,1.668056761925289788e-01,1.537115355271643780e-01,1.384558401931692273e-01,1.379344564577807963e-01,1.439210714749205589e-01,1.402027344734933234e-01,1.392734976950600612e-01,1.390282233889500174e-01,1.228654203863171757e-01,1.269366903886167686e-01,1.486222883561616193e-01,1.665745040715411740e-01,1.945066063191639716e-01,1.931727946701096432e-01,2.022995736576365944e-01,1.743516249913236171e-01,1.611195413269286558e-01,1.686283612730710146e-01,1.703740457112829509e-01,1.669946487516214273e-01,1.802083220813468500e-01,1.772227969451829477e-01,1.666772156711583130e-01,1.892906541534729314e-01,1.849438649686630243e-01,1.901152289532047623e-01,2.000640200721961748e-01,2.022956178548921957e-01
0.000000000000000000e+00,0.000000000000000000e+00,0.000000000000000000e+00,0.000000000000000000e+00,0.000000000000000000e+00,0.000000000000000000e+00,0.000000000000000000e+00,0.000000000000000000e+00,0.000000000000000000e+00,0.000000000000000000e+00,0.000000000000000000e+00,0.000000000000000000e+00,0.000000000000000000e+00,0.000000000000000000e+00,0.000000000000000000e+00,0.000000000000000000e+00,0.000000000000000000e+00,0.000000000000000000e+00,0.000000000000000000e+00,0.000000000000000000e+00,0.000000000000000000e+00,0.000000000000000000e+00,0.000000000000000000e+00,0.000000000000000000e+00,0.000000000000000000e+00,0.000000000000000000e+00,0.000000000000000000e+00,0.000000000000000000e+00,0.000000000000000000e+00,0.000000000000000000e+00,0.000000000000000000e+00,0.000000000000000000e+00,0.000000000000000000e+00,0.000000000000000000e+00,0.000000000000000000e+00,0.000000000000000000e+00,0.000000000000000000e+00,0.000000000000000000e+00,0.000000000000000000e+00,0.000000000000000000e+00,0.000000000000000000e+00,0.000000000000000000e+00,0.000000000000000000e+00,0.000000000000000000e+00,0.000000000000000000e+00,0.000000000000000000e+00,0.000000000000000000e+00,0.000000000000000000e+00,0.000000000000000000e+00,0.000000000000000000e+00,0.000000000000000000e+00,0.000000000000000000e+00,0.000000000000000000e+00,0.000000000000000000e+00,0.000000000000000000e+00,0.000000000000000000e+00,0.000000000000000000e+00,0.000000000000000000e+00,0.000000000000000000e+00,0.000000000000000000e+00,0.000000000000000000e+00,0.000000000000000000e+00,0.000000000000000000e+00,0.000000000000000000e+00,0.000000000000000000e+00,0.000000000000000000e+00,0.000000000000000000e+00,0.000000000000000000e+00,0.000000000000000000e+00,0.000000000000000000e+00,0.000000000000000000e+00,0.000000000000000000e+00,0.000000000000000000e+00,0.000000000000000000e+00,0.000000000000000000e+00,0.000000000000000000e+00,0.000000000000000000e+00,0.000000000000000000e+00,0.000000000000000000e+00,0.000000000000000000e+00,0.000000000000000000e+00,0.000000000000000000e+00,0.000000000000000000e+00,0.000000000000000000e+00,0.000000000000000000e+00,0.000000000000000000e+00,0.000000000000000000e+00,0.000000000000000000e+00,0.000000000000000000e+00,0.000000000000000000e+00,0.000000000000000000e+00,0.000000000000000000e+00,0.000000000000000000e+00,0.000000000000000000e+00,0.000000000000000000e+00,0.000000000000000000e+00,0.000000000000000000e+00,0.000000000000000000e+00,0.000000000000000000e+00,0.000000000000000000e+00,0.000000000000000000e+00,0.000000000000000000e+00,0.000000000000000000e+00,0.000000000000000000e+00,0.000000000000000000e+00,0.000000000000000000e+00,0.000000000000000000e+00,0.000000000000000000e+00,0.000000000000000000e+00,0.000000000000000000e+00,0.000000000000000000e+00,0.000000000000000000e+00,0.000000000000000000e+00,0.000000000000000000e+00,0.000000000000000000e+00,0.000000000000000000e+00,0.000000000000000000e+00,0.000000000000000000e+00,0.000000000000000000e+00,0.000000000000000000e+00,0.000000000000000000e+00,0.000000000000000000e+00,0.000000000000000000e+00,0.000000000000000000e+00,0.000000000000000000e+00,0.000000000000000000e+00,0.000000000000000000e+00,0.000000000000000000e+00,0.000000000000000000e+00,0.000000000000000000e+00,0.000000000000000000e+00,0.000000000000000000e+00,0.000000000000000000e+00,0.000000000000000000e+00,0.000000000000000000e+00,0.000000000000000000e+00,0.000000000000000000e+00,0.000000000000000000e+00,0.000000000000000000e+00,0.000000000000000000e+00,0.000000000000000000e+00,0.000000000000000000e+00,0.000000000000000000e+00,0.000000000000000000e+00,0.000000000000000000e+00,0.000000000000000000e+00,0.000000000000000000e+00,0.000000000000000000e+00,0.000000000000000000e+00,0.000000000000000000e+00,0.000000000000000000e+00,0.000000000000000000e+00,0.000000000000000000e+00,0.000000000000000000e+00,0.000000000000000000e+00,0.000000000000000000e+00,0.000000000000000000e+00,0.000000000000000000e+00,0.000000000000000000e+00,0.000000000000000000e+00,0.000000000000000000e+00,0.000000000000000000e+00,0.000000000000000000e+00,0.000000000000000000e+00,0.000000000000000000e+00,0.000000000000000000e+00,0.000000000000000000e+00,0.000000000000000000e+00,0.000000000000000000e+00,0.000000000000000000e+00,0.000000000000000000e+00,0.000000000000000000e+00,0.000000000000000000e+00,0.000000000000000000e+00,0.000000000000000000e+00,0.000000000000000000e+00,0.000000000000000000e+00,0.000000000000000000e+00,0.000000000000000000e+00,0.000000000000000000e+00,0.000000000000000000e+00,0.000000000000000000e+00,0.000000000000000000e+00,0.000000000000000000e+00,0.000000000000000000e+00,0.000000000000000000e+00,0.000000000000000000e+00,0.000000000000000000e+00,0.000000000000000000e+00,0.000000000000000000e+00,0.000000000000000000e+00,0.000000000000000000e+00,0.000000000000000000e+00,0.000000000000000000e+00,0.000000000000000000e+00,0.000000000000000000e+00,0.000000000000000000e+00,0.000000000000000000e+00,0.000000000000000000e+00,0.000000000000000000e+00
0.000000000000000000e+00,0.000000000000000000e+00,0.000000000000000000e+00,0.000000000000000000e+00,0.000000000000000000e+00,0.000000000000000000e+00,0.000000000000000000e+00,0.000000000000000000e+00,0.000000000000000000e+00,0.000000000000000000e+00,0.000000000000000000e+00,0.000000000000000000e+00,0.000000000000000000e+00,0.000000000000000000e+00,0.000000000000000000e+00,0.000000000000000000e+00,0.000000000000000000e+00,0.000000000000000000e+00,0.000000000000000000e+00,0.000000000000000000e+00,0.000000000000000000e+00,0.000000000000000000e+00,0.000000000000000000e+00,0.000000000000000000e+00,0.000000000000000000e+00,0.000000000000000000e+00,0.000000000000000000e+00,0.000000000000000000e+00,0.000000000000000000e+00,0.000000000000000000e+00,0.000000000000000000e+00,0.000000000000000000e+00,0.000000000000000000e+00,0.000000000000000000e+00,0.000000000000000000e+00,0.000000000000000000e+00,0.000000000000000000e+00,0.000000000000000000e+00,0.000000000000000000e+00,0.000000000000000000e+00,0.000000000000000000e+00,0.000000000000000000e+00,0.000000000000000000e+00,0.000000000000000000e+00,0.000000000000000000e+00,0.000000000000000000e+00,0.000000000000000000e+00,0.000000000000000000e+00,0.000000000000000000e+00,0.000000000000000000e+00,0.000000000000000000e+00,0.000000000000000000e+00,0.000000000000000000e+00,0.000000000000000000e+00,0.000000000000000000e+00,0.000000000000000000e+00,0.000000000000000000e+00,0.000000000000000000e+00,0.000000000000000000e+00,0.000000000000000000e+00,0.000000000000000000e+00,0.000000000000000000e+00,0.000000000000000000e+00,0.000000000000000000e+00,0.000000000000000000e+00,0.000000000000000000e+00,0.000000000000000000e+00,0.000000000000000000e+00,0.000000000000000000e+00,0.000000000000000000e+00,0.000000000000000000e+00,0.000000000000000000e+00,0.000000000000000000e+00,0.000000000000000000e+00,0.000000000000000000e+00,0.000000000000000000e+00,0.000000000000000000e+00,0.000000000000000000e+00,0.000000000000000000e+00,0.000000000000000000e+00,0.000000000000000000e+00,0.000000000000000000e+00,0.000000000000000000e+00,0.000000000000000000e+00,0.000000000000000000e+00,0.000000000000000000e+00,0.000000000000000000e+00,0.000000000000000000e+00,0.000000000000000000e+00,0.000000000000000000e+00,0.000000000000000000e+00,0.000000000000000000e+00,0.000000000000000000e+00,0.000000000000000000e+00,0.000000000000000000e+00,0.000000000000000000e+00,0.000000000000000000e+00,0.000000000000000000e+00,0.000000000000000000e+00,0.000000000000000000e+00,0.000000000000000000e+00,0.000000000000000000e+00,0.000000000000000000e+00,0.000000000000000000e+00,0.000000000000000000e+00,0.000000000000000000e+00,0.000000000000000000e+00,0.000000000000000000e+00,0.000000000000000000e+00,0.000000000000000000e+00,0.000000000000000000e+00,0.000000000000000000e+00,0.000000000000000000e+00,0.000000000000000000e+00,0.000000000000000000e+00,0.000000000000000000e+00,0.000000000000000000e+00,0.000000000000000000e+00,0.000000000000000000e+00,0.000000000000000000e+00,0.000000000000000000e+00,0.000000000000000000e+00,0.000000000000000000e+00,0.000000000000000000e+00,0.000000000000000000e+00,0.000000000000000000e+00,0.000000000000000000e+00,0.000000000000000000e+00,0.000000000000000000e+00,0.000000000000000000e+00,0.000000000000000000e+00,0.000000000000000000e+00,0.000000000000000000e+00,0.000000000000000000e+00,0.000000000000000000e+00,0.000000000000000000e+00,0.000000000000000000e+00,0.000000000000000000e+00,0.000000000000000000e+00,0.000000000000000000e+00,0.000000000000000000e+00,0.000000000000000000e+00,0.000000000000000000e+00,0.000000000000000000e+00,0.000000000000000000e+00,0.000000000000000000e+00,0.000000000000000000e+00,0.000000000000000000e+00,0.000000000000000000e+00,0.000000000000000000e+00,0.000000000000000000e+00,0.000000000000000000e+00,0.000000000000000000e+00,0.000000000000000000e+00,0.000000000000000000e+00,0.000000000000000000e+00,0.000000000000000000e+00,0.000000000000000000e+00,0.000000000000000000e+00,0.000000000000000000e+00,0.000000000000000000e+00,0.000000000000000000e+00,0.000000000000000000e+00,0.000000000000000000e+00,0.000000000000000000e+00,0.000000000000000000e+00,0.000000000000000000e+00,0.000000000000000000e+00,0.000000000000000000e+00,0.000000000000000000e+00,0.000000000000000000e+00,0.000000000000000000e+00,0.000000000000000000e+00,0.000000000000000000e+00,0.000000000000000000e+00,0.000000000000000000e+00,0.000000000000000000e+00,0.000000000000000000e+00,0.000000000000000000e+00,0.000000000000000000e+00,0.000000000000000000e+00,0.000000000000000000e+00,0.000000000000000000e+00,0.000000000000000000e+00,0.000000000000000000e+00,0.000000000000000000e+00,0.000000000000000000e+00,0.000000000000000000e+00,0.000000000000000000e+00,0.000000000000000000e+00,0.000000000000000000e+00,0.000000000000000000e+00,0.000000000000000000e+00,0.000000000000000000e+00,0.000000000000000000e+00,0.000000000000000000e+00,0.000000000000000000e+00,0.000000000000000000e+00,0.000000000000000000e+00,0.000000000000000000e+00
1.111111111111111049e-01,1.124757097086864083e-01,1.018724528443226834e-01,8.700183364863497970e-02,7.946628607041930636e-02,7.559273798584624504e-02,7.236190913920889645e-02,6.817416000612080973e-02,7.178346663916997106e-02,7.748621352372095372e-02,7.461936676067236485e-02,7.225287058134907681e-02,6.647603399452362005e-02,6.688777588932634521e-02,7.270066555084241100e-02,7.744899895922831290e-02,7.157079743485371404e-02,7.516646003854865477e-02,6.060341561034374158e-02,6.556036131110259957e-02,6.704286168929848855e-02,6.848976568931090803e-02,6.430170651683346505e-02,6.562925123307826458e-02,6.661956028539274544e-02,6.206465833447478292e-02,6.564145269507444536e-02,6.700198103142830652e-02,5.699270028999141313e-02,4.601216897092148816e-02,5.169412894273603398e-02,4.636896997739284321e-02,5.372811325972127322e-02,5.566026875923903161e-02,5.587909454549557647e-02,6.447516447550409591e-02,7.010887067738789946e-02,5.504143939656609696e-02,3.679733102959598795e-02,5.745275387964664943e-02,6.684319105411733186e-02,7.463811830863285868e-02,6.192438780500474776e-02,7.210957104807622087e-02,8.877297585375318323e-02,8.480743834235827949e-02,9.996993214831682850e-02,1.153016903308466817e-01,1.214296313644137731e-01,9.571544479039505171e-02,8.333558319467235243e-02,8.308448190674147527e-02,9.425588380404008315e-02,9.492248070031990281e-02,1.012678481554798865e-01,8.627115338475757622e-02,9.498041814490755519e-02,9.266575870916562985e-02,1.120989764044017512e-01,8.348916392185876112e-02,7.536998995022400893e-02,6.287357805849588810e-02,5.491881853220055565e-02,4.748457016515718332e-02,4.548217277298929190e-02,3.699927399910090536e-02,2.556011965006974723e-02,2.887196914279110960e-02,3.002898161554156883e-02,2.318950869657792485e-02,2.129331940289561770e-02,2.451353867461577435e-02,2.974514440515191316e-02,7.071938185622107798e-03,2.539633004082263168e-02,3.928060988845113316e-02,3.809673092173090220e-02,3.586977523208530194e-02,3.298207395027920319e-02,1.839644359647487834e-02,7.836122485960442946e-03,2.499560269643010674e-02,2.216702190247127335e-02,3.229988842236160285e-02,2.784679619598294520e-02,3.730864193171171822e-02,3.199452152524740606e-02,3.044919343632209591e-02,2.785897033095073583e-02,2.141400636374008251e-02,1.216956595603680726e-02,2.556629481997386988e-02,1.995025843268495580e-02,1.572733532163384310e-02,-6.151298161733834147e-03,-2.050399646242727011e-02,-1.495495776254553329e-02,-5.266899489118289507e-03,5.927499633216169739e-04,-9.731138672086695612e-03,-1.319926209117578894e-02,-6.445393724636711529e-03,3.288868576306840270e-03,8.701316579962750306e-03,4.308918629489336648e-03,1.711119290978597648e-03,-7.978947406858026559e-03,8.325852205347511470e-03,3.935041688187401396e-03,-1.639200091903816187e-02,-2.930804779366296547e-02,-3.141939086000930526e-02,-1.968002836399365685e-02,-1.388079398219003308e-02,-2.312018615389754145e-02,-4.572185106290642398e-03,-3.042102813652190763e-02,-4.702879453800653392e-02,-3.989315388974903898e-02,-3.757117458013734673e-02,-4.009641492818750291e-02,-1.186889539683450012e-02,-3.015327140799988620e-02,-4.966629741120796859e-02,-5.703095736546590078e-02,-4.108002510013224196e-02,-2.573852517394473877e-02,-2.053792067068413094e-02,-1.469732961039524506e-02,-2.211425081637105605e-02,-2.523081716238418509e-02,-1.467924824895437685e-02,-5.257091105976520462e-02,-5.733874694310297365e-02,-7.816680704833443849e-02,-1.196519990198197797e-01,-1.184935276291168016e-01,-1.226000853734318524e-01,-1.198777472522637860e-01,-9.387145248652495333e-02,-9.407715058222902715e-02,-8.319689826958384660e-02,-8.001041314512183367e-02,-1.064860540562857505e-01,-1.064964483863433953e-01,-1.138518196550322159e-01,-8.640632974027086244e-02,-6.331381723865597833e-02,-7.210912185222670412e-02,-5.745358494464215815e-02,-4.726580199501057705e-02,-4.073059914694194400e-02,-4.726987962846557201e-02,-2.230831236844628418e-02,-2.510628920460582225e-02,-1.751070372471099160e-02,-3.109601929778703713e-02,-5.024119644856681055e-02,-3.055682728110906132e-02,-7.803732506796720592e-02,-7.221194561602616024e-02,-7.730744880183906820e-02,-8.813127850170796029e-02,-8.355472707948990996e-02,-1.067469165563655342e-01,-9.119762493443722695e-02,-6.653964639554178773e-02,-6.491090792112497176e-02,-4.153206279165522208e-02,-3.420130860445744908e-02,-6.922074430814562085e-02,-5.977224227957458891e-02,-8.628230702492868665e-02,-1.055229391082850854e-01,-1.125080911837879338e-01,-1.188476827161910471e-01,-9.154862865053439713e-02,-1.088654697713743319e-01,-9.317790058613235893e-02,-7.217434102933102669e-02,-1.157109895235965413e-01,-8.726266046148693778e-02,-8.680839225866476827e-02,-9.906447720303651616e-02,-9.783796255387440521e-02,-8.749025921576442100e-02,-9.951744208925114576e-02,-9.730324370850698679e-02,-1.122615704788068325e-01,-1.066902737425297898e-01,-1.257564046233937138e-01,-1.074664525198660153e-01,-1.274891728944514968e-01,-1.546284648006262530e-01,-1.582072286691248719e-01,-1.662484852038579874e-01,-2.013585638119357868e-01,-1.985616288481417135e-01,-1.957967225702588465e-01,-1.328605620934274756e-01
0.000000000000000000e+00,0.000000000000000000e+00,0.000000000000000000e+00,0.000000000000000000e+00,0.000000000000000000e+00,0.000000000000000000e+00,0.000000000000000000e+00,0.000000000000000000e+00,0.000000000000000000e+00,0.000000000000000000e+00,0.000000000000000000e+00,0.000000000000000000e+00,0.000000000000000000e+00,0.000000000000000000e+00,0.000000000000000000e+00,0.000000000000000000e+00,0.000000000000000000e+00,0.000000000000000000e+00,0.000000000000000000e+00,0.000000000000000000e+00,0.000000000000000000e+00,0.000000000000000000e+00,0.000000000000000000e+00,0.000000000000000000e+00,0.000000000000000000e+00,0.000000000000000000e+00,0.000000000000000000e+00,0.000000000000000000e+00,0.000000000000000000e+00,0.000000000000000000e+00,0.000000000000000000e+00,0.000000000000000000e+00,0.000000000000000000e+00,0.000000000000000000e+00,0.000000000000000000e+00,0.000000000000000000e+00,0.000000000000000000e+00,0.000000000000000000e+00,0.000000000000000000e+00,0.000000000000000000e+00,0.000000000000000000e+00,0.000000000000000000e+00,0.000000000000000000e+00,0.000000000000000000e+00,0.000000000000000000e+00,0.000000000000000000e+00,0.000000000000000000e+00,0.000000000000000000e+00,0.000000000000000000e+00,0.000000000000000000e+00,0.000000000000000000e+00,0.000000000000000000e+00,0.000000000000000000e+00,0.000000000000000000e+00,0.000000000000000000e+00,0.000000000000000000e+00,0.000000000000000000e+00,0.000000000000000000e+00,0.000000000000000000e+00,0.000000000000000000e+00,0.000000000000000000e+00,0.000000000000000000e+00,0.000000000000000000e+00,0.000000000000000000e+00,0.000000000000000000e+00,0.000000000000000000e+00,0.000000000000000000e+00,0.000000000000000000e+00,0.000000000000000000e+00,0.000000000000000000e+00,0.000000000000000000e+00,0.000000000000000000e+00,0.000000000000000000e+00,0.000000000000000000e+00,0.000000000000000000e+00,0.000000000000000000e+00,0.000000000000000000e+00,0.000000000000000000e+00,0.000000000000000000e+00,0.000000000000000000e+00,0.000000000000000000e+00,0.000000000000000000e+00,0.000000000000000000e+00,0.000000000000000000e+00,0.000000000000000000e+00,0.000000000000000000e+00,0.000000000000000000e+00,0.000000000000000000e+00,0.000000000000000000e+00,0.000000000000000000e+00,0.000000000000000000e+00,0.000000000000000000e+00,0.000000000000000000e+00,0.000000000000000000e+00,0.000000000000000000e+00,0.000000000000000000e+00,0.000000000000000000e+00,0.000000000000000000e+00,0.000000000000000000e+00,0.000000000000000000e+00,0.000000000000000000e+00,0.000000000000000000e+00,0.000000000000000000e+00,0.000000000000000000e+00,0.000000000000000000e+00,0.000000000000000000e+00,0.000000000000000000e+00,0.000000000000000000e+00,0.000000000000000000e+00,0.000000000000000000e+00,0.000000000000000000e+00,0.000000000000000000e+00,0.000000000000000000e+00,0.000000000000000000e+00,0.000000000000000000e+00,0.000000000000000000e+00,0.000000000000000000e+00,0.000000000000000000e+00,0.000000000000000000e+00,0.000000000000000000e+00,0.000000000000000000e+00,0.000000000000000000e+00,0.000000000000000000e+00,0.000000000000000000e+00,0.000000000000000000e+00,0.000000000000000000e+00,0.000000000000000000e+00,0.000000000000000000e+00,0.000000000000000000e+00,0.000000000000000000e+00,0.000000000000000000e+00,0.000000000000000000e+00,0.000000000000000000e+00,0.000000000000000000e+00,0.000000000000000000e+00,0.000000000000000000e+00,0.000000000000000000e+00,0.000000000000000000e+00,0.000000000000000000e+00,0.000000000000000000e+00,0.000000000000000000e+00,0.000000000000000000e+00,0.000000000000000000e+00,0.000000000000000000e+00,0.000000000000000000e+00,0.000000000000000000e+00,0.000000000000000000e+00,0.000000000000000000e+00,0.000000000000000000e+00,0.000000000000000000e+00,0.000000000000000000e+00,0.000000000000000000e+00,0.000000000000000000e+00,0.000000000000000000e+00,0.000000000000000000e+00,0.000000000000000000e+00,0.000000000000000000e+00,0.000000000000000000e+00,0.000000000000000000e+00,0.000000000000000000e+00,0.000000000000000000e+00,0.000000000000000000e+00,0.000000000000000000e+00,0.000000000000000000e+00,0.000000000000000000e+00,0.000000000000000000e+00,0.000000000000000000e+00,0.000000000000000000e+00,0.000000000000000000e+00,0.000000000000000000e+00,0.000000000000000000e+00,0.000000000000000000e+00,0.000000000000000000e+00,0.000000000000000000e+00,0.000000000000000000e+00,0.000000000000000000e+00,0.000000000000000000e+00,0.000000000000000000e+00,0.000000000000000000e+00,0.000000000000000000e+00,0.000000000000000000e+00,0.000000000000000000e+00,0.000000000000000000e+00,0.000000000000000000e+00,0.000000000000000000e+00,0.000000000000000000e+00,0.000000000000000000e+00,0.000000000000000000e+00,0.000000000000000000e+00,0.000000000000000000e+00,0.000000000000000000e+00,0.000000000000000000e+00,0.000000000000000000e+00,0.000000000000000000e+00,0.000000000000000000e+00,0.000000000000000000e+00,0.000000000000000000e+00,0.000000000000000000e+00,0.000000000000000000e+00,0.000000000000000000e+00
0.000000000000000000e+00,0.000000000000000000e+00,0.000000000000000000e+00,0.000000000000000000e+00,0.000000000000000000e+00,0.000000000000000000e+00,0.000000000000000000e+00,0.000000000000000000e+00,0.000000000000000000e+00,0.000000000000000000e+00,0.000000000000000000e+00,0.000000000000000000e+00,0.000000000000000000e+00,0.000000000000000000e+00,0.000000000000000000e+00,0.000000000000000000e+00,0.000000000000000000e+00,0.000000000000000000e+00,0.000000000000000000e+00,0.000000000000000000e+00,0.000000000000000000e+00,0.000000000000000000e+00,0.000000000000000000e+00,0.000000000000000000e+00,0.000000000000000000e+00,0.000000000000000000e+00,0.000000000000000000e+00,0.000000000000000000e+00,0.000000000000000000e+00,0.000000000000000000e+00,0.000000000000000000e+00,0.000000000000000000e+00,0.000000000000000000e+00,0.000000000000000000e+00,0.000000000000000000e+00,0.000000000000000000e+00,0.000000000000000000e+00,0.000000000000000000e+00,0.000000000000000000e+00,0.000000000000000000e+00,0.000000000000000000e+00,0.000000000000000000e+00,0.000000000000000000e+00,0.000000000000000000e+00,0.000000000000000000e+00,0.000000000000000000e+00,0.000000000000000000e+00,0.000000000000000000e+00,0.000000000000000000e+00,0.000000000000000000e+00,0.000000000000000000e+00,0.000000000000000000e+00,0.000000000000000000e+00,0.000000000000000000e+00,0.000000000000000000e+00,0.000000000000000000e+00,0.000000000000000000e+00,0.000000000000000000e+00,0.000000000000000000e+00,0.000000000000000000e+00,0.000000000000000000e+00,0.000000000000000000e+00,0.000000000000000000e+00,0.000000000000000000e+00,0.000000000000000000e+00,0.000000000000000000e+00,0.000000000000000000e+00,0.000000000000000000e+00,0.000000000000000000e+00,0.000000000000000000e+00,0.000000000000000000e+00,0.000000000000000000e+00,0.000000000000000000e+00,0.000000000000000000e+00,0.000000000000000000e+00,0.000000000000000000e+00,0.000000000000000000e+00,0.000000000000000000e+00,0.000000000000000000e+00,0.000000000000000000e+00,0.000000000000000000e+00,0.000000000000000000e+00,0.000000000000000000e+00,0.000000000000000000e+00,0.000000000000000000e+00,0.000000000000000000e+00,0.000000000000000000e+00,0.000000000000000000e+00,0.000000000000000000e+00,0.000000000000000000e+00,0.000000000000000000e+00,0.000000000000000000e+00,0.000000000000000000e+00,0.000000000000000000e+00,0.000000000000000000e+00,0.000000000000000000e+00,0.000000000000000000e+00,0.000000000000000000e+00,0.000000000000000000e+00,0.000000000000000000e+00,0.000000000000000000e+00,0.000000000000000000e+00,0.000000000000000000e+00,0.000000000000000000e+00,0.000000000000000000e+00,0.000000000000000000e+00,0.000000000000000000e+00,0.000000000000000000e+00,0.000000000000000000e+00,0.000000000000000000e+00,0.000000000000000000e+00,0.000000000000000000e+00,0.000000000000000000e+00,0.000000000000000000e+00,0.000000000000000000e+00,0.000000000000000000e+00,0.000000000000000000e+00,0.000000000000000000e+00,0.000000000000000000e+00,0.000000000000000000e+00,0.000000000000000000e+00,0.000000000000000000e+00,0.000000000000000000e+00,0.000000000000000000e+00,0.000000000000000000e+00,0.000000000000000000e+00,0.000000000000000000e+00,0.000000000000000000e+00,0.000000000000000000e+00,0.000000000000000000e+00,0.000000000000000000e+00,0.000000000000000000e+00,0.000000000000000000e+00,0.000000000000000000e+00,0.000000000000000000e+00,0.000000000000000000e+00,0.000000000000000000e+00,0.000000000000000000e+00,0.000000000000000000e+00,0.000000000000000000e+00,0.000000000000000000e+00,0.000000000000000000e+00,0.000000000000000000e+00,0.000000000000000000e+00,0.000000000000000000e+00,0.000000000000000000e+00,0.000000000000000000e+00,0.000000000000000000e+00,0.000000000000000000e+00,0.000000000000000000e+00,0.000000000000000000e+00,0.000000000000000000e+00,0.000000000000000000e+00,0.000000000000000000e+00,0.000000000000000000e+00,0.000000000000000000e+00,0.000000000000000000e+00,0.000000000000000000e+00,0.000000000000000000e+00,0.000000000000000000e+00,0.000000000000000000e+00,0.000000000000000000e+00,0.000000000000000000e+00,0.000000000000000000e+00,0.000000000000000000e+00,0.000000000000000000e+00,0.000000000000000000e+00,0.000000000000000000e+00,0.000000000000000000e+00,0.000000000000000000e+00,0.000000000000000000e+00,0.000000000000000000e+00,0.000000000000000000e+00,0.000000000000000000e+00,0.000000000000000000e+00,0.000000000000000000e+00,0.000000000000000000e+00,0.000000000000000000e+00,0.000000000000000000e+00,0.000000000000000000e+00,0.000000000000000000e+00,0.000000000000000000e+00,0.000000000000000000e+00,0.000000000000000000e+00,0.000000000000000000e+00,0.000000000000000000e+00,0.000000000000000000e+00,0.000000000000000000e+00,0.000000000000000000e+00,0.000000000000000000e+00,0.000000000000000000e+00,0.000000000000000000e+00,0.000000000000000000e+00,0.000000000000000000e+00,0.000000000000000000e+00,0.000000000000000000e+00,0.000000000000000000e+00,0.000000000000000000e+00,0.000000000000000000e+00,0.000000000000000000e+00
3.333333333333333148e-01,3.358379489343895630e-01,3.302081978148454500e-01,3.331496914214605032e-01,3.347828247633437004e-01,3.438709594771802158e-01,3.489689023463717898e-01,3.490025230430665593e-01,3.344540283502632771e-01,3.352132924407491554e-01,3.327889453278442544e-01,3.286725026493040325e-01,3.273615318572025701e-01,3.098684411151416684e-01,3.095795557645885099e-01,3.120020295978637725e-01,3.113174595097281117e-01,3.038927786067322501e-01,3.146421203114564968e-01,3.066774347671933354e-01,3.072250079172432757e-01,2.997582740464666551e-01,3.206197174042768050e-01,3.165345824631561333e-01,3.176183540687385065e-01,3.154502283281230834e-01,3.124032415342553048e-01,3.117885652838356947e-01,3.064445256799301354e-01,3.061447501750159117e-01,3.033463062570220803e-01,3.016289166522050924e-01,2.913849158653056270e-01,3.078778164066445777e-01,3.358014549207435917e-01,3.292556869685038246e-01,3.395883888764844039e-01,3.421594730742519297e-01,3.519460922616543530e-01,3.575770609902511610e-01,3.479553132474563215e-01,3.451538768381216538e-01,3.375082443204966420e-01,3.301471049711666161e-01,3.210023221335374100e-01,3.362124473295737825e-01,3.285998492928654535e-01,3.486881036499510089e-01,3.512288008040877485e-01,3.482302414837311066e-01,3.555788448559245585e-01,3.402931663376508875e-01,3.305876856045178447e-01,3.435295916825757967e-01,3.430336693352294408e-01,3.245757839650881826e-01,3.258537610650241167e-01,3.303946909243964392e-01,3.328303414829884566e-01,3.245750541797012279e-01,3.345320541934704850e-01,3.275905887552938434e-01,3.235972716274660432e-01,3.214466687272500289e-01,3.297800181730553004e-01,3.291864417637760387e-01,3.299169327686671260e-01,3.150224744444524716e-01,3.147931926783496537e-01,3.152374535916322995e-01,3.061514923560023638e-01,3.054617899332937037e-01,3.116520960486223735e-01,3.113505064250145504e-01,3.339190041360912686e-01,3.210962673136602552e-01,3.355879593335343025e-01,3.290653698377092873e-01,3.294624483797811698e-01,3.414296405133355194e-01,3.485103360695522845e-01,3.453875553223460515e-01,3.579024886180176557e-01,3.600930414496977261e-01,3.585100827288241199e-01,3.558549241031719323e-01,3.513137721149586223e-01,3.637091209706429518e-01,3.715837917656849565e-01,3.863897133575416309e-01,3.689286861206905188e-01,3.627827622004489161e-01,3.402949682628662043e-01,3.399268714265358260e-01,3.344898986755791004e-01,3.287567882217486970e-01,3.159612021701969642e-01,3.516979425848519303e-01,3.899993923881955871e-01,3.865774869063252073e-01,3.914948919749579037e-01,4.209880861294793553e-01,4.332005392242464503e-01,4.079532160609721791e-01,4.093934682957487414e-01,3.994091407310252917e-01,3.983058967371968517e-01,3.905550984414710158e-01,3.815516643013469600e-01,3.902107344378223930e-01,4.044322034785503006e-01,3.995006850550491539e-01,3.931994856257674531e-01,4.098474261739086799e-01,4.260470800664149515e-01,4.745128127998163303e-01,4.543093661450066656e-01,4.526914661463511957e-01,4.489846542376720873e-01,4.704977395266490281e-01,4.806333253101662817e-01,4.921358034492100963e-01,4.916677356402301413e-01,4.835347382157358931e-01,5.024784768999768225e-01,5.165552109557438598e-01,5.086392818321641140e-01,4.596255595430264740e-01,4.516832715807529985e-01,4.678231395153649164e-01,4.933015523028998484e-01,5.183082104407348289e-01,5.545820462252336602e-01,5.717317027267250218e-01,5.678612176124007149e-01,5.996891603357719092e-01,5.716349388221093619e-01,6.044491097143980252e-01,6.117472817907356752e-01,6.313439226485496603e-01,6.067212946744673374e-01,6.102611754869486926e-01,6.172654077159273056e-01,6.120645929802254193e-01,5.951312734776275093e-01,6.088156053696306413e-01,5.687896023855328886e-01,5.492676780941880832e-01,5.795055993404459871e-01,5.691245650602935191e-01,5.334007427514194655e-01,5.189082385221374105e-01,5.684492196039496736e-01,5.754931712826216739e-01,5.820439625199900213e-01,6.094320998644636722e-01,5.937737700515537398e-01,5.766845079014005782e-01,6.005503106598393259e-01,6.025355156608647178e-01,5.663665040908802961e-01,5.866644481694224256e-01,5.612238128235167434e-01,5.454658332789495967e-01,5.414915887195030919e-01,5.577718983511836814e-01,5.916991930650434828e-01,5.738469292911433373e-01,5.800938077097549384e-01,6.174184541362844891e-01,5.842013731170240254e-01,5.918426206122915367e-01,5.607561611052638284e-01,5.765257559212717542e-01,5.901065283639367332e-01,6.134005611837086702e-01,6.102056731098265407e-01,5.909538154978508651e-01,5.759313750612029548e-01,5.574941325858272512e-01,5.378130720269279630e-01,5.452754309718744752e-01,5.613279093445406875e-01,5.637848888152346971e-01,5.626007449475102229e-01,5.412368382984770188e-01,5.504189696488444028e-01,5.454811707012104938e-01,5.178991211700680886e-01,4.849802546526145175e-01,4.939004696421809837e-01,4.796418903789911314e-01,5.031905760834071151e-01,5.096178824812134245e-01,4.997261413135108410e-01,5.226043971188029102e-01,5.377808601998149696e-01,5.416150315275992666e-01,5.343726045037902050e-01,5.091400511628636494e-01
