3.386610543272581264e-01,3.410168058715580819e-01,3.413286844558028887e-01,3.411531862340491661e-01,3.469534307743618595e-01,3.462811552320312902e-01,3.415452367251604615e-01,3.457216897332220373e-01,3.403569059895890092e-01,3.411680726785861206e-01,3.477456524661594606e-01,3.410808707847883814e-01,3.353962080704441795e-01,3.329856799616019991e-01,3.292149135933966630e-01,3.326211763899353246e-01,3.329873769714794540e-01,3.214072681690212652e-01,3.138354250989270344e-01,2.965756962936249019e-01,2.943651657339763639e-01,2.955464358881846887e-01,2.963974334070862415e-01,2.956705538856042592e-01,3.017503501150740619e-01,2.964296549561639127e-01,2.863262142067030114e-01,3.101169353565377262e-01,3.078846316588153553e-01,2.975558990518918923e-01,2.879903471346011989e-01,2.927902891678603181e-01,3.008627370308245008e-01,3.084067587196016591e-01,3.071198598068785590e-01,3.035291719511191699e-01,2.930750367059008488e-01,2.979233825199567032e-01,2.988092193504499061e-01,3.004775333168006046e-01,3.033360288115729553e-01,3.124966740609239624e-01,3.035572534370364339e-01,3.001180797457169147e-01,2.989487791371934211e-01,2.995605685396962037e-01,2.960160213874635238e-01,2.962803637032384585e-01,3.055978319444955793e-01,3.062678791565015546e-01,3.036755599204785105e-01,2.911697255450472199e-01,2.895369454401695575e-01,2.879235582831851104e-01,2.959849164188846360e-01,2.906816969044192511e-01,2.819215916764359342e-01,2.743655478115562540e-01,2.726779770882282183e-01,2.828307987931537038e-01,2.769370069479465402e-01,2.742056313426522451e-01,2.793676394060445878e-01,2.860763742065110526e-01,2.939814629190509732e-01,2.987775645046333306e-01,2.996456674246706919e-01,2.900033010322095595e-01,2.889849680826947487e-01,2.740989846878469360e-01,2.538703103129748562e-01,2.587008700058400779e-01,2.629495999223367964e-01,2.611943421835212220e-01,2.596061189495517119e-01,2.628862866062742221e-01,2.617622201999300069e-01,2.606830688497334125e-01,2.644053889042922156e-01,2.688731622254525444e-01,2.691423370540824700e-01,2.684349094615509634e-01,2.762012950201762074e-01,2.806214514156465389e-01,2.808437872226763332e-01,2.811271569249503277e-01,2.907166736900876347e-01,2.939672074193037110e-01,2.941407445779002372e-01,2.956775757162850571e-01,3.020446162541464696e-01,3.041847513448500129e-01,3.021618722392777068e-01,3.000870978612364959e-01,3.050549013137752730e-01,3.059357409315677789e-01,3.213257207053281661e-01,3.177309299500611361e-01,3.226253163292551185e-01,3.171384128878234065e-01,3.014600295054057355e-01,3.111042311855556353e-01,3.131443742462559077e-01,3.270288028508360201e-01,3.419388536660915578e-01,3.351080134718054659e-01,3.301157314225665051e-01,3.260656088161966171e-01,3.267442340745045359e-01,3.253973187888458685e-01,3.157215095553485007e-01,3.291993002309113181e-01,3.332595165489790068e-01,3.377104144621279613e-01,3.359999738472048691e-01,3.469252909434444865e-01,3.502182717082002461e-01,3.577542226881768039e-01,3.534817192005461628e-01,3.603841133498777438e-01,3.513202879820671032e-01,3.464037055409763810e-01,3.441296561960232037e-01,3.379391035127329301e-01,3.352968580825349543e-01,3.352787298865534948e-01,3.224849824140425536e-01,3.325949545272755548e-01,3.340871408377291130e-01,3.211071669232182235e-01,3.340403812888836921e-01,3.300654497340273497e-01,3.305213846655185028e-01,3.489703948615973661e-01,3.565557881075582247e-01,3.559705874195767672e-01,3.651054550528442522e-01,3.738485599644280066e-01,3.738340960677399294e-01,3.650350025499259909e-01,3.677947022086927031e-01,3.654192576225798739e-01,3.633829670465534845e-01,3.725083314597714690e-01,3.558968433154037214e-01,3.434772648340399526e-01,3.326583775383858410e-01,3.290242530930952980e-01,3.196019257553426307e-01,3.115485199262597593e-01,3.178705666784600314e-01,3.116479817173904432e-01,3.177747092189021627e-01,3.275768005209779843e-01,3.251979779533924475e-01,3.284087889685906592e-01,3.115004381454630211e-01,3.132663556627087176e-01,3.133829664283497851e-01,2.917395990469510147e-01,3.072922616750309310e-01,3.137337075433226374e-01,3.085829717938618488e-01,3.121710826625551660e-01,3.046759730226482610e-01,3.145609263549114520e-01,3.065102089773507621e-01,2.777792615855657066e-01,2.810600519203826364e-01,2.833369556052443561e-01,3.231090469800059761e-01,3.103075351620369626e-01,2.958460343636049039e-01,2.803638665081475967e-01,2.820353816208153730e-01,2.993014438382500808e-01,3.161120170995000422e-01,3.135293696634495197e-01,3.195800800344938963e-01,3.322779167139655043e-01,3.216186602934880678e-01,3.236989451154633768e-01,3.513070395001195445e-01,3.590162733913210280e-01,3.298416512180246118e-01,3.228516356272414511e-01,3.406128717804347006e-01,3.261807988522268942e-01,2.854131173042917524e-01,2.822482646941738005e-01,3.070127581226140823e-01,3.006060993836232598e-01,2.683576017704333294e-01,2.647971401117506507e-01,2.596918235607137970e-01,2.775141123407259269e-01,2.731450350210533062e-01,2.668869657920820426e-01,2.587610395756828607e-01
-5.918844044056959902e-11,-6.128191159284999200e-11,-1.207848301919480156e-10,-3.161058133460551849e-11,1.603757513764092123e-10,9.723627421509428159e-11,-9.728765153121001466e-11,-2.084844684894635846e-10,-3.933432082984750953e-10,-4.531138809866576907e-10,-3.883150348306971891e-10,-4.122465658814727663e-10,-4.660070699671458371e-10,-4.928292201729133003e-10,-4.404992500245712425e-10,-5.872075286516685531e-10,-4.474466342520482388e-10,-5.765790961012957454e-10,-4.817203394803023065e-10,-2.065719315185738470e-10,-1.271617264255504895e-10,-3.327111199806503917e-10,3.159623311522281113e-12,1.459515054754876179e-10,1.521881125449345569e-10,1.846744927335126726e-10,7.380827994797489281e-11,-2.096511881554296494e-10,-3.049944842342378800e-10,-2.143512012066071023e-10,1.700094779462302733e-10,-3.891348333351212872e-10,-6.234460500728325654e-10,-5.550162229737618929e-10,-8.593435298080730671e-10,-6.518475969736935939e-10,-8.658529277704451770e-10,-1.145657186693028738e-09,-1.017103821455522299e-09,-1.122674991224689401e-09,-1.414542144708766559e-09,-1.699765806629834949e-09,-1.363585212992261559e-09,-1.273301510534582266e-09,-1.684602197340325678e-09,-1.557138445230239377e-09,-1.762299206821323785e-09,-1.533718735042138239e-09,-1.526785066339576502e-09,-1.459400774318689778e-09,-1.851134308178695907e-09,-1.889861990714357623e-09,-1.828758654922040405e-09,-1.962837795148351138e-09,-2.024523441487566019e-09,-2.291139302197115985e-09,-2.059507509590670012e-09,-1.969845622348793934e-09,-2.306908340069182798e-09,-2.177959357909718559e-09,-2.264106105035109547e-09,-2.025004735589795945e-09,-1.701542597950828054e-09,-2.136720021961854581e-09,-2.425054414177999127e-09,-2.273321126402466645e-09,-1.947631211842103552e-09,-2.243767937125448856e-09,-2.240139841490719869e-09,-2.357067275685643360e-09,-2.698103723480194557e-09,-2.769032520276442063e-09,-2.530454924966976057e-09,-2.699425548806213645e-09,-3.175166545039584440e-09,-3.300822521792526691e-09,-3.376737320282733764e-09,-3.421447633150659813e-09,-3.354995060969372972e-09,-3.205817912215998244e-09,-3.465101830867082194e-09,-3.401009555025213920e-09,-3.356204092855453812e-09,-3.327925472946705602e-09,-3.245399658834991087e-09,-3.635224152543792829e-09,-3.387768318438896501e-09,-3.330003182533023883e-09,-3.066417475672256577e-09,-3.085398988293309638e-09,-2.709219469006607157e-09,-2.799082603669114514e-09,-2.792497829979940120e-09,-2.635632575907747095e-09,-3.085614363319439446e-09,-3.508950129789123875e-09,-3.793957895873912831e-09,-3.591652832085199997e-09,-3.777431260721496380e-09,-3.602366863803497961e-09,-4.003636527990654309e-09,-3.961403537142165886e-09,-3.614468571260508553e-09,-3.974032872629229085e-09,-3.696098410539752964e-09,-3.625822284815641233e-09,-3.209790384544708103e-09,-3.095562732968199873e-09,-3.134602569781800904e-09,-2.899254553156217740e-09,-3.050663228015336049e-09,-3.085667509466353969e-09,-2.871962698749700073e-09,-2.772308085646996649e-09,-2.478245105693734676e-09,-2.707609459674126815e-09,-2.575928070260997508e-09,-2.461738394817014626e-09,-2.069677804541441545e-09,-2.113627513372439906e-09,-1.803902246453533888e-09,-1.723450231151053121e-09,-2.401880614720009218e-09,-2.322218476893299997e-09,-2.236977664410084259e-09,-2.366945523370858478e-09,-2.274665867762344064e-09,-2.711476832665147780e-09,-2.831788715300185461e-09,-3.023471346426166701e-09,-3.462548527813158283e-09,-3.716454167020490976e-09,-3.916399857428951468e-09,-4.421599601912044105e-09,-4.674237778444847733e-09,-5.384213018942254550e-09,-4.793912961730495751e-09,-4.072451732588897874e-09,-3.861607205025889641e-09,-4.078673456055952015e-09,-4.289050055324008846e-09,-4.014891457440516933e-09,-3.920137063410491518e-09,-4.153361770169212246e-09,-4.115677416768738551e-09,-3.737562933160355291e-09,-4.115505142686378899e-09,-4.388787770927384747e-09,-4.425827478956871637e-09,-4.644794017595808404e-09,-4.625574087821303464e-09,-4.684101745873596409e-09,-4.175496466909641751e-09,-3.984338874265204262e-09,-3.794074407788567694e-09,-3.730384529410358168e-09,-3.832043596267244754e-09,-3.637654352017047961e-09,-4.218653053246493494e-09,-4.030058786038892842e-09,-4.378958499641214422e-09,-4.919158959430617793e-09,-4.857279142221818599e-09,-4.751806899879276089e-09,-4.678893565064285809e-09,-4.644801730840195866e-09,-4.719892016532665901e-09,-4.417052330033127344e-09,-4.769800435236425780e-09,-4.839034058338898369e-09,-5.284439680181790543e-09,-5.603923900837836997e-09,-5.608599574141238580e-09,-5.573896579630304467e-09,-6.018794007846971631e-09,-5.622764958993580411e-09,-5.469083924385677680e-09,-6.181458206568543346e-09,-6.844614795175228247e-09,-7.297471965436242229e-09,-7.598839765230889974e-09,-7.602362907226679026e-09,-7.529849413690027965e-09,-7.256148818777507009e-09,-7.051173366665005550e-09,-7.118834728064598880e-09,-7.082431681468894049e-09,-7.851040704849124685e-09,-7.908574835036513664e-09,-7.653677965146932004e-09,-7.679751385274678085e-09,-8.380800768317799771e-09,-8.578296140722476308e-09,-8.851967074846279532e-09,-9.206184757975352878e-09,-9.293492196888433368e-09,-9.232229588629682784e-09,-9.308121276084671910e-09,-9.370612208640664619e-09
1.863388252697939911e-10,1.423099665511926968e-10,2.267333978007033801e-10,4.061788560481069620e-10,4.523391043332507109e-10,2.611367606434809428e-10,3.559336225305484387e-10,5.342104561861199427e-10,2.275950467693161405e-10,5.516501101695225256e-10,8.675924610822641895e-10,6.786894213572029609e-10,8.480284805296407148e-10,4.637628640213319624e-10,7.124204513000467285e-10,6.067448466637085618e-10,7.000003068625561500e-10,7.813355820162112495e-10,7.841933408387031844e-10,6.740814638300632706e-10,7.413374207176288440e-10,1.024667251357061233e-09,9.428410189102441551e-10,7.366252888109047878e-10,6.736962188091497151e-10,4.150764192552423562e-10,7.312608905156201916e-10,1.021594303660517516e-09,1.043376465717236356e-09,8.879319885398122138e-10,1.035847092691089184e-09,1.207378800130590365e-09,1.010365602321553878e-09,1.465374253292702017e-09,1.278440849354123362e-09,1.673237076760259371e-09,1.860450829029313578e-09,1.773940895593734458e-09,2.226045255099808272e-09,1.991061701123128540e-09,1.854789162885070467e-09,2.027719654787740406e-09,1.936385285686556348e-09,1.802723671080202306e-09,2.171786349268116465e-09,2.440436754477425361e-09,2.083830443665089358e-09,2.063072308066390193e-09,2.376462054753106062e-09,2.675435069058600817e-09,2.756398586716946039e-09,3.201482600695069522e-09,3.364198251462708321e-09,3.723289597598768868e-09,3.606184443459342506e-09,3.431021213112266455e-09,3.664428039033763178e-09,3.517883082412381189e-09,3.785665143460380307e-09,3.532789150621522725e-09,3.562755353998726300e-09,3.248524742148757449e-09,3.347283600174396096e-09,3.681371399978246916e-09,3.376981057068506881e-09,3.164393715209222695e-09,2.940182640799209343e-09,2.948174459092271207e-09,3.107286031233706202e-09,3.610962222303623635e-09,3.529179744079024560e-09,3.630124027588665359e-09,3.685174816186428097e-09,4.108305040250361188e-09,3.977626660854465222e-09,3.850337601959823126e-09,3.655375711473027894e-09,3.671661771906552403e-09,3.922973581954166193e-09,3.810403316978542382e-09,3.749608228083102417e-09,3.746194902581016279e-09,4.205802751785121669e-09,4.315008205179926816e-09,4.282198023006891512e-09,4.385048957880278325e-09,4.546946501267298208e-09,4.117839951857053877e-09,3.895848167329642462e-09,4.024093481084878496e-09,3.941591534037282273e-09,4.114363812646504463e-09,3.989118314685941456e-09,4.222318031954443809e-09,4.328776971397542286e-09,4.052453738074041997e-09,4.156389593605159569e-09,3.958157822428345973e-09,3.599383550273124623e-09,3.656958580594302425e-09,3.623317340086116528e-09,2.965264462281604187e-09,3.036000117696508766e-09,3.499518898597808496e-09,3.870317622720035458e-09,3.764617157828197946e-09,3.993151595589708826e-09,3.719334633609334324e-09,3.424516973445569582e-09,3.589205816754127816e-09,3.429024942598629560e-09,2.873830666464319122e-09,3.034464458252877395e-09,2.682283937812488755e-09,2.611544468917874173e-09,2.691176861662329330e-09,2.732354680829653203e-09,2.895244699614461737e-09,3.068248736463523087e-09,3.052740814454437119e-09,3.309775435939224039e-09,3.039084396807068330e-09,3.224950848844983698e-09,3.661385434707015462e-09,3.830284744334386036e-09,4.175113498882966148e-09,3.367252145711991856e-09,3.527225940234473172e-09,4.006541160624187904e-09,3.832790838733014875e-09,4.050121706919861092e-09,3.941621341387709685e-09,3.583518355246818970e-09,3.355773727633292083e-09,3.608115408507606292e-09,2.899708729393197712e-09,2.801916927113497782e-09,2.842682846122114452e-09,2.856047218093240637e-09,2.919823831695680401e-09,3.002782271446682049e-09,3.388549386605884614e-09,3.210873725921403149e-09,3.557375258451687002e-09,3.880395348278020200e-09,3.700710228521909438e-09,3.449649075228394172e-09,3.657525769349697754e-09,3.223882799126713891e-09,3.097216164894536912e-09,3.244858114585701916e-09,3.053497805194495283e-09,2.682479677879324231e-09,2.705230709579624572e-09,2.550640553287635097e-09,2.365671584947402985e-09,2.580623139187491147e-09,2.746677839766779905e-09,2.837963805847506387e-09,2.542441429876962800e-09,2.831907581342926038e-09,2.850441897911421601e-09,2.803046107077323976e-09,3.098746803721531163e-09,3.393005086299132622e-09,3.369556085228367121e-09,3.464660137681641986e-09,3.802680676805727576e-09,3.821030570630588984e-09,4.379701154359120271e-09,4.537853664705482435e-09,4.374093543493843186e-09,4.113587976672649604e-09,3.982162002104439342e-09,3.713957686443489096e-09,3.738287499956896395e-09,4.118986439177177309e-09,4.090678625291158227e-09,3.609415108454930079e-09,4.052919348671287271e-09,3.975439978568009727e-09,4.409158250703690781e-09,4.254751377724196551e-09,4.677371596557064645e-09,5.299185616329121446e-09,5.571674648518419317e-09,4.787545432356299855e-09,4.399888523033020894e-09,4.454418005642258301e-09,4.807878440693543201e-09,4.472836218272220859e-09,4.917619427779068411e-09,5.148175190245889133e-09,4.376060722015458427e-09,4.369863198103048860e-09,4.692889100210473249e-09,4.741521768554560409e-09,4.979940955554542591e-09,4.937254271501092394e-09
1.683974452218454458e-10,2.814309293931129761e-10,3.260837515177127261e-10,4.660996290674864970e-10,3.730434782245555381e-10,9.780747754044983367e-11,2.364960213877121236e-10,4.885941565755390462e-10,7.296838760088447797e-10,5.794701669481591075e-10,8.236012428930026415e-10,6.772088601904779504e-10,5.741264363312374936e-10,5.939502124075962399e-10,6.212852581842013579e-10,9.362707713575382482e-10,7.830920751068980719e-10,9.370394712655691930e-10,6.524376673568037386e-10,4.197406989489400140e-10,8.409068185568910296e-10,9.248413909730605018e-10,6.718976593691252127e-10,3.375161529301148547e-10,-3.093838640634629799e-10,-5.074484588819134133e-10,-4.501630700943364344e-10,-3.070534970602578697e-10,-7.183075083602646168e-12,-5.575896694352448413e-11,-1.558618261545619539e-10,-1.930639886853085958e-10,-2.082243011740415932e-10,4.881190703193393404e-11,-2.886373338936426906e-10,-6.276159292974335420e-10,-8.167925308532303179e-10,-5.554404697805311183e-10,-5.479404630174466730e-10,-3.265818850878524173e-10,-3.806081837721453227e-10,-2.756745787751260164e-10,-3.807524611494242800e-10,-2.391633566424370894e-10,-2.702162462715189757e-10,-6.039579788020649892e-10,-8.824013787928582314e-10,-1.061903296043664656e-09,-9.692267776110024048e-10,-4.182650917685314750e-10,-7.757934485784440327e-10,-8.346913932688937325e-10,-9.168166422328843850e-10,-1.188232527738925619e-09,-8.142603735179373472e-10,-1.111802335326662916e-09,-8.027362811859525576e-10,-6.465785908471679637e-10,-1.070051066593012268e-09,-1.490364115349341781e-09,-1.519655795254759103e-09,-1.511688296342797788e-09,-1.106175628106198497e-09,-1.505239686410121888e-09,-1.404079399460427387e-09,-1.539289678537493172e-09,-1.816787210206752625e-09,-2.061635479753150335e-09,-1.448396020859209600e-09,-1.532388066602458002e-09,-1.689732666531941697e-09,-1.721231337929296060e-09,-1.611027157067089828e-09,-1.860342205430557444e-09,-1.841027444093889702e-09,-2.304396004982899191e-09,-2.139765199584414188e-09,-2.002669992477736631e-09,-1.908727741511038688e-09,-2.133113406264759217e-09,-2.526119393685150356e-09,-2.190229663218508819e-09,-1.615034887813833422e-09,-1.482066464569067130e-09,-1.800370175760757919e-09,-1.914160646022228368e-09,-1.916705750250607996e-09,-1.556153977587802569e-09,-1.424690825955732776e-09,-1.016731214473166598e-09,-1.528426674830684027e-09,-7.983318428267042482e-10,-4.771327380635157888e-10,-4.763737527974161982e-10,-7.844441084514297358e-10,-9.667259409609224193e-10,-1.242185762729470988e-09,-1.297569667895007606e-09,-1.048004810930047783e-09,-8.539706680422064739e-10,-9.329368510107900121e-10,-9.576190246706650155e-10,-9.784684237419000067e-10,-7.892257681142619326e-10,-5.706685560486935108e-10,-3.312569144440352225e-10,-1.810794412643768922e-10,-1.809452011059288476e-10,-1.101062252675931158e-09,-9.291253498929310261e-10,-5.500445693457528516e-10,-6.979770857946406138e-10,-1.131582277274092215e-09,-9.152453146677881710e-10,-1.003212921427801700e-09,-1.091603130047908977e-09,-1.560738496405143024e-09,-1.339236379313352848e-09,-1.778649601351199666e-09,-1.515572214001155435e-09,-1.737439578746293569e-09,-1.704883684117813724e-09,-1.531568929653638908e-09,-1.024135072151905092e-09,-9.484614382981146165e-10,-9.979164897839570514e-10,-1.302309215885566269e-09,-9.439835860918850535e-10,-8.405133111158421270e-10,-2.021612289803745276e-12,-1.979655845039078044e-10,-1.149833148434124942e-10,-1.928888546131560203e-10,6.736623193287269305e-10,2.109009975893778094e-10,-1.303961687744951478e-10,1.610596271554552404e-10,-1.602770879470241616e-11,-1.132638662263917604e-10,-6.638859873697046117e-12,3.342909255465989591e-10,2.597340890500801697e-10,2.272443165669186684e-10,1.192229082426641616e-11,2.860436090184219175e-10,1.903819572152975664e-10,5.650108588647430005e-10,2.320548694213338822e-10,4.281628737982588585e-10,-3.261812158303625067e-10,2.400215251375973947e-10,2.549731810207724637e-10,-1.839284076484355899e-10,-1.630976058394366550e-11,5.696703795012842221e-10,8.202023757316781161e-10,1.121201755519115677e-09,1.156656004507572044e-09,9.422441488693515581e-10,9.767786850991699044e-10,9.178528407169904616e-10,8.583918776171591829e-10,1.039626050218962193e-09,1.271713059503040361e-09,1.541246933796238716e-09,2.141436120148956704e-09,2.280310904641426051e-09,2.025128466915426563e-09,2.176088760517408026e-09,1.818857630135915135e-09,2.040019702094058241e-09,2.071051774252269615e-09,2.722218754572540016e-09,2.058570593601011887e-09,2.003082878053333497e-09,2.312291142383456204e-09,2.301456629336478429e-09,2.754550776230428684e-09,2.737186169466166413e-09,3.109656426470604179e-09,3.244348634076599349e-09,3.157572872977095455e-09,2.754715266644720927e-09,2.734479219055168756e-09,2.948677793155638280e-09,2.827823871689288859e-09,2.619192387113171122e-09,2.548923721359159024e-09,2.378226354437419951e-09,1.995469861016651433e-09,1.777144513215768812e-09,1.990565714328091654e-09,2.693654153739331768e-09,3.162118884221413903e-09,3.039215293146222492e-09,3.006212442763567636e-09,3.488946632616582085e-09,3.622140230923406177e-09,3.344372433313180923e-09
-1.210075617338370140e-10,-9.514227526052002534e-11,-8.103005143685149168e-11,2.427698601004878158e-11,-1.352013485069670923e-10,-3.727176790970497839e-10,-3.331824599411224520e-10,-4.480464550797766026e-10,-7.091184325393563482e-10,-9.300115161992282583e-10,-8.176796675347968317e-10,-8.131711686018835460e-10,-7.465626152024110141e-10,-8.752315051626774441e-10,-1.012761507415000647e-09,-1.439121935108413937e-09,-1.466067393177484084e-09,-1.376540506878584826e-09,-1.388365421413992571e-09,-1.749480132519436844e-09,-2.002856716173533332e-09,-2.132680075915110475e-09,-2.080948274467010932e-09,-1.888195482122554841e-09,-1.851242809993544492e-09,-1.281070096725454826e-09,-1.312726218113100716e-09,-1.212388201358917367e-09,-1.186744520698177094e-09,-1.247184082270798558e-09,-9.055146282986194055e-10,-8.131577302183323916e-10,-8.390340519132490032e-10,-3.004856808920221133e-10,-7.443504346140317288e-11,-3.073524924631883606e-10,-2.102157254732665339e-10,-3.581394622207121857e-10,3.818025508698552233e-10,3.473654086833566486e-10,6.268320399313034612e-10,5.714568607124140396e-10,2.630655610739030227e-10,3.835066039006756998e-10,1.755894073567980611e-10,-3.213463176649333171e-10,-1.386095338760858910e-10,-3.833185886453958985e-10,-6.447536564647535601e-10,-1.150537400482191949e-09,-1.445991792531553797e-09,-9.712214157274359468e-10,-1.276270810799612201e-09,-1.484481592916641194e-09,-1.360599414723052089e-09,-1.668134226843885478e-09,-1.697179414945782349e-09,-2.101268705793042087e-09,-1.892648369392308507e-09,-1.465489303006003149e-09,-1.554029526919641266e-09,-1.680327629821715401e-09,-1.707893131232504560e-09,-2.214037572900537426e-09,-2.283590348188701600e-09,-2.537258763454459930e-09,-2.752161730641688452e-09,-3.078839273216076510e-09,-3.187048925108146565e-09,-2.666175212900508769e-09,-2.456306131680899760e-09,-2.983664311507708701e-09,-3.147589306632200220e-09,-3.125526185616769775e-09,-3.435801417856722696e-09,-3.618799991928149437e-09,-3.416111908731766822e-09,-3.642791936783616910e-09,-3.462782413044360171e-09,-3.619084130206465801e-09,-4.155008557159736299e-09,-4.347162306644825012e-09,-4.430514694731878673e-09,-4.399107094031454743e-09,-4.373154736230697968e-09,-3.954437606323206732e-09,-4.219491666337896552e-09,-4.498554420114855872e-09,-4.429645627325486514e-09,-4.524486401773199830e-09,-4.540264443207569556e-09,-4.547617518972799436e-09,-4.298060322313303767e-09,-4.203329542234429714e-09,-4.509561679806648109e-09,-4.371398206868376204e-09,-4.382573051484052011e-09,-4.647508411286401470e-09,-4.307749365981088838e-09,-4.361100026234707036e-09,-4.409040539455363433e-09,-4.711168397626402630e-09,-4.594746670602859087e-09,-4.344765994937489264e-09,-4.320626430907969501e-09,-4.071879253673157108e-09,-4.204725046809483614e-09,-3.878374043408760354e-09,-3.516065894173301895e-09,-3.488051561177367614e-09,-3.472053045318090689e-09,-3.239355893208457781e-09,-3.072812516200538090e-09,-3.357099313250458686e-09,-3.281680754233982297e-09,-2.931980686853859087e-09,-2.722213671749861153e-09,-2.971522043258883247e-09,-3.240895677380975403e-09,-3.179011400655887015e-09,-2.815481863723878087e-09,-3.454404961578727710e-09,-3.728574180052291140e-09,-3.945633467411418201e-09,-3.583401019168210592e-09,-3.467033851327691220e-09,-3.581283674155718872e-09,-4.068851381262017892e-09,-3.932618497108698891e-09,-3.824313606252825248e-09,-3.506243440979132970e-09,-3.528846193452395094e-09,-3.807849314391464509e-09,-4.136393532363645264e-09,-3.748971794631298680e-09,-3.825901108871499384e-09,-3.931297634629905923e-09,-4.027825257962403635e-09,-4.050060304254688747e-09,-3.872262021171809211e-09,-3.814412155526526152e-09,-4.251309985335136475e-09,-4.331897922212925420e-09,-4.454823657073662360e-09,-4.443761694190087785e-09,-4.900808876301943622e-09,-5.014428413514745194e-09,-4.572539388711659147e-09,-4.137645123757384648e-09,-4.618426084657077365e-09,-4.355204996346435006e-09,-4.110496610262015473e-09,-3.805757122853045494e-09,-4.134101254602345256e-09,-4.093773163028733841e-09,-3.976606183838299530e-09,-4.209181661714467982e-09,-3.474551192651567456e-09,-3.544824983947224843e-09,-3.685067165825027937e-09,-3.598083398239984128e-09,-3.517530621769617493e-09,-3.294320833603027139e-09,-2.848752793605923410e-09,-3.227309313786345761e-09,-3.640570289194320936e-09,-2.529475738855490036e-09,-2.633556261554907273e-09,-2.034518637520283607e-09,-2.025106800900430416e-09,-2.049908462909739091e-09,-2.497755767888044365e-09,-2.519669947829546967e-09,-2.155399440634553211e-09,-2.439720369660229072e-09,-2.429018529104860111e-09,-2.508697807865357648e-09,-2.302303528815275127e-09,-1.996771363712459155e-09,-2.068525675087067333e-09,-2.416905595212729764e-09,-2.428331881388043942e-09,-2.534640919209946366e-09,-2.582006708976115719e-09,-2.367222140618567358e-09,-2.501910672275798014e-09,-2.900168609059640955e-09,-2.840896025494847935e-09,-3.613582093148935402e-09,-3.491667195145118721e-09,-3.042912763157442367e-09,-3.491576927354411110e-09,-3.119497937114976579e-09,-3.147157997219680009e-09,-3.143242531450384581e-09,-3.719648831259922664e-09,-3.331932508814451974e-09,-3.229621999164801191e-09,-3.009602896249583909e-09
-2.702397409933078127e-10,-2.780595977506948021e-10,-3.175045137937710492e-10,-2.718544145728004718e-10,-8.187790840442309015e-11,-7.109443857860709971e-11,-1.111743432093956494e-10,-2.239493564992531848e-10,-2.261587897236167627e-10,-1.981273466040308818e-10,-2.923465886705622857e-10,-1.015909258983435737e-10,-3.727779352887640549e-11,-1.505221016316648736e-10,-9.997794026186214333e-11,-3.736466888474588915e-11,2.960572321139350964e-11,3.422053103010448816e-10,3.731814446201460722e-10,4.695667247133557096e-10,5.221994148635355637e-10,7.136194599221923271e-10,8.204497030843776289e-10,7.707441486912496696e-10,9.037382819110705383e-10,9.051023860809081144e-10,7.652833141473310061e-10,7.258247915902796658e-10,7.418529929050831879e-10,6.677077756921210199e-10,3.418634679425394412e-10,5.701689873713825082e-10,7.006268639332672436e-10,8.372005722497908726e-10,8.553124841116890058e-10,8.865280260944032009e-10,6.173967290670532515e-10,7.542433948281748375e-10,7.839306210690428180e-10,8.044166521674354752e-10,6.081884326786843946e-10,6.912066706262274100e-10,6.650449637420113184e-10,8.516460558295594335e-10,6.356110434471547662e-10,8.430802869237585197e-10,1.048207870289344331e-09,1.122320044088325578e-09,1.278215728125665767e-09,8.009437305766906744e-10,6.187388425679643011e-10,4.551672261372818719e-10,2.961290643607945394e-10,-1.893032352612307151e-10,-4.640414269786186324e-10,-4.386406543077264645e-10,-5.069871819569622715e-10,-4.313188958217379759e-10,-5.360913165403583886e-10,-9.646137966836782549e-10,-7.304235915195335908e-10,-1.045281883779311325e-09,-1.077689194951431118e-09,-1.051360214661617578e-09,-9.289499678823317636e-10,-1.824325782883684238e-09,-1.620089105039589464e-09,-1.454668413842216363e-09,-1.161195136588792295e-09,-1.084343076253172785e-09,-6.409673726962945505e-10,-6.039054199362790763e-10,-5.029678067277685564e-10,-3.602577217165811634e-10,-2.353612685947297133e-11,-2.547017511578991042e-10,-5.936222399313594299e-10,-1.106878306727095014e-10,1.788774520730985805e-10,4.426961027006434522e-10,5.585232543340293141e-10,5.792490308612918467e-10,6.355188352403978914e-10,4.647177869052611119e-10,7.965251210190051555e-10,7.143513415681460431e-10,4.821628753368353942e-10,3.713584469103389848e-10,1.103527395916545784e-10,3.438123430868143518e-10,3.920563995794641980e-10,7.340909634934231245e-11,-2.927904680327800980e-10,-2.403376455140871396e-10,-5.027508393958255899e-10,-6.145333115766721191e-10,-5.365008626301136741e-10,-7.684737331027157082e-10,-8.795261656552349294e-10,-3.314827290720304682e-10,-4.649247461188796787e-11,3.094532471085987027e-10,5.079822158234755469e-10,2.870486169822685336e-10,2.976648161092372366e-10,5.699331097784604707e-10,4.441805627955448954e-10,8.258461995259805572e-10,8.797486343986934676e-10,3.614501518804646081e-10,4.955938947349360966e-10,6.842323657187278385e-10,5.405524506967667123e-10,1.067589850495525633e-09,1.513001179364872042e-09,1.083954107474412110e-09,1.465044371200560187e-09,1.266040750267752920e-09,1.454548331282288677e-09,1.568109111113980304e-09,1.347750648894307080e-09,1.207667523788589097e-09,1.421516638446767181e-09,1.189366679511845664e-09,9.152595612841766069e-10,7.731731176154099037e-10,7.776301076440321469e-10,9.755576651290537516e-10,9.350798666290155420e-10,4.278384231866320766e-10,6.946180447030226215e-10,9.329466812159810041e-10,1.319458926201231872e-09,8.621244893590484121e-10,1.052149002320091922e-09,8.305540876706275611e-10,6.359516428086018416e-10,8.133829576523394022e-10,1.092943647781531869e-09,1.309419022026949213e-09,9.278552954421916979e-10,1.227480233032245163e-09,1.091065218318771787e-09,1.319187648641816322e-09,1.256402548004406827e-09,1.441335621803739743e-09,1.382365215702717578e-09,9.243393676684043153e-10,1.386869520982175566e-09,1.488559396116957253e-09,1.700128577146581420e-09,1.431123900975474574e-09,1.412853093775290624e-09,1.373908495029623075e-09,1.418606952817517978e-09,1.789591045747749790e-09,1.678800085565387771e-09,1.305674899199549947e-09,5.475776937232299272e-10,1.193607445046042702e-10,1.429452355742452510e-10,-5.357439152686852406e-10,-7.577364184574259146e-10,-7.633063762006726212e-10,-7.563590394604978387e-10,-1.062342017164589652e-09,-1.366396885401328839e-09,-1.652285669576193841e-09,-1.509082082855756987e-09,-1.526712298850549928e-09,-1.575903775176316516e-09,-8.578724250728174368e-10,-1.006516842093321513e-09,-1.354475114683466429e-09,-1.785300576312318531e-09,-1.801225850340186210e-09,-2.245488664732149835e-09,-2.206357622708899838e-09,-1.889787352779112131e-09,-1.898759583824675899e-09,-1.594839944167187020e-09,-1.441319621289996132e-09,-1.489758854183764020e-09,-1.359434695502061880e-09,-1.306827767476693934e-09,-1.823438812772870233e-09,-1.958240441360132613e-09,-2.146070758819341835e-09,-2.228669491834787019e-09,-2.047369895440765444e-09,-2.260015228423828712e-09,-2.244349527877617694e-09,-2.331726337764823571e-09,-1.944149406656572577e-09,-1.655644803995792897e-09,-1.635271519776941885e-09,-1.778035353680963404e-09,-1.941626048691597167e-09,-2.098512550842318856e-09
1.113680993575015682e-01,1.141501334239494042e-01,1.154888674494707612e-01,1.158621493591572849e-01,1.314580260594349348e-01,1.347891758014415908e-01,1.396763934030770538e-01,1.466035018759088426e-01,1.638755209501641663e-01,1.631924098277522384e-01,1.643193567300604563e-01,1.483244911140390310e-01,1.630031189547975490e-01,1.653481693580414469e-01,1.646870096973861719e-01,1.503242599608875796e-01,1.514082867313789327e-01,1.418851428801848336e-01,1.418905013620377908e-01,1.321928522415629914e-01,1.340957890699914223e-01,1.167709176893539091e-01,1.066823490537874147e-01,1.060207261067973583e-01,1.167269424741723821e-01,1.143168199164717735e-01,1.112610783191792518e-01,1.064950023371289967e-01,1.053480906903757619e-01,1.113905293002339786e-01,7.502899338276527996e-02,7.145759260732179041e-02,7.763626830324937833e-02,6.982037109600604252e-02,5.689061762414295009e-02,6.240891986504982364e-02,7.189226975559032118e-02,7.299295819572125532e-02,6.071970134119079876e-02,6.825734305610939301e-02,7.216879122199977570e-02,7.251582481386927015e-02,7.307591651154343726e-02,6.824461006641725780e-02,8.515966090392824983e-02,6.982573717492440712e-02,5.116613813177295356e-02,6.192850120373512290e-02,6.124357071954024401e-02,6.605354136229843465e-02,6.446122999611982041e-02,5.506594715121503059e-02,5.668007459945208909e-02,4.877121164547233712e-02,4.854062480721711703e-02,5.053715113554723554e-02,4.122727054331109392e-02,3.585394613241004586e-02,3.687088411188886583e-02,3.420220122062980761e-02,3.281293513640298753e-02,2.848392572473056050e-02,2.729490409775658585e-02,2.736481209947538851e-02,2.787865586246458804e-02,2.639454146185922501e-02,2.181349516980550518e-02,2.136627366721084373e-02,2.606795206420536859e-02,2.578082227924463274e-02,3.105280066606753986e-02,2.913716679719240144e-02,2.729799597449476117e-02,2.465782682140712362e-02,2.941923870871004237e-02,2.573068364182929182e-02,2.857193621487262233e-02,2.692095264093217338e-02,3.429009237941481325e-02,3.927938532410463895e-02,3.468530544654765957e-02,3.270881147231515657e-02,1.608476631380500316e-02,-5.783263496449489449e-05,2.582165583717159658e-03,1.016078970949374667e-02,2.266646396810724495e-02,3.120683168291638748e-02,3.080603608077878142e-02,3.919043180674741667e-02,4.294311355919247508e-02,5.178802842672191459e-02,5.782680268115597544e-02,5.757625975587964823e-02,4.969738986553942639e-02,4.628868725539382611e-02,5.257367839906795792e-02,5.830810185749860097e-02,6.297669447222960237e-02,5.991985434293028989e-02,5.045482358131864187e-02,4.625624324398711767e-02,6.588525905864092702e-02,3.629180773197490661e-02,4.189997330795141445e-02,4.988371053585413661e-02,4.636177047777790411e-02,4.387255286270827503e-02,4.773814743236917679e-02,3.065003223943884095e-02,3.749234521391795610e-02,2.388651742999377964e-02,2.532834837401928482e-02,1.111429193066443277e-02,1.113805476907331338e-02,7.437384113594024820e-03,2.284530197357669684e-02,2.300271560970723606e-02,4.052205740692137181e-02,5.009750845730578245e-02,3.017323935084273434e-02,2.917508068371085783e-02,2.517575870459503803e-02,2.645110352259680275e-02,3.603593284179277406e-02,4.654865319574936350e-02,5.196087449667464303e-02,5.686034301590271040e-02,6.423654948373963558e-02,7.470799494129945484e-02,6.963468399758092342e-02,7.841185657756143124e-02,1.001194213418214046e-01,1.125778535294464644e-01,9.143399520216788368e-02,9.626946159924443247e-02,1.180704735908663372e-01,1.247555205772416104e-01,1.377680492245909327e-01,1.548632569194149933e-01,1.560608929204267414e-01,1.698933705288232232e-01,2.000995888196449579e-01,1.813031729440082729e-01,2.015108718930684606e-01,2.124503001044836803e-01,2.287992561214680087e-01,2.424547321793049104e-01,2.161610002529910646e-01,2.165923871257141031e-01,2.420131039657796579e-01,2.946181203935430148e-01,3.062190781250113680e-01,3.235467993548762355e-01,3.224438936087836716e-01,3.208306259264811500e-01,3.259868682447153443e-01,3.102216959218189740e-01,2.986545156333565987e-01,3.080312752001311272e-01,3.147950865176080693e-01,2.986557815184921472e-01,3.147441921565366507e-01,3.254529196281046866e-01,3.366631849097630469e-01,3.523668310058898356e-01,3.504304812866389507e-01,3.410433860973229869e-01,3.199957281728441072e-01,3.124051052929585071e-01,3.109737383720658777e-01,3.061722797108903382e-01,3.206499798729532946e-01,3.166331065940868328e-01,2.987478717443154963e-01,3.012404170546088555e-01,3.071693350960662539e-01,3.127672045388878441e-01,3.114334231793055574e-01,2.966462669460330215e-01,2.798419564061925269e-01,2.639997398201234802e-01,2.583052579859733688e-01,2.622915278007180717e-01,2.799106994915838142e-01,2.639724639757377589e-01,2.631667326478536739e-01,2.719255360359847939e-01,2.985887384996004368e-01,2.912125348183684515e-01,2.901140790910197720e-01,3.107619635265085334e-01,3.048582389135402471e-01,3.107892452563815189e-01,3.215942002933934729e-01,3.295991250194813538e-01,3.462578219049097239e-01,3.361450536044224280e-01,3.311363542551690187e-01
1.139399334921955137e-01,1.231487977952091667e-01,1.227350819173284868e-01,1.174641909186095873e-01,1.221994354752063278e-01,1.282232612672073724e-01,1.239973524267818095e-01,1.317440854216423984e-01,1.296464061268727264e-01,1.131318696443140287e-01,1.181822971842129283e-01,1.046300843445753387e-01,1.072926360598546736e-01,1.018360195093770404e-01,1.112863428723343540e-01,1.097422760010464127e-01,1.332279127843632727e-01,1.263011038592653235e-01,1.213756271650495988e-01,1.130981841860545511e-01,1.284430334050468137e-01,1.266426811620388615e-01,1.201435047216509872e-01,1.293178186422334341e-01,1.423455422824057293e-01,1.331403873704188057e-01,1.564449018239970901e-01,1.366861909344366244e-01,1.167812919912333686e-01,9.209984694092326896e-02,5.330069960535518264e-02,4.693955014503653489e-02,3.421296575092614561e-02,2.938426903549039640e-02,3.386917683869461460e-02,4.484777459045781456e-02,4.916684401942522653e-02,4.850654088751934351e-02,4.839850880669669536e-02,1.475050281029330335e-03,-1.951668949507829719e-03,1.018391222360080610e-02,2.287044569350619311e-02,4.581541559581991940e-02,3.548625212429187131e-02,1.207944776232527592e-02,-3.971561406188435506e-03,-3.548615494537175202e-02,3.233814335782105032e-03,-3.947709506095903667e-03,1.017217425760557487e-02,1.288700248927217816e-02,-1.328811751243384222e-02,-4.637360869195381735e-02,-3.726188106075700723e-02,-1.512337159011670207e-02,7.151805886927785350e-03,2.373737806981763426e-02,-3.223067022791443331e-02,-5.104128691765943970e-02,-5.343615681552039282e-02,-3.275250794493367312e-02,-5.092678456934236764e-02,-6.563431517106585456e-02,-8.292869140182011767e-02,-5.305483509409393561e-02,-5.407670304049762289e-02,-6.046363038299380072e-02,-8.384966396791332377e-02,-8.007160328675974603e-02,-8.288233978497491772e-02,-9.218872347340142936e-02,-4.351717216942465466e-02,-6.714651201459240215e-02,-1.043611043759469781e-01,-8.839444530859591476e-02,-8.240343676312179844e-02,-9.948476158766887678e-02,-9.443413175075970889e-02,-9.755942404642585497e-02,-7.389431266335323711e-02,-9.623771021235166812e-02,-8.721647097726348274e-02,-7.527969204940702930e-02,-8.844329443663419277e-02,-7.129806309418992849e-02,-5.834779136205663769e-02,-5.580678180065435506e-02,-8.037525783848914473e-02,-9.749452505908631772e-02,-8.895763636353978820e-02,-1.078101250600693728e-01,-7.753812274898742862e-02,-9.615262353121098449e-02,-9.270910715809380087e-02,-7.571564716964858388e-02,-8.828820855335281492e-02,-9.960461354222031882e-02,-1.251935584715683503e-01,-1.555996418695623495e-01,-1.788807257592778532e-01,-1.650521864924513193e-01,-1.601225306985138985e-01,-1.813577107369798436e-01,-1.629375933090060902e-01,-1.506060952117555807e-01,-1.548383293724767684e-01,-1.513039030257083972e-01,-1.300639552565403534e-01,-1.572874909134504562e-01,-1.504391076453152065e-01,-1.690908625025147882e-01,-1.515641672635029413e-01,-1.309240086702043726e-01,-1.244170634843293211e-01,-1.079557645133961824e-01,-1.342522201845127716e-01,-1.264661213494617520e-01,-1.311827565968571863e-01,-1.349548518911983519e-01,-1.375668592967220771e-01,-1.470941212566850287e-01,-1.484826510124227505e-01,-1.584503401651754517e-01,-1.372071690120126031e-01,-1.247362207569927689e-01,-9.273946460336054964e-02,-1.282702408161327523e-01,-1.358477159028886605e-01,-1.406910302963628456e-01,-1.062010483350235013e-01,-1.228837459027883883e-01,-1.339734457940061907e-01,-1.353518468474578795e-01,-1.334211397009832933e-01,-1.405193551168934796e-01,-1.497150051840356599e-01,-1.282661163580682551e-01,-1.572744790676988413e-01,-1.291341225295472017e-01,-1.598049791785355889e-01,-1.511599121037084381e-01,-1.089137669535111125e-01,-8.915783257101667081e-02,-1.013634278002244204e-01,-9.784607710675095882e-02,-8.135957745356263426e-02,-9.309702540515070457e-02,-9.146545302213672513e-02,-1.045125510732765467e-01,-1.044792228939320916e-01,-1.254759126230637900e-01,-1.123286056360625756e-01,-1.387526019139279920e-01,-1.390949631280684329e-01,-1.223049800789978298e-01,-1.454477090729496269e-01,-1.111586673139869641e-01,-9.485048482613105125e-02,-1.084555675570392230e-01,-8.789982980320865114e-02,-8.261911552902402589e-02,-6.404061900215572700e-02,-5.814018600675491255e-02,-3.913220903332653711e-02,-2.888807828330881150e-02,-4.176310765875343445e-02,-2.308994841421189298e-02,-3.312267240208210256e-02,-1.616001881785114960e-02,-5.884585001175342278e-03,-4.203975952020097551e-02,-4.908096148382036505e-02,-3.741462876937452081e-02,-1.565270297079348130e-02,-9.225299683407191254e-03,-9.355999168823330575e-03,-5.975235137538851583e-03,-1.085473726473970557e-02,-3.206604714949144730e-02,-2.830851215008227395e-02,-3.461988823292453527e-02,-2.106179255645865972e-02,-3.107855843027444373e-02,-2.666113257508600023e-02,-3.818696537494110921e-02,-3.165979185565315213e-02,-2.698933994074615567e-02,-1.412548187936475165e-02,-2.993425769133577913e-02,-4.232434686668525708e-02,-5.585555797997219379e-02,-4.711376013344149849e-02,-4.691859472735224190e-02,-4.543546382914800952e-02,-4.500274014326516997e-02,-4.185278338604701831e-02,-3.814745879928720107e-02,-5.250873602659866107e-02
3.269634664079324460e-01,3.222197056312307017e-01,3.300492831109665404e-01,3.318755614261747477e-01,3.375241385319525111e-01,3.398053495313153038e-01,3.355627289201948971e-01,3.420557610500488122e-01,3.446918551565937294e-01,3.510971945709746023e-01,3.367925204668344441e-01,3.399401427911017404e-01,3.469233125313969102e-01,3.358179439419606283e-01,3.332452226202263779e-01,3.278572668014299585e-01,3.337875447932842632e-01,3.270417195098458407e-01,3.234219207999286527e-01,3.283676620449713091e-01,3.260235241600513700e-01,3.083200987448442287e-01,3.120958493480484042e-01,3.128897833057194267e-01,3.107453012163527428e-01,3.104150632719108738e-01,3.118413487256124772e-01,3.108367623088584275e-01,3.078003372325376907e-01,3.123384243679899197e-01,3.196342722001948577e-01,3.236988421875296451e-01,3.380156544450088063e-01,3.333977812674973062e-01,3.405754907549543020e-01,3.464479964346467433e-01,3.631098112718822435e-01,3.697635752872424075e-01,3.718154460731016298e-01,3.705042738063744068e-01,3.707885453653296803e-01,3.741591003727746112e-01,3.796431825209792277e-01,3.845534899832412923e-01,3.803926584657882914e-01,3.760481650564188039e-01,3.684314817921442997e-01,3.593534377103082544e-01,3.569316264368917468e-01,3.525727442375635179e-01,3.536979844609506318e-01,3.522126609518401730e-01,3.566314645559284791e-01,3.530470586129123567e-01,3.587009837687288316e-01,3.529713649291918998e-01,3.588176123681642293e-01,3.630697062254440999e-01,3.707031006827714581e-01,3.730410516274657029e-01,3.807054526722022936e-01,3.752785043953256183e-01,3.781611414662914838e-01,3.795505269326688302e-01,3.836857110867220588e-01,3.812471525561751950e-01,3.780692669188663868e-01,3.724535781517195332e-01,3.527493224227086221e-01,3.559832393102576042e-01,3.567328052180904763e-01,3.625917486063798267e-01,3.678226826459841670e-01,3.772237172368078650e-01,3.588210831699520931e-01,3.579075979919886796e-01,3.782936917180578784e-01,3.815759506410635882e-01,3.881017355871976271e-01,3.962308241207316839e-01,4.097231247822598621e-01,4.159071682405690584e-01,4.425871416865485575e-01,4.403366451326131137e-01,4.443930347358966970e-01,4.501009684754493367e-01,4.402190751654138645e-01,4.429551181876024701e-01,4.386715182677797253e-01,4.364644189032331756e-01,4.410326426283343593e-01,4.576417670485787292e-01,4.754328450901575964e-01,4.648338450607605310e-01,4.571552080423784137e-01,4.382817201795783379e-01,4.427639519278359082e-01,4.460775661028179573e-01,4.417049258440057247e-01,4.225008232348679282e-01,4.296292659419352344e-01,4.360588620641041580e-01,4.368920452798369380e-01,4.354542174242220787e-01,4.442996146280681069e-01,4.183581239602384705e-01,4.389854674059489592e-01,4.569847622694975242e-01,4.535355761512435135e-01,4.797315664570577232e-01,4.673283703388234067e-01,4.876454218113118744e-01,4.845013476990376877e-01,4.923643785488330815e-01,4.774205096582209706e-01,4.677957223673332443e-01,4.611603260593897247e-01,4.560263565113004680e-01,4.588926945601308205e-01,4.511856049006737757e-01,4.524513883841656536e-01,4.491665338142621366e-01,4.617957038757779520e-01,4.622161886094919292e-01,4.615576605772344632e-01,4.538078655803558514e-01,4.506393448111066791e-01,4.484150482820910555e-01,4.491655315254390324e-01,4.497755466562975979e-01,4.531401177831921867e-01,4.481034462941602126e-01,4.584629423966669060e-01,4.605878278227900635e-01,4.544741378446141011e-01,4.550681067233648402e-01,4.565528476688199833e-01,4.452704232023938502e-01,4.507663493399759469e-01,4.505676420209779875e-01,4.456073374308377466e-01,4.433371825356218210e-01,4.476394424831804941e-01,4.323324594014971711e-01,4.464987321790011010e-01,4.457778586640801510e-01,4.330621963693916943e-01,4.295122987763063116e-01,4.299020092631507528e-01,4.259558800343304363e-01,4.190734332912957050e-01,4.171784195261487582e-01,4.354437283438976070e-01,4.384017720038740906e-01,4.322211630690597217e-01,4.412874849414027412e-01,4.404948866679551100e-01,4.377835382299414824e-01,4.338538770367195152e-01,4.343465850705487408e-01,4.388364977852592386e-01,4.444951269502820379e-01,4.650143752384107154e-01,4.872495281527785549e-01,4.914525418172467908e-01,5.028431167277336300e-01,5.106452438276352090e-01,5.140459786048464652e-01,5.220826196115837536e-01,5.251001203269936024e-01,5.276984371706352483e-01,5.255492333283384720e-01,5.396366503641444323e-01,5.543406670917890855e-01,5.447651142283728154e-01,5.494257496634876725e-01,5.505910927039256997e-01,5.494363559497836835e-01,5.472662668628178739e-01,5.497078733202360734e-01,5.495252601235957046e-01,5.525211529269463684e-01,5.490429037101752785e-01,5.488652655917851675e-01,5.571812135300566737e-01,5.541775887568950454e-01,5.649392986466360567e-01,5.678254636150927848e-01,5.711556305556239055e-01,5.746721575601279053e-01,5.771546218845303722e-01,5.633957319912616946e-01,5.793740808544857179e-01,5.626930699331266217e-01,5.573451032560448049e-01,5.543758897097713634e-01,5.547220531900282081e-01,5.621803324470130425e-01,5.572825016801595810e-01
3.263819877117515048e-11,6.161818979715855532e-11,-5.352491061699930872e-11,-2.012311946793954294e-10,-6.559074784607564208e-11,4.276214328278333018e-11,-1.472706148674513883e-11,-2.995694725490827602e-11,-1.061683875702604336e-10,-2.849201897975835305e-10,-1.972305922077993823e-10,-2.581491623961732973e-10,-3.525364110190072995e-10,-2.998958420185702404e-10,-3.939783015821407001e-10,-3.801485526400173163e-10,-3.631843109416224460e-10,-2.587602548911230161e-10,-6.539117580999976193e-10,-8.048897610559676701e-11,3.700993200088151235e-10,2.190920303674112799e-10,3.669610307102033980e-10,3.411278759764897991e-10,8.815488329645248220e-10,6.150518976069657089e-10,7.648907753722487202e-10,9.653948756757724556e-10,8.612369660402804743e-10,8.530731391933907075e-10,9.152265019600662656e-10,4.738204359843971423e-10,4.935864054268894682e-10,7.306739951064706894e-10,5.441395634216881790e-10,9.789640480740926959e-10,6.598920500810822238e-10,1.373942978696505580e-09,1.457790878949915698e-09,1.308883031338118896e-09,1.356448851123620069e-09,1.213986738761743935e-09,1.105463163709979742e-09,8.932826604305485436e-10,8.518384176383307158e-10,9.100307812931210810e-10,7.360048525026056168e-10,1.083878663502135487e-09,1.168069022705723146e-09,1.282770253198731400e-09,1.189524131103876908e-09,1.047897520940694180e-09,1.261001614565029501e-09,1.424391299938621834e-09,1.487494854281466475e-09,1.064685659771243070e-09,1.017369724330370295e-09,9.395238983343180643e-10,9.427069607363973825e-10,7.329951859005039778e-10,4.727689146331826603e-10,3.657827379571254902e-10,1.164470709002747094e-10,-1.035880758121146629e-10,-1.580362940575802985e-10,-1.310616487737436132e-10,7.789145265554421560e-11,6.494867202882743735e-10,5.078815760311231231e-10,5.972265697937550636e-10,9.157055490222557271e-10,8.530375791207444977e-10,3.095248297037300552e-10,2.984458501930603452e-10,5.206059968896285238e-10,6.103536155314258459e-10,1.007363051379439336e-09,4.205884253991893056e-10,4.323685494748265239e-10,4.827109433869541223e-10,4.122893272614816253e-10,1.685441087314047170e-10,2.649564087582544725e-10,-3.864785802367043244e-10,-3.004216003959978041e-10,-4.262234351460064270e-10,-7.154931234058596337e-10,-4.657039405503829523e-10,-5.174819761001133686e-10,-6.301439791445393277e-10,-6.704744167608220406e-10,-6.913015152908238906e-10,-9.252744304626872358e-10,-7.049896305106752214e-10,-5.195641354072488580e-10,-4.285560886588827891e-10,-7.596931173953885058e-10,-8.134819060571787759e-10,-6.853225293407454965e-10,-2.431219124893245866e-10,-3.396600443168488383e-10,2.387464736609460046e-10,8.074756960742078041e-10,3.269845506272779881e-10,9.112087933342972067e-11,5.184276811445965339e-10,8.807078497277362815e-10,1.127327218397014443e-09,1.221742546825842618e-09,1.447599143918738932e-09,1.733003393721087617e-09,1.493105938678342123e-09,1.120628742250557915e-09,9.950437701386573404e-10,1.051282957766213299e-09,1.379161997955936037e-09,2.023659458574903558e-09,1.938272245061919576e-09,1.301461853157360746e-09,1.195340895988555367e-09,1.122134714570173529e-09,1.387133576325860350e-09,1.114918884788925023e-09,1.769555926809800231e-09,1.585854976274086231e-09,1.484368975142796600e-09,1.445805853335282305e-09,1.645986284293739456e-09,1.891047885489169372e-09,2.041494669511245103e-09,2.015757708999800510e-09,1.040977919680644690e-09,1.035504499308719350e-09,8.868100183766866346e-10,1.130601583326047553e-09,9.468611906914864954e-10,7.263996371222995946e-10,9.234727909173621559e-10,1.356850891676235766e-10,1.018746996110559457e-10,9.716651382559834109e-11,8.235253731772493309e-10,8.886703156403623367e-10,7.107424674871436994e-10,1.225653353078249288e-09,1.009824656425387590e-09,5.164263559617220981e-10,1.049980155350022815e-09,7.126632686339878215e-10,3.845051319708122145e-10,6.094023870662124462e-10,4.225474554575644572e-10,3.095017172608493834e-10,7.527195042245698016e-10,6.947001302681191701e-10,9.740596894576004146e-10,1.516803741149546016e-09,1.118990298738261058e-09,1.498942786489551169e-09,1.420939734610487696e-09,1.177798786200944108e-09,1.338638175234583126e-09,1.015101227579210276e-09,1.109167812533750140e-09,1.554282608456905711e-09,1.762138939219632134e-09,1.595530831702849670e-09,1.510961540220595376e-09,1.689498857787730987e-09,2.051561484371175845e-09,2.096156487357314079e-09,1.547455849048525440e-09,1.366227828973840054e-09,1.268583419687220172e-09,1.387201827691273988e-09,1.520966812760807140e-09,2.072266441887838932e-09,2.407153037531662243e-09,2.312501405589523744e-09,2.230810788860789568e-09,2.636784866219196526e-09,2.600643379684900423e-09,3.188758217286062586e-09,2.914988489874741463e-09,2.818106642410379309e-09,3.276132601483969814e-09,3.306623947854760352e-09,3.148589116640250008e-09,2.530242898782391623e-09,2.783078132574491309e-09,2.274553015560123344e-09,2.266224433186952927e-09,2.339700149676108066e-09,2.601851099599855933e-09,2.964382675644657501e-09,2.793692212158251756e-09,2.540000427941088694e-09,2.786682149520994597e-09,2.780013516941673562e-09
1.680279757368529948e-10,1.899945363407288671e-10,2.103408327334399654e-10,2.913767671602054274e-10,3.852210823518652939e-10,2.689096232982492246e-10,4.291430303268183186e-10,6.610012970909979947e-10,5.374505978038896799e-10,1.726919807860349746e-10,-7.053606037811327605e-11,-1.942470275197538432e-10,-1.758552854209889323e-10,-6.259105197555020610e-10,-7.488382412762247985e-10,-6.186410741632094898e-10,-5.084744479544006204e-10,-6.301321020410854516e-10,-5.227854605296444197e-10,-7.331537761099289994e-10,-7.406371062436058383e-10,-7.549750971940552988e-10,-5.832258020280925580e-10,-5.869118019849698557e-10,-5.146129194541509838e-10,-6.175890932820951070e-10,-6.962490278007045647e-10,-5.716473016819387582e-10,-8.700524474100028567e-10,-1.034725034852519810e-09,-1.153347705835697022e-09,-8.495249436339658985e-10,-4.925480463368411199e-10,-6.519559564929022527e-10,-1.017656535049187004e-09,-8.490584365264796399e-10,-7.587094915159663212e-10,-1.141171967809913790e-09,-8.468561338953519474e-10,-1.102335672147516469e-09,-1.616102703460494857e-09,-2.061331905333915507e-09,-1.664091206229433872e-09,-1.509890807891419977e-09,-1.408470619605650812e-09,-1.609713992577938992e-09,-1.354389170317385001e-09,-1.495353522497808320e-09,-1.243875807323098365e-09,-1.413535437346448658e-09,-1.313807473926632918e-09,-1.519551300690361828e-09,-2.026544064885323534e-09,-1.630669728190495418e-09,-2.018143930567742603e-09,-2.036124555985509517e-09,-2.187303661683406693e-09,-2.139162692593959067e-09,-1.866778178416828211e-09,-2.115922315523671443e-09,-1.778879755970380060e-09,-1.622661539254764338e-09,-1.886597524724518370e-09,-2.544261449610844720e-09,-2.019313510291846951e-09,-2.335066559563066928e-09,-2.397050937964260287e-09,-3.171115803979457577e-09,-3.374255726572129309e-09,-3.361899871359140653e-09,-4.039333792191842174e-09,-3.925200750400152635e-09,-3.831958798060237579e-09,-3.953102590443385855e-09,-3.572257490283983113e-09,-3.586559889237390136e-09,-3.387767097757037402e-09,-3.399189590544490975e-09,-3.338081603409419084e-09,-2.574170963975157209e-09,-2.217198009097230156e-09,-2.349758929714452652e-09,-1.799139498660323818e-09,-1.660492030125391965e-09,-1.118280647085699796e-09,-1.091465596932988616e-09,-1.129326719472001243e-09,-1.428949296096182204e-09,-1.199152412438110640e-09,-1.232459062992445034e-09,-8.248296847530901824e-10,-7.507016719419236350e-10,-1.094862316117446929e-09,-1.123661289728933309e-09,-1.041149061452113309e-09,-5.943852965796144773e-10,-2.728554017612628510e-10,-2.813161721931586716e-10,-4.802849916554285139e-10,3.871413232276230325e-11,-9.791209841968242408e-11,9.269260075980279051e-11,3.260593529731913778e-10,-9.345556640928725367e-11,-8.090974121204524980e-11,1.561112881079844334e-10,-5.153880388730934615e-10,-9.791281074128463952e-10,-9.247027217152736063e-10,-6.811355062849481759e-10,-5.752904442234112042e-10,-8.332750430590661808e-10,-6.953662903346144772e-10,-4.837511467358583082e-10,-5.933447256821033665e-10,-6.380982843446772338e-10,-2.832206788442979481e-10,-4.198432352951609008e-10,-1.399753086581013508e-10,-2.266366896376659090e-10,-2.166572470625990628e-10,-2.611079702850398683e-11,1.476504040129625948e-10,3.117393776735379626e-10,5.752932029699818277e-10,8.578568634396620857e-10,7.242195658442790905e-10,4.908992282558270331e-10,4.629785809126790036e-10,3.508822401630358333e-10,2.342702921755853149e-11,-4.042966778486832535e-11,-1.530499907209093700e-10,5.187429719737063517e-11,2.526318150278327715e-10,3.281766888091982736e-10,2.578117198161498778e-10,2.076016533192467419e-10,5.075794486819923832e-10,7.038403936438658440e-10,1.020185188786782309e-09,1.298418090397025312e-09,1.540826999194185275e-09,1.293158196608465763e-09,1.823355271585793350e-09,1.954446309418304993e-09,2.358917670765162456e-09,2.480856758138825107e-09,2.976387266937401765e-09,2.694734497084029984e-09,2.496239839001868210e-09,2.333016777033712541e-09,2.134491222466591163e-09,2.522477741294271744e-09,2.466221629673679949e-09,2.113491897116439797e-09,2.046042852068474079e-09,2.318478889783290527e-09,2.247910024852739882e-09,2.626303701860599540e-09,2.315186790402956605e-09,2.341911116050117715e-09,2.560587730360300194e-09,1.916092504059876188e-09,1.563952275668262118e-09,1.818408206224504098e-09,2.339602750563578949e-09,2.344238479695460237e-09,2.169771113931645934e-09,2.447459137764230933e-09,2.222797263899094087e-09,2.309425441947525108e-09,1.915722041710790728e-09,2.286438336348935891e-09,2.565822252621366412e-09,2.741982876605032891e-09,1.979016899213513676e-09,1.699088155922068696e-09,1.650000311863478714e-09,1.454036416335064681e-09,1.400810665171535556e-09,1.688726048247028094e-09,1.673667789396066491e-09,1.974035410332710617e-09,2.117176052934346611e-09,2.030454510800804495e-09,1.734241946702030279e-09,1.962687669364878456e-09,2.272207559757116861e-09,2.166248177397043144e-09,1.981220628623382061e-09,1.842555521992539743e-09,1.891904101785951718e-09,1.284123216108775494e-09,9.337688977983138707e-10,8.400482392860779152e-10,9.798679194425858228e-10,8.674376309783624944e-10,-1.083547996516707523e-12
9.097205316982753351e-11,2.513635245858759919e-10,2.068157998831904347e-10,2.251175261157455741e-10,2.852411110362815540e-10,2.472190379655470752e-10,1.646016754661624388e-10,2.141721532076044113e-10,5.161508270662143234e-11,-2.212481421350765377e-10,-9.954089714816106970e-11,-1.730057571991035419e-10,-1.791283948305367393e-10,-8.993802625780551989e-11,-1.011188958152866447e-10,-7.578709324560310671e-11,-2.278380432655373841e-10,-2.255956316138579638e-10,-3.247236921691581021e-10,9.393469893501359947e-11,2.353840316633548811e-10,1.609203704725953148e-10,4.472825974217583517e-10,5.309600364558327553e-10,3.889599126762865008e-10,2.669042845717853883e-10,1.989381571551325565e-10,7.162589183392030129e-10,4.831934230844700614e-10,5.353817013605534855e-10,9.314927507317222161e-10,5.333707297195827063e-10,7.464997543108910325e-10,4.942706630300947608e-10,5.870866191250580039e-10,1.005545894925692630e-10,-7.487445408533582434e-11,1.762744839570792066e-10,5.314351861458476346e-11,-3.493243866577858627e-11,-1.258058165727932009e-11,-2.615703988989213585e-10,-5.786902480030934309e-10,-4.482748377889401181e-10,-7.272023927735275240e-10,-9.305891707945080259e-10,-4.620520785900082280e-10,-5.034143524911537413e-10,-6.368940243926638326e-10,-8.260930718822088636e-10,-5.904869345045045338e-10,-3.473312546219318132e-10,-4.149683720998755255e-10,-4.421404606165660224e-10,-3.698082185065332821e-10,-8.713692327297867460e-10,-1.034579567008325442e-09,-6.570741290860250627e-10,-6.226646464670301596e-10,-8.640610931715493400e-10,-1.107508955086928857e-09,-1.276421529103161696e-09,-1.272324699545379732e-09,-1.478951951128451938e-09,-8.841660912821855904e-10,-1.477620553191294113e-09,-1.235558263386177084e-09,-1.248603251778660427e-09,-9.566026909955720182e-10,-1.025337968970595391e-09,-1.042308716370668318e-09,-1.080163051696728238e-09,-9.106388330208264049e-10,-8.231602762731431115e-10,-9.565378951986487873e-10,-6.073644303523758859e-10,-4.738532784054080580e-10,-9.449214493487281616e-10,-1.167336597448541523e-09,-1.287009602442088591e-09,-1.086312691530666636e-09,-1.480239404889801536e-09,-1.303271357663607730e-09,-1.433567571439853620e-09,-1.476298758347138058e-09,-1.398824073004719791e-09,-1.390087588181605883e-09,-1.386082855246746772e-09,-1.425003970412509641e-09,-1.236242450777946635e-09,-1.295600578397925742e-09,-1.137206446541752816e-09,-1.274782477248160251e-09,-8.572217173190986116e-10,-1.137601585230917197e-09,-9.198778693679508340e-10,-5.205398972859632445e-10,-1.088856990045049221e-09,-1.460234887839038523e-09,-1.462019152546977429e-09,-1.839415245247929456e-09,-1.558337229669124946e-09,-1.652218040486156653e-09,-1.660407018217006419e-09,-1.944585096995540110e-09,-1.516038915050454806e-09,-1.331954131534753318e-09,-1.416750348480948981e-09,-1.735015931020485625e-09,-1.508874127743835488e-09,-1.046937510692269500e-09,-1.369869708881547273e-09,-1.416788520410862315e-09,-1.238204793681930793e-09,-1.652854301912110146e-09,-1.865340060838441385e-09,-1.850438253940687128e-09,-1.436935845851887259e-09,-1.463761923056675752e-09,-1.384063773784460405e-09,-1.299520196872552049e-09,-1.454442705057514849e-09,-1.373240625641971253e-09,-1.996810579634089990e-09,-1.973781123291573556e-09,-2.002058575451077276e-09,-1.327876529842031477e-09,-1.680111071481659884e-09,-2.122887768781549402e-09,-1.527156248695972896e-09,-1.649185519135759491e-09,-1.542712747185158751e-09,-1.765891920042765094e-09,-1.607126810974563175e-09,-1.723123216524399459e-09,-1.273601881819034404e-09,-1.343786851186056848e-09,-1.411946031195119406e-09,-1.350262789201030246e-09,-1.504595379769465022e-09,-1.624007812581495059e-09,-1.522761107370363679e-09,-1.632908779819038776e-09,-1.731979857289173671e-09,-1.462562456121987618e-09,-1.689039530002103485e-09,-1.733886112345571685e-09,-1.181933811806386358e-09,-8.656328662363805350e-10,-1.115697994944104765e-09,-9.881791372379896391e-10,-9.527230439039257311e-10,-1.145055998091410749e-09,-8.647036037117259117e-10,-1.130676601629444497e-09,-1.254716934175230082e-09,-1.650373701233024476e-09,-1.540654012948784243e-09,-1.447942596692628613e-09,-1.234163237906687489e-09,-1.097520891915743459e-09,-1.579322154431306779e-09,-2.010156842696323420e-09,-2.255066387151093187e-09,-2.486483582306990292e-09,-2.875721402071674778e-09,-3.205052439797128499e-09,-2.967927072759285599e-09,-3.218125611985661554e-09,-3.437084508612004907e-09,-3.366469632249145510e-09,-3.415713649651076100e-09,-3.241721175483017035e-09,-3.320465875261071581e-09,-3.509630562003060061e-09,-3.720546417781622071e-09,-3.823489573878996424e-09,-3.492477256312057544e-09,-3.747296365160470882e-09,-4.080359713197347038e-09,-4.672172459716362048e-09,-4.196732051885596334e-09,-4.342038155363081605e-09,-4.424067917748905971e-09,-4.572434841775929634e-09,-4.697665227491350235e-09,-4.694083025893948274e-09,-4.364129487477109375e-09,-4.147271192042639409e-09,-4.277085964937523750e-09,-4.338041180944966094e-09,-4.947285530816007808e-09,-5.128605965726569653e-09,-5.299471097428340599e-09,-5.684747048419832461e-09,-5.882523375719183405e-09,-5.502709186670473777e-09,-5.687455507153010780e-09,-5.894333918953860483e-09
1.048632009996661162e-11,3.689314594883341993e-11,6.904561633809408682e-11,-9.455539304468579996e-11,7.260804458403689799e-11,1.120021154468072565e-10,-2.072457298336734294e-10,-9.148021038740734713e-11,-9.474442227609247456e-11,-2.825648801104979179e-11,4.281393283813819683e-11,4.105962670191551309e-10,5.544546850739744185e-10,1.891692103049582539e-10,2.785051357349175519e-10,6.584167724151208591e-11,1.017432732500758906e-10,8.274999022396039736e-11,1.626031779398605560e-10,1.608934793178212718e-10,-8.503908914600888950e-12,8.355795350215744679e-11,1.166385041401026691e-10,4.125126412615092976e-10,1.126428815524312155e-10,8.923254337864497510e-11,1.357051010244920150e-10,9.056119147092365940e-11,-1.560234466140203370e-10,-4.716249555635065751e-10,-6.666083770011338830e-10,-5.893690282520590294e-10,-2.821718567481198320e-10,2.279262166696866597e-13,-9.296290441907336740e-11,-4.653692046311270173e-10,-7.648523257909803118e-11,-4.442249438679464857e-11,-4.554798078703601243e-10,-4.078903953928563796e-10,1.267952592498505770e-12,3.589656858399840882e-10,5.647891597922906590e-10,3.964539453116010121e-10,4.626685036821919670e-10,5.455398102895293873e-10,3.238324412419836894e-10,6.619991598655549954e-10,4.809770291865862909e-10,8.937307191648117374e-10,1.152500517469967740e-09,1.480301199759059572e-09,1.815576479803651606e-09,1.301391348637546064e-09,1.214364184518968482e-09,7.622821715081568731e-10,6.281474191120723100e-10,7.491129965201874783e-10,3.807401521885985293e-10,1.421135674946821161e-11,-6.588603972105012614e-10,-7.557199683340636466e-10,-9.377107996457902063e-10,-9.255185223011341066e-10,-9.237067179746105061e-10,-1.457664083595465114e-09,-1.811120026750227793e-09,-2.158259883927728000e-09,-1.574312897010735539e-09,-1.549729883884125483e-09,-1.540529376129582191e-09,-1.183074518557221653e-09,-8.595129768337169151e-10,-1.459180649708370776e-09,-1.485484063350786047e-09,-1.962862147201457576e-09,-2.293817745626728311e-09,-2.585180240782896458e-09,-2.505201811315765999e-09,-2.727908363933848561e-09,-2.769426753024513343e-09,-2.596620811379067001e-09,-2.504159572021956683e-09,-2.501446597074060375e-09,-2.539067526539197457e-09,-1.956403849011156835e-09,-1.555582828979456935e-09,-1.439408889743669667e-09,-1.199723255514707132e-09,-1.063177572286302371e-09,-1.102691758894604040e-09,-1.111217217394451833e-09,-1.218117023145752245e-09,-1.699085729548861459e-09,-1.850585236786844217e-09,-1.685501747873554971e-09,-1.273071782780651689e-09,-1.255381153832319729e-09,-9.654201951946516267e-10,-8.291121073835204315e-10,-1.260129716424145841e-09,-1.529629585886603130e-09,-1.717590661002965493e-09,-8.390340177044210470e-10,-8.514122255107243114e-10,-5.689906018827208752e-10,-6.820237837373301932e-10,-5.133998799530350509e-10,-6.382258417375513531e-10,-7.202403436637881269e-10,-7.152986787180333299e-10,-5.199762143409639996e-10,-6.075242568167543764e-10,-2.208912879417037932e-10,-8.336748965961373423e-11,4.887541970962758148e-10,5.892954633904348276e-10,2.933823305231442909e-10,7.124776164499421785e-10,1.057213171410417566e-09,8.929334332257641078e-10,7.682464772527261259e-10,7.017482466254033072e-10,1.023696800338350893e-09,1.063031434930103115e-09,1.106492794602893453e-09,1.291259831814554484e-09,1.163224938108838601e-09,1.171088174722019724e-09,8.760158849989603494e-10,2.365371097391345742e-10,3.968515360382642245e-10,7.912112430317850104e-10,9.065857672311934783e-10,8.875360691814107812e-10,5.373854250204379080e-10,6.817691437617877891e-10,6.287194827908820915e-10,6.522272603525275501e-10,7.026029953069786541e-10,8.492367285671057005e-10,6.206047401406127722e-10,1.986379366697646226e-10,-2.001692681144524927e-10,-2.313491126332131040e-10,-3.582608478794870070e-10,-3.490092161000553840e-10,-2.340109015873161467e-10,-2.204255568861315536e-10,-3.980660851930960956e-10,-7.049540398971612213e-10,-6.848266910695645305e-10,-4.967181846707184207e-10,-4.073471276357496122e-10,-1.066229230533197346e-09,-1.583119321837080955e-09,-1.423541656034179105e-09,-1.613047050435646062e-09,-1.670952731121389386e-09,-1.115756055262663537e-09,-1.330773090858986595e-09,-1.293886696784127279e-09,-1.227692604785539209e-09,-1.127964278563959594e-09,-1.393557890665121458e-09,-1.617101393001227071e-09,-1.420925823523622696e-09,-1.410827456953941964e-09,-1.282471207234311107e-09,-1.974551229188658107e-09,-2.585474624641765439e-09,-2.586026270062004779e-09,-2.505085248514217166e-09,-2.250477762656490348e-09,-2.253312429343470281e-09,-2.305883391494235507e-09,-2.347368190163659270e-09,-2.727434092532305272e-09,-2.885859130777330006e-09,-3.076168725576277030e-09,-3.196346883924974683e-09,-3.233883901374094655e-09,-2.999310589963805056e-09,-3.192607463489108267e-09,-3.694297880391678311e-09,-4.204972900318839147e-09,-3.920755180756298728e-09,-3.698514041099270597e-09,-3.466377308075886893e-09,-3.620420188760166704e-09,-3.704551187208266797e-09,-3.719481724699198866e-09,-3.610641973261276756e-09,-3.960291755945139713e-09,-3.516586447650098847e-09,-3.493733142701565696e-09,-3.571508788489637263e-09,-3.499378110351627059e-09,-3.505259093676055814e-09
-1.309106233851685561e-10,-1.751563603987568494e-10,-2.304927168184868808e-10,-3.579134849935153921e-10,-1.435292226974859280e-10,-1.455073564249357821e-10,-5.141054244676785776e-11,7.171661058987653759e-12,-2.726319801850571040e-10,-2.302384469449605521e-10,-1.870909970496366762e-10,-5.845653498079167143e-11,9.166469041202437871e-12,1.817274018433962165e-13,-1.172265786058853912e-10,-4.806706968773441477e-10,-4.726506889220214199e-10,-4.343261370991336937e-10,-3.399903204549720949e-10,-3.151026752015399737e-10,-2.856057593283549252e-10,-3.552964586992075138e-10,-2.016214555608374160e-10,-1.937610287138115648e-10,-3.844317678907736148e-11,5.771274242693831935e-11,3.845592467649948338e-10,5.627958688206248738e-10,2.866281795145523905e-10,1.418441151575663282e-10,5.192057558720637637e-10,3.876180260253993943e-10,3.859629627224232753e-10,7.557451802342253256e-10,5.522523368211700440e-10,3.501214556768469420e-10,3.049020573922437152e-10,6.520513175178638582e-10,2.695675309751796532e-10,1.442151612125916590e-10,3.373411634081001285e-10,5.786439604043819666e-10,5.443713047213255144e-10,4.886211586017610983e-10,1.143718294438266310e-10,-2.846119760602001015e-10,-1.967971948461897955e-10,-3.179012214209094161e-10,-3.002853283724662939e-11,-3.801427457600319192e-10,-2.891371354448952699e-10,-6.672433469474365634e-10,-7.827248358233622357e-10,-1.027836759893455705e-09,-8.978542018738659579e-10,-4.362206361665824389e-10,-5.338116153627362742e-10,-8.719891938603254791e-10,-8.228485186159553303e-10,-7.522175182470755822e-10,-5.290728879775739718e-10,-3.832006357843954357e-10,-6.242539529456886040e-11,1.703690202546712605e-10,6.875385910875985875e-11,-1.990742892558870863e-10,-2.659307247133268631e-10,-5.181230580311761895e-10,-9.050061032359168645e-10,-5.211206827172679276e-10,-2.238131220399186569e-10,-5.189215125563152515e-10,-5.033916612468620779e-10,-6.005686321918257809e-10,-7.055788261529106844e-10,-9.518267158944144290e-10,-8.598247840597911017e-10,-8.237821133753000601e-10,-1.023905952962265693e-09,-6.937903576250007736e-10,-1.291001095112906851e-09,-1.390232242234377082e-09,-1.742954774934272576e-09,-1.522723659143593916e-09,-1.153766493608895247e-09,-1.257008656495977324e-09,-1.043615679835828170e-09,-1.201116996010802961e-09,-1.542740631008773748e-09,-2.046324243188885371e-09,-2.534367447188749989e-09,-2.702436592124690678e-09,-2.864234336200571306e-09,-2.674239532948583145e-09,-2.999673564264091636e-09,-2.976004302982818858e-09,-2.504753665194260213e-09,-2.482770119698241841e-09,-2.662434296867227968e-09,-2.574908946726197217e-09,-2.201638092284827773e-09,-2.019537835277696743e-09,-1.751496984132864404e-09,-1.576028322974255638e-09,-9.245978458554704042e-10,-1.243356811754366733e-09,-1.402259424750628928e-09,-1.337842443843715900e-09,-1.522747002428838040e-09,-1.878795076313811222e-09,-1.946239449061020884e-09,-2.347206891949070173e-09,-1.707253970378747781e-09,-1.588244354812218783e-09,-1.636633379766957915e-09,-1.681113734031505082e-09,-1.900586548909411255e-09,-1.853996347851058266e-09,-2.071729177072827333e-09,-1.742256277454634056e-09,-2.200316792718842251e-09,-2.251872129296545938e-09,-2.605445868768505436e-09,-2.215474018500968944e-09,-2.310466288654375254e-09,-2.425311558552381913e-09,-2.892644525419872998e-09,-2.695430567343222765e-09,-2.524829166744885968e-09,-2.694542703745140579e-09,-2.204098266358929424e-09,-1.946324512785823520e-09,-2.052850695645395982e-09,-2.387018825000949946e-09,-2.087715831066147030e-09,-2.555372755488558932e-09,-2.270964571413271239e-09,-2.409766866966007349e-09,-2.321013506971985585e-09,-2.197721740439912468e-09,-2.856104180325971717e-09,-2.834800563650924366e-09,-2.586411238246229147e-09,-1.864470363546298054e-09,-1.614390726509511838e-09,-1.431512980006702221e-09,-1.588707633347057698e-09,-1.374599861399715107e-09,-9.972915177188289396e-10,-1.106239040042407442e-09,-1.072967506287183008e-09,-8.728854337354579828e-10,-4.120776727015481503e-10,-6.833309821885211489e-10,-6.791759394553672593e-10,-8.970309770763168645e-10,-9.872474148872284414e-10,-1.430570127143688180e-09,-1.415301237875036291e-09,-1.318873558511282886e-09,-1.677553784039127220e-09,-1.731709755378895098e-09,-1.985565342118515555e-09,-1.417203197499560201e-09,-1.247924827626036493e-09,-1.631685945624295343e-09,-1.584102230204722390e-09,-1.777527991831699549e-09,-1.868633524213569897e-09,-1.628691676877886110e-09,-1.402338269567241732e-09,-1.335015094493956105e-09,-1.765231770868985844e-09,-1.482885178496373487e-09,-1.250259586818771535e-09,-1.325375203920433212e-09,-1.045700973104360239e-09,-9.561533767178681120e-10,-8.030204784079814670e-10,-4.677731786965350247e-10,4.004342333550103976e-10,7.423238237246324134e-10,6.775429258049958570e-10,1.200017556346650373e-10,4.486470255242311720e-10,5.602948949577636667e-10,6.806225086140715878e-10,9.173200265089802000e-10,1.571284728462626675e-09,1.278049855996826693e-09,1.153092709642552584e-09,1.085560501553003969e-09,1.378240891543459490e-09,8.879990940780875982e-10,1.308281404016768774e-09,7.386816623043151124e-10,7.964029730480588718e-10,4.963977787842070382e-10,2.817523087598345631e-10
-1.556056800686078401e-10,-7.529859673284614859e-11,-2.509912772905860268e-10,-3.097828570059323617e-10,-3.454245033830847669e-10,-5.021965763638550082e-10,-3.177767706452691170e-10,-1.773882163142553224e-10,-4.004392870409369853e-11,1.760900811694516427e-10,9.377894826023582711e-11,-3.615736755503665401e-10,-4.722080779230647640e-10,-3.269144201965702742e-10,-3.491239640984073698e-10,-1.585389119745582716e-10,-7.025922072049199491e-11,-3.747846316383496138e-10,-3.319292045487867643e-10,-2.469402094282558439e-10,-3.371262011951688979e-10,-6.132291040284965383e-10,-6.145479792306709620e-10,-9.164672675168024348e-10,-9.429848721970727356e-10,-9.409446993149876519e-10,-9.783377944038651546e-10,-6.116247512570683081e-10,-7.543256218374383694e-10,-7.408835419505808901e-10,-8.716036734355945652e-10,-1.094336876927535558e-09,-9.439890430687486984e-10,-1.013696717269254073e-09,-1.218982491157375594e-09,-1.578469844374802688e-09,-1.779412734523423244e-09,-1.599834510473521068e-09,-1.848841796921890285e-09,-1.718172764086880166e-09,-1.485681172507530635e-09,-1.860550250310637782e-09,-1.928368370664901020e-09,-2.150956339487715896e-09,-2.542259393250588858e-09,-2.382597533098645439e-09,-2.411417686608431462e-09,-2.344758190216983205e-09,-2.729092928290592548e-09,-2.547952907909739007e-09,-2.331947684014510174e-09,-2.240402779510171574e-09,-2.252071997862986204e-09,-2.391247752045940767e-09,-2.545405331007623324e-09,-2.558114175682203620e-09,-2.287800918098701232e-09,-1.963551747934267015e-09,-1.141518166258962479e-09,-1.115738297090148996e-09,-1.353365052809102801e-09,-1.631744145281315390e-09,-1.479250912042695386e-09,-1.112320780377726548e-09,-8.416100553397600827e-10,-7.625698858699463556e-10,-7.652865064840887777e-10,-7.047223626541934463e-10,-6.197925645033779633e-10,-7.016251710054843325e-10,-6.321121877318110349e-10,-5.790610436030249832e-10,-5.350509937786968956e-10,-9.636022501030019314e-10,-8.947803909391211718e-10,-8.883287070533820818e-10,-4.580046427637796996e-10,-7.895468874677137640e-10,-3.925105771052644074e-10,-3.892180119711546520e-10,2.087484731318604676e-10,2.320018373225710425e-10,1.147973550418144826e-10,3.434285532532355625e-10,2.935248287459337501e-10,-8.154272220511909585e-11,-2.970233270998371717e-10,-6.099251733746594704e-11,-1.203836996967168833e-10,-1.104790885524745576e-11,4.912481343773753620e-10,1.545347075105733992e-10,-4.457403084918120725e-10,-7.739577923881386314e-10,-8.526034592702442436e-10,-1.179127396423299817e-09,-1.177302901013110292e-09,-1.380433425493562557e-09,-1.123854071979355666e-09,-1.021546122331798300e-09,-1.534706665479916439e-09,-2.030954680882823465e-09,-2.034145207845296676e-09,-1.817631436195222157e-09,-1.402901189563156728e-09,-1.734605038571861816e-09,-1.376812237216833344e-09,-1.230393344822852695e-09,-1.277241005740161477e-09,-1.730441219761268364e-09,-1.135771747248694958e-09,-1.180498159394441216e-09,-1.154258406051282588e-09,-1.329843590382125490e-09,-1.405890585818794875e-09,-1.325802056813424196e-09,-9.437587918630740342e-10,-6.740659105635266242e-10,-3.188372967713044045e-10,-8.531854957244075767e-11,-1.382042139910053296e-11,2.278432565887816064e-10,4.728247301044323848e-10,3.900233528542153408e-10,4.665573766087174822e-11,2.115326725268722226e-11,-6.657876613671785425e-10,-8.288635437285207689e-10,-8.124240073567177267e-10,-6.642596555931338423e-10,-5.947027848754954857e-10,-5.476755504589133342e-10,-4.832282742431775747e-10,-5.827705128336322393e-10,-7.015501288109732424e-10,-2.864267760592589218e-10,-6.646626368865862993e-10,-4.861371933366894599e-10,-1.089603000223410591e-10,2.223076190241240841e-10,6.161222674359405043e-10,1.035287206891510916e-09,1.639565358559208914e-09,1.845197205980855318e-09,1.583823305062465118e-09,2.106508165250877668e-09,2.284510152575824349e-09,2.043122959973826170e-09,2.251478836002938755e-09,1.992919447489724814e-09,2.068418083433695695e-09,1.924357409670116652e-09,1.856586472478439795e-09,1.889472397910172468e-09,1.494423620279947172e-09,1.274418134507965773e-09,1.487644589049203055e-09,1.412576184227354744e-09,1.439307298844579059e-09,1.574707307192768250e-09,1.342409512077950500e-09,1.731241020667294773e-09,2.639824265670891830e-09,2.675132734329451752e-09,3.015724142996586922e-09,2.493163411841539576e-09,2.448541839226246396e-09,2.438610336003380900e-09,1.975487335128987637e-09,1.906675787176252652e-09,1.772783715515901649e-09,1.594976439069524453e-09,1.950796231282881735e-09,2.373008697272839139e-09,2.326412300290128991e-09,1.640040585138204380e-09,1.401396285637834250e-09,1.906650768668688936e-09,1.603744248770420831e-09,1.580695675844914949e-09,1.599299468580909585e-09,1.798090392994905658e-09,1.452730479233956177e-09,1.485783761651065749e-09,1.596137619390390406e-09,1.750111616185460377e-09,1.271479820446468525e-09,9.048456160445521395e-10,1.380092290220496577e-09,9.680114538237601484e-10,8.006956348363328344e-10,8.302934641052944237e-10,7.718611154512532498e-10,2.809866442938938388e-10,4.241320558615594962e-10,3.898961491436262510e-10,4.705873278102183324e-10,1.680023922556331108e-10,6.155195037231912287e-10
-6.200048574129233761e-11,-1.411918511159308054e-10,-2.650496991903571543e-11,-2.629467983742229525e-10,-1.474707413718112653e-10,-1.649343442016281885e-10,5.211122836658861094e-11,1.733089343582305061e-10,1.734735813261889445e-10,1.345337618376420104e-10,1.585117800753586326e-10,3.611968703107842349e-10,3.858074721376754998e-10,5.705301121755536334e-10,6.003033933599330885e-10,5.903338631207509267e-10,4.399424494958305091e-10,3.810864358161910168e-10,7.305648551704362482e-11,-1.498348237977314706e-10,1.757728201312210407e-10,2.094109482992072365e-10,1.575040264712067025e-10,1.494580255581687439e-10,2.616376078302228882e-11,-2.824548940644656738e-11,2.173912213943362934e-10,2.034263820150029958e-10,-1.464669064305764570e-10,6.016678455359767105e-11,-4.299032125937834886e-11,-3.708594918604515709e-10,-9.838827602326933602e-11,5.028829756856725935e-10,6.384559256109457046e-10,7.061646328081673550e-10,1.026195956240312356e-09,6.598539786520764130e-10,4.872253159276506908e-10,1.608996800711420346e-10,1.507186983102375869e-10,-3.887116701905352531e-10,-2.311629211371478437e-10,-1.529394346262445996e-10,1.549255796124088685e-10,1.694758919888691987e-11,-1.192740004275638692e-10,-2.112668505071673250e-10,-2.712418183262372301e-10,-4.188380659079911815e-10,-6.770636205655250140e-10,-4.129024402841208273e-10,-8.267416590888006184e-10,-9.919485249672196775e-10,-1.036627244900631204e-09,-9.906328374151207178e-10,-8.411015907215793970e-10,-9.818048690271963524e-10,-7.613961500334109521e-10,-8.335704756805338909e-10,-6.575774846736986335e-10,-7.935046566839754853e-10,-8.820194507084276177e-10,-9.375050475946730081e-10,-8.503501802787651816e-10,-8.546512643920191382e-10,-5.399009632919359600e-10,-1.046420100714369330e-09,-1.268923934772289224e-09,-1.158765052231868945e-09,-1.195516010827070839e-09,-1.065643128009392687e-09,-1.177447856889531115e-09,-1.502360387029385610e-09,-1.574850325875613997e-09,-1.925264790156985712e-09,-1.684702416726044995e-09,-1.569936373017203550e-09,-1.830215801069025702e-09,-1.767158953388416962e-09,-1.748360028980319444e-09,-1.490719202268629633e-09,-1.151756791312469209e-09,-9.249831183054362324e-10,-3.504117565707882662e-10,-6.211205199238847652e-10,-5.891192903452602965e-10,-4.763312273225684006e-10,-4.583669382168559112e-10,-5.941707181593298132e-11,-1.751482825547521167e-11,-1.434282004439857404e-10,-7.588018123306748512e-10,-7.344603322630523016e-10,-6.881580938190786202e-10,-3.669809345745171491e-10,-2.405122613384738909e-10,-1.981665555612828950e-10,-3.374801619768316893e-11,1.030155557027529735e-10,2.324399409103185375e-10,6.990293853864445803e-10,6.361803215701696946e-10,8.081694413796259018e-10,9.704937032004031143e-10,8.583887103411373625e-10,1.173964064244010646e-09,1.142107937418013645e-09,1.203950644914728890e-09,1.578537272039881621e-09,9.224944034219639337e-10,8.673833241860391628e-10,6.616398150521296514e-10,4.006686300679810843e-10,5.069440724778328050e-10,6.136937030896325168e-10,8.768540102841898965e-10,3.842081893651485598e-10,4.253747515424244199e-10,5.878968026196593071e-10,2.232520025924201213e-10,7.198400295858366614e-10,1.519964403234755699e-09,9.181946149281494307e-10,1.051967998517706633e-09,9.303838241032674835e-10,6.562624080589854850e-10,-3.776460897360011595e-11,-1.744776221126155079e-10,1.656120813944401088e-10,1.387319579886953892e-10,-3.941050568090638440e-11,5.771870680273497316e-10,5.709985122029813979e-10,7.882451286657324026e-10,8.641604642692182357e-10,1.035886783311909944e-10,8.231622231664303690e-10,2.129379479992454771e-10,6.527548583856035753e-10,3.226300591055012682e-10,3.692672908457953116e-10,2.386937128960975812e-10,2.996409044679995751e-10,7.807596952348226032e-10,9.656360603525226763e-10,8.915240491208413090e-10,7.280850599665448170e-10,6.098849548825076946e-10,7.609899105609871579e-10,4.041792845872805223e-10,5.755191692785469436e-10,2.421496050274247436e-10,4.104567504030486599e-10,1.381670166018789823e-10,8.091238044555176539e-10,4.892101451084035018e-10,6.798658391463246145e-11,1.948839387288482136e-10,3.673671662147575672e-10,9.165466841810988677e-11,1.655771032379414499e-10,3.756845498300026403e-10,5.031942684193720964e-10,1.712912156388597314e-10,1.758049567721256886e-10,2.527065438432749884e-10,2.842225924101730411e-10,1.329863392929867114e-10,2.186849157020188170e-10,4.290007558516709696e-10,2.730582425458643362e-10,2.118109494801556645e-10,4.830394639988859630e-11,9.093492577926763211e-11,1.685573133391629508e-10,8.369490198172296281e-11,-4.097605187344642033e-10,-3.144679372719353087e-10,-7.915866155507491248e-10,-1.133240189313687342e-09,-7.497273968036720116e-10,-1.036083866982740095e-09,-7.300729129069337157e-10,-5.680566211651091619e-10,-4.045884623564411211e-10,-3.175586339971770004e-10,7.860517060265819450e-11,2.948674115727930253e-10,3.458914318044436271e-10,3.145945610847043664e-10,3.271865369263344944e-10,5.164558506959288804e-10,8.853967908020205011e-11,3.820313643681857520e-10,1.645933378450855874e-10,4.024417426615525769e-10,1.075067700166646475e-09,1.162668369387638043e-09
3.356359494668127441e-01,3.417039483458403359e-01,3.473429035464413728e-01,3.609003923263828240e-01,3.580864262921530927e-01,3.570014806094918836e-01,3.527973645754333143e-01,3.557725083600879468e-01,3.462466260678115915e-01,3.700819168371343726e-01,3.661064953517723097e-01,3.506724357725690688e-01,3.420420453847141662e-01,3.349519513677128302e-01,3.267760726947496752e-01,3.510488404014852626e-01,3.420756493268602982e-01,3.491001276347271420e-01,3.638696351590759437e-01,3.340557217251952093e-01,3.492501584500298240e-01,3.638115233816209271e-01,3.235069833247097848e-01,3.006239138467717287e-01,3.016533138776092970e-01,2.858424462637105257e-01,2.624662907127516820e-01,2.943726172999664992e-01,2.975951471573797247e-01,3.240878988733981725e-01,3.230404049146261003e-01,3.217980552970727826e-01,3.262836219134396809e-01,3.141302355295190751e-01,3.080020631180677704e-01,3.104485569065973949e-01,3.281375918759600885e-01,3.435560889145516938e-01,3.409901229869003458e-01,3.465599895598507341e-01,3.232095107864690897e-01,3.387724730476528445e-01,3.196555700424387747e-01,3.205101898689826645e-01,3.032334736085435245e-01,3.028819154165567351e-01,3.051940316441316692e-01,3.131644097745469590e-01,3.083049331482622946e-01,3.087442608287331858e-01,3.078087463112103017e-01,3.054244884946528127e-01,3.191893649379816678e-01,3.161686680366118107e-01,3.306183670796410956e-01,3.029091504333610296e-01,2.932599407753312959e-01,2.954896228492866483e-01,2.941107645599782550e-01,2.896118567173033287e-01,2.815641992113787073e-01,2.972107795866254509e-01,2.943840791620331299e-01,2.937833370569825076e-01,2.914493054011854101e-01,2.873103422010235830e-01,2.866238956004522609e-01,2.905747324457298442e-01,2.930297599595981239e-01,2.912666357169880205e-01,2.893222556367279763e-01,2.905315584612561119e-01,3.034702976768102745e-01,3.112824416359863400e-01,3.073532228192390470e-01,3.080500468510058987e-01,3.090981283939943092e-01,3.069980668454873607e-01,3.095018070659699694e-01,3.090725520682714444e-01,3.078584083062987919e-01,3.041239662353424356e-01,3.089281963456080859e-01,3.058121371665918908e-01,3.023711266320130431e-01,2.995008055012316484e-01,2.931317802787773985e-01,2.976287418224639603e-01,2.792628952166202883e-01,2.792504955275526557e-01,2.812201920444862280e-01,2.660479866291896034e-01,2.791065767356648020e-01,2.871101905757384998e-01,2.916475331812246052e-01,2.924405843659285131e-01,3.256851324560545158e-01,3.346589705209316312e-01,3.434581227454346908e-01,3.468281986210307033e-01,3.464320215118001367e-01,3.254942062042070483e-01,3.347597029153155934e-01,3.407833172232966334e-01,3.398371885375111590e-01,3.462572998472844277e-01,3.455515743818093344e-01,3.184478785101126919e-01,3.520511100474963406e-01,3.678868160304319956e-01,3.730313900068735755e-01,3.847557621729781330e-01,3.854857049280878689e-01,3.649843411805516746e-01,3.417073284080529016e-01,3.530975737025754957e-01,3.442513424171722014e-01,3.347035810281477342e-01,3.298030227686571947e-01,3.279164517277310398e-01,3.178203288136295379e-01,3.054601341422950589e-01,2.927911160009055158e-01,2.923370894530555320e-01,3.117551230477813573e-01,3.171996693277443491e-01,2.822300979727847547e-01,2.805467394886379529e-01,3.000837347972759583e-01,2.980555710415415116e-01,2.844350916544592933e-01,2.734525203838916174e-01,2.752948566791056373e-01,2.940683946083377243e-01,2.563518143898968482e-01,2.700560249523293876e-01,2.925120328143665516e-01,3.154411204697604720e-01,3.015821107117391819e-01,2.723796065733344873e-01,2.795066623400738193e-01,2.449335165467612097e-01,2.457181013016265236e-01,2.525198800850511627e-01,2.418684818503869516e-01,2.480005591294029976e-01,2.486300565719506972e-01,2.810602478423622763e-01,2.805635081480609139e-01,2.673457227263999481e-01,2.704064943249193664e-01,3.131853369147667432e-01,3.268514341703814829e-01,3.329347636763713703e-01,3.551360010732257377e-01,3.193529539835897602e-01,3.213335986427632851e-01,3.096454888253483140e-01,3.127312356286668926e-01,3.008595100867750283e-01,3.125706852077685394e-01,3.167589235055186525e-01,3.305068534498800670e-01,3.195167696361712051e-01,3.020274609020643375e-01,3.233618875431161221e-01,3.308738755689423217e-01,3.069327958969500503e-01,2.786422989158434116e-01,2.758141670343434160e-01,2.615060864786943329e-01,2.684329195304540616e-01,2.717301239725660733e-01,2.676859291560732546e-01,2.421853762720493075e-01,1.965996969131603711e-01,2.352791052513886760e-01,2.300047057119593286e-01,2.265564315307771748e-01,2.450015493788467169e-01,2.390823485720937058e-01,2.645132893352210024e-01,2.737338110476293385e-01,2.794517784623557488e-01,2.847379706069262939e-01,3.015127447693710105e-01,2.791158189812932844e-01,2.626648943336881703e-01,2.403790589169776115e-01,2.350422468348261906e-01,2.308055380643197763e-01,2.388927570454913718e-01,2.201878619112595248e-01,2.331620347695163298e-01,2.676516583319434317e-01,2.716296950591154391e-01,2.905972122917900857e-01,3.022300027141047174e-01,3.111916361343001203e-01
1.084759594314916725e-01,1.091357017421698966e-01,1.071316852183311491e-01,1.074894812957034318e-01,1.076746126050538710e-01,1.052826498807469119e-01,1.049989984272416965e-01,9.747266439668927918e-02,1.062784658743746447e-01,1.139884415332902273e-01,1.202122380503689858e-01,1.249370930835853599e-01,1.155487420032173113e-01,1.071796577249751609e-01,1.199869243251483336e-01,1.272135539752903000e-01,1.140052350928540403e-01,1.152484707007242204e-01,1.437113007646308727e-01,1.599365416420064911e-01,1.641633376155200719e-01,1.614374947591696585e-01,1.395954070026843019e-01,1.442068024909595181e-01,1.364405755801901821e-01,1.438022759183775756e-01,1.460639737354069989e-01,1.435078775655295458e-01,1.466364784321201598e-01,1.426018543986845577e-01,1.450512284282037545e-01,1.457007419791950253e-01,1.400960571809709287e-01,1.359821404695861213e-01,1.406960962948140270e-01,1.410407234156673961e-01,1.454576484242890988e-01,1.530440829466511443e-01,1.458854863910519772e-01,1.460625501981264451e-01,1.543342603355806197e-01,1.632746578764927015e-01,1.723363996398758757e-01,1.835793346547171523e-01,1.785222824000510800e-01,1.878920963829086854e-01,1.867671613373962369e-01,1.948587271917067709e-01,2.206940713798825615e-01,2.187973529306208587e-01,2.172227358050458079e-01,2.238922397232200046e-01,2.065951172184627704e-01,2.038288064521335263e-01,2.058346759844781604e-01,1.883361353989384535e-01,1.888669001371475198e-01,1.809935043390878684e-01,1.662651324237692796e-01,1.691535755537847685e-01,1.771865573724978882e-01,1.787478260306825661e-01,1.774299789853529263e-01,1.731058524093181394e-01,1.736246075581852066e-01,1.683609950196144067e-01,1.657358007195026961e-01,1.672826695885581139e-01,1.651172153124654540e-01,1.449746806829287360e-01,1.298784155082396141e-01,1.127901143661595301e-01,1.098466848801479268e-01,1.020123721780885062e-01,1.047238880577567310e-01,9.252747178193394817e-02,9.270676516113493526e-02,9.906282575323115125e-02,1.011178280020580966e-01,9.464549828031301737e-02,9.683432464333389944e-02,1.034645914977028180e-01,1.071928273056763636e-01,1.085842233583746569e-01,1.086724136053915657e-01,1.249506104644987625e-01,1.298265519987349126e-01,1.361445044854514286e-01,1.299445674949194773e-01,1.314733859133540850e-01,1.285770262271448694e-01,1.519295609005609504e-01,1.623340201072175915e-01,1.689383834399825202e-01,1.744274037435842306e-01,1.866487389449155432e-01,1.846025204721747359e-01,1.788737784390121710e-01,1.859109085275087725e-01,1.588987322926269374e-01,1.574123647841940699e-01,1.603205024542699864e-01,1.497661540041308748e-01,1.580309710628630959e-01,1.479543082124240294e-01,1.634059392409386580e-01,1.496752780513842529e-01,1.517972978193815325e-01,1.546702129853542440e-01,1.624411892971384386e-01,1.683083962017444535e-01,1.754246467969427237e-01,1.738806027118807995e-01,1.695926916765881087e-01,1.533307828927085448e-01,1.701030876838455774e-01,1.251542822231728191e-01,1.042989085698955293e-01,7.601859950424444401e-02,8.828317763927445716e-02,3.891276953064572858e-02,6.019032959918080294e-02,6.034123657400600194e-02,8.033756546147979849e-02,8.555615038257408100e-02,7.774747803603566931e-02,7.003774968374111565e-02,5.690121203716080184e-02,6.049830034401289941e-02,5.855159133932773263e-02,6.182764993759333472e-02,6.219894692461724883e-02,6.084986964585056834e-02,4.218037584439783549e-02,3.386209810884319854e-02,2.208296124822759984e-02,5.360019094976856829e-03,7.807870952942407017e-03,3.827956775751245599e-02,2.160754244496928406e-02,3.114963484505233957e-02,-7.439191972512224776e-03,-3.608772702013327005e-02,-4.634318815095231359e-02,-3.037746790344046655e-02,-3.299487466333667768e-02,-5.098352472520117917e-02,-5.474695572805053645e-02,-7.439329080227095881e-02,-1.094562038719416042e-01,-1.225253631604180937e-01,-1.298351898108015545e-01,-1.047359989739022335e-01,-8.674764677002841373e-02,-1.224811325704641268e-01,-1.012672688929257270e-01,-1.228065270264483144e-01,-1.238585962012965641e-01,-1.309253511186845575e-01,-1.040408261727623213e-01,-9.070823292316093633e-02,-1.025944582664378990e-01,-1.233290541066120322e-01,-1.251245209791297941e-01,-1.207529081074326244e-01,-1.064723325461360282e-01,-8.804380496394917377e-02,-7.942396594359758810e-02,-7.120737097319179698e-02,-9.666082423518614075e-02,-1.124593686458613684e-01,-8.992582679668052748e-02,-1.093013668805554173e-01,-1.180465561689487963e-01,-1.206011425066992604e-01,-1.305587159836660016e-01,-1.261804332938602502e-01,-1.088743162146211529e-01,-1.034397773156986444e-01,-9.648073752825524207e-02,-1.057626304743898016e-01,-1.325745963344196199e-01,-1.342571444433811323e-01,-1.454232221937300507e-01,-1.486691705979353850e-01,-1.468754056372545691e-01,-1.656639467262744636e-01,-1.476362391634890026e-01,-1.554346742853101315e-01,-1.726232783915798152e-01,-1.898497486673224044e-01,-1.701180157316097286e-01,-1.375581034173063988e-01,-1.419849511839011424e-01,-1.256416676490278717e-01,-9.459660064979576177e-02,-9.307604744211261938e-02,-8.803249669014269474e-02,-4.905667623421138684e-02
9.029031081793602309e-02,9.947558189717589650e-02,9.571821519596360184e-02,9.881173721660822806e-02,1.069145319480989953e-01,1.056913753510933113e-01,1.046009051841775422e-01,1.077607536452063614e-01,1.051290348036878625e-01,1.064372050801776354e-01,1.047807078452766688e-01,1.039372567993481766e-01,8.797661889510194344e-02,8.928985502630838733e-02,8.652939206144599771e-02,8.545218466524195922e-02,7.685191988621957460e-02,7.149636649963218848e-02,7.149562467591570603e-02,7.552026434731105853e-02,6.592701962245139935e-02,5.761334695665972644e-02,5.124347688728619205e-02,5.519163126402537589e-02,5.590774790573421055e-02,4.850819952870308316e-02,4.722736056842477548e-02,4.847430556926082129e-02,4.225291693667888870e-02,4.775948418997253558e-02,5.583509180626552992e-02,6.124532641791990972e-02,5.135869227012283822e-02,5.904335334621543807e-02,5.652271604189906817e-02,5.956642934869321032e-02,6.082912336982019413e-02,7.179781145511889007e-02,6.112568653021936693e-02,7.466456991947799382e-02,8.108995510506031290e-02,8.172590069664842360e-02,8.774247529350438779e-02,1.017901075137336714e-01,1.059955471513842201e-01,9.351046986139283090e-02,9.444459165463532646e-02,9.694279025851260112e-02,1.041613396912698525e-01,9.982942524600992018e-02,1.213876224088526468e-01,1.031320972104569078e-01,1.157328464925269085e-01,1.248418370825655210e-01,1.115778301351649238e-01,1.272121349554063696e-01,1.316918135256354705e-01,1.448877559443713936e-01,1.617294485000360382e-01,1.481159722618189123e-01,1.452383953467459021e-01,1.444882906375256626e-01,1.448207340559468648e-01,1.369994067156441453e-01,1.324290361088226453e-01,1.390031120761600902e-01,1.294927691696672323e-01,1.419643056028050132e-01,1.246116156709200229e-01,1.263115915170645587e-01,1.022013960086970152e-01,1.272692150343063544e-01,1.296482987849855717e-01,1.513945733171572772e-01,1.993647164857808018e-01,2.122689582446303791e-01,2.450418983929137373e-01,2.393310214041120265e-01,2.450400977843646688e-01,2.306793922854901147e-01,2.043594516051648879e-01,2.046949934774686120e-01,1.751904858810658661e-01,1.387191923656064252e-01,1.488250350694658997e-01,1.531441091010754818e-01,1.395586063765327234e-01,1.279602603939653249e-01,1.386514816180158816e-01,1.905470901143198059e-01,1.873672066901480304e-01,2.010824027435848815e-01,2.037592397077759576e-01,1.892864865903741700e-01,2.319497866874250525e-01,2.084642733154230820e-01,2.082717168745308600e-01,2.205173705545104279e-01,2.095177766144875053e-01,1.968001037933060082e-01,1.933376743544563403e-01,2.075367217471476844e-01,2.119845797319113989e-01,2.337155344290474113e-01,2.342365866781663808e-01,2.398102478102602797e-01,2.398672527747734706e-01,2.396882142574887908e-01,2.393708754477255618e-01,2.306413411429910909e-01,2.136845837496833544e-01,2.246790333182966393e-01,2.312055193189904989e-01,1.891518229224196934e-01,1.477748851886220571e-01,1.347371060712038715e-01,1.821726534201771885e-01,1.716466108955750081e-01,1.536642857156775288e-01,1.718253944466203997e-01,1.779777206158906222e-01,1.745671036028569878e-01,2.216595618085095420e-01,2.630911600585336130e-01,2.929518989154861197e-01,3.256348831006711242e-01,3.483099793263923494e-01,4.093451550273460304e-01,3.825143038172359455e-01,3.665646391674850513e-01,3.549505329572518741e-01,3.043697893427529944e-01,2.947191297143408883e-01,3.448026912630707819e-01,3.744548470823079733e-01,3.511220095321858636e-01,3.571729491287231606e-01,3.325514247540501400e-01,3.819401793278541235e-01,4.226726533877131486e-01,4.154027892280428014e-01,3.870308350364186634e-01,3.937742703382700049e-01,3.609765261396101210e-01,3.598685727844556648e-01,3.540445424037717004e-01,3.080750713093506898e-01,2.944151918468281837e-01,2.764600081310532587e-01,2.663231626332264179e-01,2.394521246941934689e-01,1.929718834277062423e-01,1.739373612827966042e-01,1.710216543896541375e-01,1.527429465075115234e-01,1.793855278660240749e-01,1.484086863984343252e-01,1.063504076371757090e-01,1.304124990344716906e-01,8.495596365741399369e-02,8.490529265683970095e-02,7.798025607457836905e-02,9.723143423201510704e-02,1.235147039795075341e-01,1.038017564136593240e-01,1.265303769378332832e-01,1.088974344364772029e-01,1.323367406861674644e-01,8.275450138058769445e-02,9.033067842294448258e-02,1.312151275280225016e-01,1.183507297343470016e-01,8.320053808674425511e-02,-1.271252426232476196e-02,-8.030011402589921909e-02,-8.354960140225418941e-02,-2.425416570769085151e-02,-4.954225764430693346e-02,9.514587988379612227e-03,-3.370940922532499398e-03,-4.645503728287262574e-03,-1.036308551656872461e-02,-6.250183003101270410e-03,3.702118025463006779e-02,3.802203787058217738e-02,8.939372535738475400e-03,3.937062547121784883e-02,5.178789996278031216e-02,1.356644609262349643e-01,1.654210343493575652e-01,1.985875353534378440e-01,1.586557749087512126e-01,1.572561497203938397e-01,1.624661441868719691e-01,1.566913967004585906e-01,1.162443883452256577e-01,1.188985387640478925e-01,1.217927252301362340e-01,9.029370452697588201e-02
-1.554004788305545069e-10,-2.326053372101394460e-10,-1.309823277333932224e-10,-1.462848208451662089e-10,-2.316604419536874899e-10,-1.435505842375323178e-10,-1.626222208109191902e-10,-1.600454081345202128e-10,1.061404858553999795e-12,1.814739740760517104e-10,3.519417957943574241e-10,3.877431567607788275e-10,3.583291621875428469e-10,4.352319237903990033e-10,5.269448292872441617e-10,6.671503395593046205e-10,6.201604668781868485e-10,4.098497563165528439e-10,5.647170692435609763e-10,1.935880645328066466e-10,5.053238998505344301e-11,-2.757972718765387915e-10,-3.533948302216881428e-10,-4.078274788330826821e-10,-5.739015507187018011e-10,-6.468862180620831646e-10,-6.515526362252508819e-10,-8.419220030877069671e-10,-6.187813001829872492e-10,-6.698367359112415688e-10,-8.690982731987282882e-10,-1.076805985376793724e-09,-1.267869100698777376e-09,-9.962380831417932593e-10,-8.291279694181898645e-10,-7.087219386236913679e-10,-4.536152106716712202e-10,-5.138346131132883479e-10,-6.442110800257131621e-10,-6.506507730894751676e-10,-5.498318678754962076e-10,-8.827364301666850755e-10,-1.052708055508288525e-09,-9.796965239641390553e-10,-1.267949601293351096e-09,-1.625611016914383183e-09,-1.316068053527734838e-09,-1.203721326428300482e-09,-1.438990349633018756e-09,-1.358840248317410938e-09,-1.359950166876836056e-09,-1.309690245178768835e-09,-1.104490754146893821e-09,-1.027366582621861867e-09,-1.145945644492144290e-09,-1.263771993684824149e-09,-1.341030785299133069e-09,-1.784100619628550351e-09,-2.201023069931438868e-09,-2.225605136764084738e-09,-2.318366182036779716e-09,-2.067056801719253863e-09,-2.223705059705729549e-09,-2.056584230736086489e-09,-2.531590038771030585e-09,-2.508625429046288838e-09,-2.674819501124389418e-09,-2.751897403288334079e-09,-3.139194474783616141e-09,-3.047572743924822140e-09,-3.345050111237726498e-09,-3.089321432767335427e-09,-2.908628919037150457e-09,-2.667996390587334772e-09,-2.691057825093636576e-09,-3.023627207139382805e-09,-2.978190784104265256e-09,-3.132232121994576870e-09,-3.159197581976710597e-09,-3.129636933238917230e-09,-2.849578890865100862e-09,-2.684450917260130622e-09,-2.484646869765351206e-09,-2.637053027571581937e-09,-2.926384238866262786e-09,-2.632053312029802670e-09,-2.866337840910454687e-09,-2.754290004521633521e-09,-2.825988772261147194e-09,-3.088856282669993842e-09,-3.515236172657913341e-09,-3.993287862993954120e-09,-4.052117564103521165e-09,-3.679590021943293960e-09,-3.586272678248320779e-09,-3.238193524555242199e-09,-3.818094800214359177e-09,-3.996857910411100684e-09,-3.994563681393340828e-09,-4.798638259765186574e-09,-4.981102422663591180e-09,-5.212197983593024788e-09,-5.169070494462065474e-09,-4.973077311474136525e-09,-5.445800202040732754e-09,-5.459209595970015850e-09,-5.434800411747223266e-09,-5.358218387865103288e-09,-5.142297962980464434e-09,-5.046704371278588978e-09,-4.943131965722038963e-09,-4.661337689279299661e-09,-4.295356868517398546e-09,-3.830241356875187158e-09,-3.261951932193279326e-09,-3.694417147982541712e-09,-3.907330735151470477e-09,-4.134192001494441556e-09,-4.540859676925548535e-09,-4.432295804272141770e-09,-4.518429812653625039e-09,-4.705250175622442362e-09,-5.044139176953578572e-09,-4.906185996520920487e-09,-4.828468068267668999e-09,-4.257600855124055631e-09,-4.610128216279776302e-09,-4.341201248085942368e-09,-4.215064033075996098e-09,-4.606677876994234647e-09,-4.764234639956886714e-09,-5.281531410835049514e-09,-5.567181950230658902e-09,-5.362806096213507965e-09,-5.779598509978634295e-09,-6.161366149141634478e-09,-6.660823061418975964e-09,-6.847183277684111065e-09,-6.935930528644549317e-09,-7.364802812410994860e-09,-7.188153736617220846e-09,-6.806347172809223007e-09,-6.750335508870084656e-09,-6.396467345356012745e-09,-6.041337124523683408e-09,-6.117639215321856285e-09,-5.984929382186855911e-09,-5.492154682079848524e-09,-5.869773094474796065e-09,-5.912966205085763382e-09,-6.410066183077475750e-09,-6.313354094283972260e-09,-6.051848676833518966e-09,-6.289241369713935084e-09,-5.784871164180791982e-09,-5.305061187989240571e-09,-5.192793405826148275e-09,-5.842331969084207576e-09,-5.359240640066036466e-09,-5.308764143563862189e-09,-5.193301667653222056e-09,-5.459965096247574773e-09,-5.832293596211237176e-09,-5.829677637547486315e-09,-6.139786282265823809e-09,-5.501627508641719418e-09,-5.746976490458546144e-09,-5.613515113673728924e-09,-5.518281623039813761e-09,-5.826333839766329153e-09,-5.435757936322142182e-09,-5.649719351942890102e-09,-5.624501700440843312e-09,-6.010938891343812544e-09,-6.507565421716223132e-09,-6.465003764717116255e-09,-6.448284151372108659e-09,-6.560209362710503028e-09,-6.364877182607217350e-09,-6.236317668748926950e-09,-6.143335898398170059e-09,-6.272348463410487919e-09,-6.314744975303505787e-09,-5.806695988425079072e-09,-5.484780101830056235e-09,-5.355954779755849465e-09,-4.522410512284637176e-09,-4.557580022782640522e-09,-4.707219956737834617e-09,-4.762616537763967574e-09,-4.771503964701162906e-09,-4.963145618386951586e-09,-4.558917465856363119e-09,-4.703883285235841339e-09,-4.578736244232492582e-09,-4.723550491161200901e-09,-4.971501494753853991e-09,-4.776624294412345041e-09,-4.491066442479076989e-09
-8.841571188045770272e-11,-1.825273020612171252e-11,-1.624002799522449855e-10,-2.383437373273654708e-10,-2.305310070545504392e-10,-3.978135791894894737e-10,-4.263732529214904082e-10,-3.966563604652000393e-10,-4.083820442442615817e-10,-4.325701401726603969e-10,-3.809223617870433026e-10,-3.761213550035514768e-10,-2.436450622871909947e-10,-5.102836917479304664e-10,-5.559901837424225880e-10,-8.949188573344763772e-10,-8.183183725406609535e-10,-8.627679601930351284e-10,-9.250414403127649993e-10,-1.279185632020459140e-09,-1.398345780962068390e-09,-1.016051308831750762e-09,-8.925237943105434965e-10,-6.644803691452761951e-10,-6.297867091759021648e-10,-1.182723992164085858e-09,-1.099868005920554986e-09,-1.165817394490619790e-09,-1.500025756881807408e-09,-9.666416834731298926e-10,-1.264951828691947807e-09,-1.254452076433243218e-09,-1.434442272542286095e-09,-1.298299324570491581e-09,-1.571771445629536525e-09,-1.849181526008080968e-09,-1.944351461567513156e-09,-1.694251442172243518e-09,-1.430081450171058815e-09,-1.223483924100462806e-09,-1.316908869112899961e-09,-1.770347931245042970e-09,-1.745136002735541914e-09,-1.962667854392139983e-09,-1.862076503178363300e-09,-1.540682093935259345e-09,-1.256004219694691964e-09,-1.279802113000169561e-09,-1.926377156120054624e-09,-2.301533634537037530e-09,-2.291123000763526137e-09,-2.048218360243204252e-09,-2.118863282526978861e-09,-2.314590339099656743e-09,-2.159923060725970624e-09,-2.278312191430611970e-09,-2.060170876023830603e-09,-2.224283756761023242e-09,-2.048384486105410190e-09,-2.009719661928716457e-09,-1.987726177971791253e-09,-1.979168114992085825e-09,-1.685212067383611730e-09,-1.802570621929200237e-09,-2.325694578877048750e-09,-2.677853225836566223e-09,-3.017950986862339711e-09,-2.230372988569011355e-09,-2.417763627325522392e-09,-2.394924534311082498e-09,-2.264127502257871524e-09,-2.003350891754552803e-09,-1.956399037873207234e-09,-2.028607453002521799e-09,-1.937361293851920146e-09,-1.856463612237983232e-09,-2.005611710655854170e-09,-2.517497709635602100e-09,-2.912067228796675673e-09,-2.686243582346983793e-09,-2.865548112652037361e-09,-3.303146989458675373e-09,-3.255155108842719821e-09,-2.859312603766427255e-09,-3.369788389646789191e-09,-3.148056786215537808e-09,-2.894306654805518046e-09,-3.088275042721252411e-09,-3.292666520389687032e-09,-3.397742928224140333e-09,-3.457267152717872215e-09,-3.192299358677702027e-09,-3.097355836420287206e-09,-2.834660217993541033e-09,-3.456831150283453184e-09,-3.134151522062900484e-09,-3.459333234227780910e-09,-3.547879434167431568e-09,-3.601609336371547728e-09,-3.635189717280792350e-09,-3.091549564656810794e-09,-3.037658446879169925e-09,-2.944907906709187161e-09,-3.237781231223536052e-09,-3.333154532767465429e-09,-3.014149180012802735e-09,-2.785705406070456491e-09,-2.532382290778937332e-09,-2.692616081219771765e-09,-2.704496565716882094e-09,-2.368946640732087616e-09,-2.508002932555030680e-09,-2.631861629469501022e-09,-2.749811209435677381e-09,-2.767864944755140475e-09,-2.664868180099359157e-09,-2.153881236737995214e-09,-2.034995279666998766e-09,-1.939046521533162356e-09,-1.979179505874705811e-09,-1.773529125893667639e-09,-2.007199431830776103e-09,-1.837731321628863908e-09,-1.879751604649087094e-09,-1.719935485870465946e-09,-1.601177184777269438e-09,-1.812096467649395859e-09,-2.456608333855098058e-09,-2.882863197503031964e-09,-3.331728471062925474e-09,-3.225734014951427524e-09,-3.389737266203099912e-09,-3.375891671263575262e-09,-3.010525142412584966e-09,-3.192238051067804071e-09,-3.172406115901902288e-09,-3.661050679510790515e-09,-3.614353777998534681e-09,-3.642769424727841498e-09,-3.995782595524505413e-09,-3.637814730798342255e-09,-3.413581969651634127e-09,-3.217354510466113267e-09,-3.226196181122600545e-09,-3.160827403636561973e-09,-3.619325312728540600e-09,-3.246488684587052681e-09,-2.949862332154577426e-09,-3.123282113250962996e-09,-2.358750526764551722e-09,-1.974248306450783473e-09,-1.752536324980326642e-09,-1.700384357262331260e-09,-1.495606225597669843e-09,-1.757691567344014995e-09,-1.283080168365542820e-09,-8.352942416536939845e-10,-1.141017875937597024e-09,-1.024391366557068652e-09,-6.162282733878915939e-10,-1.022938435400783217e-09,-1.002601931364665149e-09,-8.470715596020433793e-10,-6.997242567085694425e-10,-5.726581782012669353e-10,-6.601386546967095369e-10,-5.611559347305546429e-10,-7.039876850804086682e-10,-5.912970786633531975e-10,-1.125667128298211689e-09,-1.408335396335187980e-09,-1.510756310952469694e-09,-1.784656015514777707e-09,-1.670213943224918238e-09,-1.958605804320725018e-09,-2.043807132009865701e-09,-2.243275732788682618e-09,-2.604348681922079389e-09,-2.878136487129687439e-09,-3.359191596577764745e-09,-3.626655116599755124e-09,-3.620513639358698062e-09,-3.930648739721348121e-09,-3.501804871891348084e-09,-3.845441753042583756e-09,-3.766669545218079263e-09,-3.747338693642987959e-09,-3.579159539015393985e-09,-3.512202867865551104e-09,-3.716482391141461753e-09,-3.688637561095349342e-09,-3.873040752464585388e-09,-3.484129997358976957e-09,-3.434062524370376595e-09,-3.217131043305255855e-09,-3.084335650495224740e-09,-3.325898831245664335e-09,-4.089046829022799224e-09,-4.010315848270294804e-09
-3.184568715746201424e-11,1.196655197765217101e-10,1.854241212720001581e-10,3.663703940375435100e-10,4.804032703462281331e-10,2.746276937894840198e-10,2.739993800100509308e-10,6.725970578173878636e-11,-1.022542271140666552e-10,-3.078390886744591191e-10,-2.733728379332527852e-10,-3.902622894884139381e-12,2.811957844099358917e-10,6.553820305117441895e-10,3.908150568868797785e-10,4.748598246202504778e-10,5.355928585602373741e-10,7.255862925103063093e-10,8.289012351860814364e-10,9.501141785506000154e-10,9.514614335541921240e-10,8.572802064647206027e-10,7.066008618223777637e-10,6.338678205196439721e-10,3.104495484237338886e-10,3.240611637354207913e-10,2.018373335165682207e-10,3.759258004478284168e-10,3.736890030632238995e-10,2.511031623422397686e-11,5.216327769674521293e-10,8.940514106449420776e-10,1.188108567930643279e-09,1.179660919581764870e-09,1.303227983873507676e-09,1.104293985618757762e-09,1.282121612161726568e-09,1.471027138942211064e-09,1.215009593414171392e-09,1.219089310993708616e-09,1.592103189786977683e-09,1.291236250859302748e-09,1.700366062271771541e-09,1.384926023200502149e-09,1.152036549831134615e-09,1.334280247052795539e-09,1.415289089849795850e-09,1.793045910939002099e-09,2.212540179627435648e-09,2.223359861907378258e-09,2.160829238491678130e-09,2.126688157359987208e-09,2.637252284207469892e-09,2.524057532810731211e-09,2.581960289104216640e-09,2.758813723876213366e-09,2.590793740358326801e-09,2.568298870507493549e-09,2.324412721748442637e-09,2.351766846728495989e-09,3.052976260699622977e-09,2.845674096470650925e-09,2.860324211222854436e-09,2.763315491056530393e-09,2.428712234648097630e-09,2.538548302885351935e-09,2.780472614848113697e-09,2.702336902484719288e-09,2.438656141348088611e-09,2.554751716537160053e-09,2.855780260447982570e-09,2.828584907924144263e-09,2.957447648715771528e-09,2.962139858854617550e-09,2.920703565871191289e-09,2.995522881729529216e-09,3.312622733076875764e-09,3.572228068759325927e-09,4.241028953281149068e-09,3.470839279988160231e-09,3.500539167876477870e-09,3.596318120739574478e-09,3.774166666736585809e-09,3.865135205298754678e-09,4.334957756042452008e-09,4.357696794436036787e-09,4.171399754783577843e-09,4.011017846356133958e-09,4.061595306613502833e-09,3.773507804993891864e-09,3.682390396218557749e-09,3.344291511069717975e-09,3.521165651193803614e-09,3.782639110910087731e-09,3.640395922639721088e-09,3.482899949559994531e-09,3.603861291894152364e-09,3.909100623516573857e-09,3.972620804303030899e-09,4.058700188905269342e-09,3.428379814452746620e-09,3.391464363785301087e-09,3.719024667974722060e-09,3.241474672017746523e-09,3.442812302285658369e-09,3.472416440498140729e-09,3.253009656260639314e-09,2.782832915103191044e-09,3.411648467751269293e-09,3.886374118666176062e-09,4.030632701261372059e-09,4.137172062700464460e-09,3.995881616771293045e-09,3.870386456812958154e-09,3.853220457125025047e-09,4.052279296274133856e-09,4.015156016716488021e-09,3.844210959145258185e-09,4.125843759778035690e-09,4.029998100554192559e-09,4.274556166151828271e-09,4.802836023048672153e-09,4.933440653988942098e-09,4.346454120696205836e-09,4.255696274499486813e-09,4.637583023936775705e-09,4.654911965097584950e-09,4.772140019814977182e-09,4.729209829398801735e-09,4.381638917992004510e-09,4.251489138757223233e-09,4.625501922731317372e-09,4.740762128475630055e-09,4.356498864878613117e-09,4.259483192647950520e-09,3.840463130043917373e-09,4.208816111334047724e-09,3.888826054366125711e-09,3.482266672138970430e-09,2.977860653300050798e-09,2.893942681820644363e-09,3.081926091479857219e-09,3.038712430605001568e-09,2.814550025890722945e-09,2.899233004970507467e-09,2.551113743778568902e-09,3.036992388725902358e-09,2.613716098622353793e-09,2.816009003617350330e-09,2.925822579717921123e-09,3.117724235067165628e-09,3.043806408945368284e-09,3.048247616265610242e-09,2.867184207389995727e-09,3.302172428831414498e-09,2.812241766016330870e-09,2.904233093874975476e-09,3.014923854731242066e-09,2.986640652848908193e-09,2.948241406077941758e-09,2.729654132938303085e-09,2.465767822084025371e-09,2.541734806969078086e-09,2.268421031916479197e-09,2.429095942829059361e-09,2.792444782839198315e-09,2.481303508455874473e-09,2.517559335398938223e-09,2.754089049274085791e-09,2.783899805804024655e-09,3.008395239444520886e-09,3.119128441364702676e-09,2.716126565151533397e-09,2.417645653455477608e-09,2.486115789562692931e-09,2.698819361389943466e-09,3.010460766447236399e-09,2.841549429924497972e-09,2.850163703206082933e-09,3.005802716780611215e-09,2.887047385140150149e-09,3.116928469750269538e-09,3.095351715856533485e-09,3.282673227529659753e-09,3.258201063360582482e-09,3.448481746648290014e-09,3.303294300277819156e-09,3.166067810609224696e-09,3.545075008705189192e-09,2.927211544791442562e-09,3.248041499397008853e-09,2.830004605855102599e-09,2.702627226399134799e-09,2.976602159030972331e-09,3.235507828637885592e-09,3.281456957369145094e-09,2.973368448798435749e-09,3.036407906495953590e-09,3.148160735662135003e-09
1.120750484686323795e-01,1.139593729809618566e-01,1.117239377875558631e-01,1.252322886639535837e-01,1.224759709534166685e-01,1.220389675538964547e-01,1.224655077791064473e-01,1.204594497255302016e-01,1.206457646911665155e-01,1.158428486567732452e-01,1.162434468234144203e-01,1.220125173109976729e-01,1.176144529887022949e-01,1.163261061555123099e-01,1.201371147784022209e-01,1.127432829823720867e-01,1.074045995211201504e-01,1.020876373942639498e-01,1.035016180038632466e-01,1.041188596110775161e-01,9.919526121898267212e-02,1.012763670964111490e-01,9.781352961093812970e-02,9.399386866075239155e-02,9.679760070911259950e-02,8.917387951954440506e-02,9.510866709438131616e-02,8.831444358773313241e-02,7.310447185961391203e-02,8.104408700962714707e-02,7.370766031778229477e-02,6.795991243660966241e-02,6.557655154490911464e-02,5.513459967565249170e-02,5.964407123169220004e-02,6.668848491843171189e-02,5.649128660211717723e-02,3.814557139593038881e-02,5.724696877911468473e-02,4.840378363383227023e-02,4.495215163231088690e-02,3.871618871427618541e-02,2.330100694362672795e-02,3.299717580665784827e-02,2.442239550630159045e-02,2.430573474410689661e-02,2.838381232441620355e-02,2.669560510545635271e-02,3.641995505222696966e-02,4.877007863881506478e-02,2.973352897013720186e-02,3.293427515908115000e-02,3.067761395752317474e-02,3.233739535298896239e-02,3.172254379273577174e-02,4.306447599751976607e-02,5.191531340048769622e-02,4.464414709256259856e-02,1.678086231096360612e-02,1.747930154767877303e-02,3.204102060489940479e-02,2.286726688206456096e-02,1.148747240360437766e-02,2.085769016468027107e-02,6.964143082176587479e-03,-2.698569849942543050e-03,-2.587872046024490818e-03,1.977216111017506342e-02,1.961691722478944161e-02,2.262201242810851776e-02,1.464628561467775855e-02,2.199506822012265231e-02,3.115113794259867508e-02,1.636590916148019520e-02,2.037869414435642887e-02,2.637106675928205593e-02,2.591353015111065236e-02,1.214036645780388994e-02,1.154982112566369130e-02,5.714243110220554832e-03,1.155848707298981828e-02,-1.105198565490551552e-02,-1.878435921268908210e-02,-2.305179288690698686e-02,-2.868059529331474372e-02,-1.611093981085373605e-02,-1.853125565472912850e-02,-6.240194117289502018e-03,9.097253646149303791e-03,2.562386528907512236e-03,4.384404643927211631e-03,-7.835134097835202288e-03,5.839633682967367012e-04,2.579149319286820272e-03,2.350771939175493649e-03,1.076460122240073709e-02,9.002918148627617537e-03,1.029177207983074556e-02,7.905416944860271800e-03,1.197444352497179995e-02,1.876507656117100409e-02,1.495777818551038973e-02,1.580297151697256791e-02,6.734245473136094354e-03,1.705687064350788068e-02,2.387789139860566762e-02,3.759364409904287357e-02,3.753628044302435157e-02,2.976180025552740624e-02,1.048324912458842295e-02,2.621653800517903532e-04,-1.094094816415593432e-02,-8.912838618645901184e-03,-5.565010790192991344e-03,9.840731344384944304e-04,-3.417398904011830982e-03,-9.732004241454561902e-03,-1.796285258296991330e-03,3.801869171626366152e-03,5.882920026896744196e-03,2.603122056397411295e-03,1.209116019597210323e-02,1.004730360467008185e-02,1.917679143748965073e-02,2.165672620108196819e-02,2.481581983336539343e-02,1.767486665421551251e-02,2.051040268600575617e-02,1.972957708354308726e-02,2.361795601692582430e-02,3.238224159213400066e-02,4.959263968040820980e-02,5.466859287351332614e-02,7.438234110983853176e-02,7.153620637437008156e-02,7.848220021887676590e-02,6.841956400803533844e-02,6.623865670438881803e-02,8.192562902507408151e-02,8.369890103298054107e-02,9.099673593160145790e-02,8.204631004297736896e-02,7.730185065108532982e-02,7.816409907796116607e-02,6.708741826586286927e-02,6.353294305146277299e-02,4.620019882277576206e-02,2.810860647312999130e-02,4.302064583383678753e-02,5.538873467138587942e-02,8.594671933970772504e-02,1.118422353999657948e-01,1.077275721422483318e-01,1.179086304682251674e-01,1.393077278196179491e-01,1.225300844894589292e-01,1.608471475153691321e-01,1.619193153185607414e-01,1.506315415938919711e-01,1.579050162220346776e-01,1.600320923354528746e-01,1.636709851489867584e-01,1.461761810502808789e-01,1.589063294788036207e-01,1.689167424449808386e-01,1.945638659358363831e-01,2.023338408556120127e-01,1.934426755777334528e-01,2.001911335584352081e-01,1.739064183152707055e-01,1.729208991838575293e-01,1.693544221311058806e-01,1.737568475802751811e-01,1.795236380762082196e-01,1.806906775840550483e-01,1.812984795447339370e-01,1.760435241171444953e-01,1.695225828377809885e-01,1.672802573788316483e-01,1.537449494671093708e-01,1.414407907028469857e-01,1.415040634767911476e-01,1.533816283896466681e-01,1.556722077103088464e-01,1.350343845640748497e-01,1.343782164136512747e-01,1.225789434011750473e-01,1.011898535551211120e-01,1.037293930753090815e-01,9.246764259340292669e-02,8.926316902021301514e-02,9.875882005396632857e-02,8.685093536611301901e-02,1.086307036891669270e-01,9.758803896405676692e-02,1.088874883337192789e-01,9.297368448724122048e-02,7.573553956290106359e-02,8.395686367653817928e-02
1.057712203302757781e-01,1.049194342127558605e-01,1.045716466046958393e-01,1.024585238547145588e-01,1.062321964097865112e-01,9.821571936030629169e-02,9.517754645974328687e-02,1.007485425689790270e-01,1.094295349554422897e-01,1.231702947667692588e-01,1.426270297077268934e-01,1.436680701132606042e-01,1.530940016692333705e-01,1.618469433059065432e-01,1.664815399425429443e-01,1.587018349222725500e-01,1.544841803360769705e-01,1.479166514778662289e-01,1.452892995772389340e-01,1.371899989930695229e-01,1.161268716379518229e-01,1.071475679536576797e-01,1.115455342106639602e-01,1.208786705745188844e-01,1.197904734737092469e-01,1.204457090670289499e-01,1.246780086615185690e-01,9.727176526710464011e-02,1.109688692624168221e-01,1.070366228855244572e-01,1.124525155276291793e-01,1.107943836400492876e-01,1.000725559243816620e-01,1.078644742377811716e-01,1.034033301113838899e-01,9.115015884666693990e-02,8.875030535787066521e-02,8.688814155859296562e-02,9.147663175173453842e-02,8.802234085260374208e-02,8.043620151292987797e-02,7.647462111449676581e-02,7.608649235745662542e-02,6.992855981859966152e-02,7.200495378140857328e-02,7.644070876047651120e-02,8.946930552856091623e-02,1.015344410720566415e-01,9.549604445375561856e-02,8.958552502403108186e-02,9.426229363487123591e-02,9.509479822307866093e-02,9.326559673614664980e-02,9.388237691125331241e-02,9.395935866351300125e-02,9.633286708721812419e-02,8.256024957522720142e-02,8.374030707294086162e-02,8.946043051210830765e-02,9.498835666474517159e-02,1.018169416219176504e-01,8.755135831092371312e-02,7.982947207619618679e-02,7.495462841311846536e-02,6.816899342987721433e-02,5.886104874107667140e-02,7.489678501249422138e-02,8.083068083597676201e-02,7.367108762260667076e-02,7.110570286510468907e-02,7.156508737829470057e-02,7.734019906632304264e-02,8.106151351895850288e-02,7.976081873501822406e-02,7.945487245055303516e-02,8.292177833565757272e-02,9.246026999320505757e-02,8.403072778289893963e-02,7.669832601844168984e-02,7.886513335972294980e-02,7.690746055906877432e-02,7.587090590933494305e-02,9.535055364240949127e-02,7.616654831435540340e-02,7.157887135734469775e-02,7.065794972254511863e-02,6.341776752791078442e-02,8.434195326124158121e-02,8.764346248244335447e-02,8.522722101723087529e-02,7.366306489425766824e-02,5.244908153051541094e-02,5.504640021999951394e-02,3.914100716859011952e-02,2.426464219748949644e-02,6.876683088572994179e-03,4.228429294060349550e-03,1.151599323490102005e-03,-1.344607059900882785e-02,-2.875748341999768282e-02,-1.520594748986818685e-02,-3.229257725114957622e-02,-4.874330206927614262e-02,-4.845666384497400447e-02,-3.155513856659544064e-02,-2.396877993045212069e-02,-1.055861431810999410e-02,-1.463521100034831206e-02,-2.563061677037434954e-02,-1.684397340583041608e-02,7.518893485890468936e-03,1.216784086183252123e-02,-1.986565794675675817e-02,-2.705197590935358443e-02,-1.716187438975474294e-02,-3.082765379502451497e-02,-2.657879176562284729e-02,-3.023561047064156349e-02,-3.530113523089413452e-02,-4.689668992927832625e-02,-2.178558142884768831e-02,-4.488843172434899692e-02,-6.047708234333894206e-02,-5.907002522011584739e-02,-8.084667609736451155e-02,-6.030867018180614825e-02,-6.293869186069989130e-02,-5.698157905971572290e-02,-6.459427908463698242e-02,-8.857876338788230053e-02,-6.117363049014956644e-02,-5.514719648788125872e-02,-5.932147586484961405e-02,-5.469685272536698589e-02,-7.226634063765245697e-02,-7.197547548422883468e-02,-9.736807448605089288e-02,-1.177564122462795848e-01,-1.165177153511172403e-01,-1.149905466748190330e-01,-1.244075518846542161e-01,-1.341358937296325271e-01,-1.256172151850988294e-01,-1.133075288689858739e-01,-1.075431284130441145e-01,-1.055244127311949914e-01,-9.010834511281030912e-02,-1.013931885332895327e-01,-9.575705146221427655e-02,-7.103603720209600292e-02,-7.055903250300736562e-02,-5.881118748399918189e-02,-4.186513499182978326e-02,-3.325659501069339052e-02,-2.719717141402019575e-02,-9.716664204655368897e-03,-3.266319904457286316e-02,-6.572992957837188455e-02,-2.178469576724887530e-02,-2.079009921042193620e-03,-1.448467403939902691e-02,1.436374422385169360e-02,4.671648900682382616e-02,8.128672520760979459e-02,9.440349647268886368e-02,9.881236204048507443e-02,1.248323767283101432e-01,1.322557695558308211e-01,1.734652940838775637e-01,1.507679257354987701e-01,1.913521300958804516e-01,1.553329033239219115e-01,1.419996855279699877e-01,1.379166478262650597e-01,1.254708049124703406e-01,1.108311386049759817e-01,1.102807727297493989e-01,1.390025513596679918e-01,1.181273578492356285e-01,1.092763948768346594e-01,8.685081337606066765e-02,9.435809827209297451e-02,1.031770378249029785e-01,1.220392535645147825e-01,1.158575105901728242e-01,1.225005402890966960e-01,1.590235313483796264e-01,1.783139118311637406e-01,1.390679211926247327e-01,1.713489536686851056e-01,2.013792202088402483e-01,2.099264484923370200e-01,2.415028088271188311e-01,1.900590497853646699e-01,2.228731856152628144e-01,2.426999367700509169e-01,2.093549327188481413e-01,2.093829178240415589e-01,2.195058697303649553e-01
3.307179091878128530e-01,3.141424028010149638e-01,3.305908748446849676e-01,3.255102755040618634e-01,3.209282255184868760e-01,3.103538300316295295e-01,3.102027198072086489e-01,2.891126761442583404e-01,3.035251445673856630e-01,2.977427161784141352e-01,2.966127957153859018e-01,2.902895903921436371e-01,2.875224737961944999e-01,2.723469340981961029e-01,2.548391751892441492e-01,2.655240358023810421e-01,2.590848373052654363e-01,2.573628216881984621e-01,2.691216922983120652e-01,2.651372091441820400e-01,2.620216911761546474e-01,2.477313443129633697e-01,2.321413761973036005e-01,2.607025421400918641e-01,2.812273109121942172e-01,2.799612532691472255e-01,2.574168620423744613e-01,2.617244723313576493e-01,3.053535678466553493e-01,3.159169144075906766e-01,2.887221001692847899e-01,2.641922831234552183e-01,2.701237265155614908e-01,2.523067467699871558e-01,3.025367786477419774e-01,2.943431696339789960e-01,3.043127594602461627e-01,2.936891375218091960e-01,3.261856595868422026e-01,3.095716134865176272e-01,3.373184011580093733e-01,3.280308267132845401e-01,3.398955553759444026e-01,3.273598415259504346e-01,2.822271219147701737e-01,3.194910238264559443e-01,3.330575927525346591e-01,3.034376609724014351e-01,2.918307272938531205e-01,2.974729667611713535e-01,3.051388728483798163e-01,2.955733243264729304e-01,2.331844102326606216e-01,2.745222759534237666e-01,3.044352326717979507e-01,3.246001350932057883e-01,3.373707304819195119e-01,3.445020704596730710e-01,2.957160842062827033e-01,3.117713239195620267e-01,2.983900418500914919e-01,2.720056070203953902e-01,3.075955510265788728e-01,3.377376165997383328e-01,2.945443691641735917e-01,2.940929368157481072e-01,3.101558693349347196e-01,2.815658362472109877e-01,2.480509019517287417e-01,2.432753020126660337e-01,2.935074312422928378e-01,2.888201922025219748e-01,2.889137270251845302e-01,3.071777410571728817e-01,3.376228560985165550e-01,3.251273482806434356e-01,3.591525045595312937e-01,3.376852146443675706e-01,3.228150720398780815e-01,3.244533805258906223e-01,3.214744760823932679e-01,3.035146176751122860e-01,3.104303502674242154e-01,2.733697902057578566e-01,2.201064269565705667e-01,2.291447121597034176e-01,2.213240529607458928e-01,2.320427942180422198e-01,1.908233398214514986e-01,1.745632920566369262e-01,1.827473340474504993e-01,1.703428168632855899e-01,1.522795554964062603e-01,1.359215178469886931e-01,1.474988415515124940e-01,1.583476369875394807e-01,1.702205280209927452e-01,1.806224395097195123e-01,1.813641005050683486e-01,1.575404506007889449e-01,1.517796733526777797e-01,1.444553950220363314e-01,1.105405781216725891e-01,1.370909908681255118e-01,1.343212186027080701e-01,1.574355332046624423e-01,1.258753011399393329e-01,1.313150099354246370e-01,8.080645794988867980e-02,1.041734270234707244e-01,1.439005346999107371e-01,1.787266289332912483e-01,1.706684656500881692e-01,1.074488513174712695e-01,1.165467870665505973e-01,1.085562836235731687e-01,1.214590467276421837e-01,1.420455876684701413e-01,1.069889165782706431e-01,9.947237677178957793e-02,9.239606804833469522e-02,1.087894252085191138e-01,1.179422161517538203e-01,1.592668312760046057e-01,1.835774560499364161e-01,1.972199645514416400e-01,1.872534484654825859e-01,1.982897901416771635e-01,1.706135196927023312e-01,1.206184770860152661e-01,1.292536167232199440e-01,1.176787927272470585e-01,9.006149045287772936e-02,8.721702195496038035e-02,5.522323238461155498e-02,2.109780859004613957e-02,-3.374426229112483661e-02,-3.879506781563962781e-02,-6.457142026538797985e-03,-1.078806150088194166e-02,-1.897064104151331004e-02,6.262047725622998939e-03,-3.770183374300464796e-02,-5.815542832594990802e-02,-6.651840841132422577e-02,-5.014147692108261722e-02,-6.594918367588828434e-02,-7.429616551582442219e-02,-8.847794068728068173e-02,-7.639828410434384987e-02,-7.242038178584808694e-02,-8.340021424272012207e-02,-7.263547057807194507e-02,-6.857929186999671411e-02,-4.170546731052157674e-02,-6.603609211484001706e-02,-9.528302961839789365e-02,-8.611364948194157043e-02,-9.820408225662256851e-02,-1.206330241643644580e-01,-8.607832892920941337e-02,-7.736872923131632440e-02,-8.279511168851899638e-02,-6.652390812540227849e-02,-9.500002064091453424e-02,-8.888510940045454833e-02,-9.501191798645157449e-02,-1.183760974694419016e-01,-1.132300183954502576e-01,-1.056272772407023386e-01,-8.803976309221339669e-02,-9.602224241392638693e-02,-1.132295548516050743e-01,-9.257767888375768861e-02,-6.976679470470828481e-02,-8.882127499946040894e-02,-8.780874979869029984e-02,-7.002444127459978018e-02,-6.829988391522992530e-02,-7.197874821448048410e-02,-7.594409753834270582e-02,-7.830531392816304781e-02,-9.779162897806067956e-02,-1.019153109281171338e-01,-8.435593831160929923e-02,-9.999323781343608109e-02,-1.309021442560306947e-01,-1.137194485846854397e-01,-1.357796915867877652e-01,-1.313549361561472950e-01,-1.316095735245719212e-01,-1.284873691191629197e-01,-1.507624816800142986e-01,-1.714604971962380431e-01,-1.610417990257452525e-01,-1.899533476664406750e-01,-1.624036752732023192e-01,-1.826739655435858922e-01,-1.389712523661252586e-01
-4.439243834328398659e-12,1.536198542795563007e-10,3.806594424942746227e-10,3.318971776817671508e-10,4.779029928519804638e-10,4.531613001861291471e-10,5.837190066260896804e-10,6.044928751336344757e-10,3.913772018216510942e-10,5.977018127039319425e-10,5.817610233351217742e-10,5.546303202335268960e-10,5.154284828920513087e-10,3.901397358121877751e-10,4.167495324961625737e-10,2.988845497720575698e-10,6.272199986794499215e-10,6.663250048657926274e-10,6.587676710977928043e-10,8.403414931775207843e-10,8.240168948690955007e-10,6.257042156468216139e-10,7.030817092783850903e-10,7.358739488258707643e-10,5.765321233995142152e-10,9.741366970167419891e-10,1.005797928276046894e-09,1.133196145994035833e-09,9.642888479615364565e-10,6.502853808073662567e-10,5.378159693416757440e-10,1.431263765330056437e-10,2.033147202676046939e-10,1.090674843736450949e-10,3.065171666914935988e-10,4.029617811586961880e-10,6.015258892250620293e-10,9.229093052302928484e-10,7.989839255157775890e-10,6.958653269861044455e-10,8.875528036780691031e-10,9.340551202066637906e-10,5.618200670239482212e-10,5.820919702401223534e-10,9.307956325087980635e-10,8.708013240460325969e-10,1.103981686295099838e-09,9.602304849958842508e-10,7.138236187665763248e-10,9.898774724299117033e-10,1.047409212407750918e-09,1.280658046086090707e-09,1.305550716725383041e-09,1.711598603086686010e-09,1.783773627274761420e-09,2.077423695316508737e-09,2.415014881256954854e-09,2.670863190679980888e-09,2.630582285741523137e-09,2.530556285027131412e-09,3.205935190310127457e-09,3.404974371918236707e-09,3.067408491167371826e-09,3.368202270081912791e-09,3.505050789298862287e-09,3.579726238463946493e-09,2.642037505633845817e-09,2.585015764731072713e-09,2.671940618515170320e-09,2.079074121318381644e-09,2.208328569079968780e-09,2.530262772074269166e-09,2.288776971019307347e-09,2.315380746047498753e-09,2.536002375041381222e-09,2.589311770831744014e-09,2.829750891523454629e-09,2.935324497465785307e-09,3.047634528783161347e-09,2.773762215844860551e-09,2.697202034531269647e-09,2.610536128034951691e-09,2.848564073541472948e-09,2.942803329093431512e-09,2.877783301595739535e-09,2.669466701234853339e-09,2.147583111725928623e-09,2.341813479049695202e-09,2.130124516001849346e-09,2.148693965504350769e-09,1.779644417290871939e-09,1.928578160164699565e-09,1.586092185595642175e-09,2.031364608863694925e-09,2.233921744699031464e-09,2.222427874335398316e-09,2.075177581935641756e-09,2.359300019524340125e-09,2.034884152398465594e-09,1.637978894892684796e-09,1.409217841319438601e-09,1.567267174786914382e-09,1.900112832272703920e-09,1.713044985834845979e-09,1.155958708816776088e-09,8.755363362049621336e-10,1.129431850247283025e-09,1.140548211193538745e-09,1.467784904981263019e-09,1.131994204829532709e-09,1.194518464836641976e-09,6.948958879329290459e-10,6.060229703034239497e-10,9.105559658031503157e-11,2.096943121015275374e-10,8.238846020477052732e-11,-1.802164758186327735e-11,2.731599844876510505e-10,-1.456474999187242706e-10,1.797365639429214859e-10,-2.018391578204858221e-10,-3.797049011279777105e-11,1.573262323697850543e-10,1.624335390740079875e-10,-2.882679337327274361e-10,-5.800909770009943733e-11,-1.806669813424874540e-10,-3.535519811515876291e-10,-1.497274097753022549e-10,-2.494736788826676644e-10,4.615409303702268591e-11,-3.656080765704984994e-10,-2.673846430732656972e-10,-4.853160267465511865e-11,2.882779773478703160e-10,-5.792555210384409096e-11,3.156637285139679034e-10,-1.400249029568194576e-11,5.128423137206828089e-10,4.745222261173633440e-10,9.084407244839138904e-10,9.017152890355060330e-10,1.506772194406339211e-09,1.975691689870597633e-09,2.084531332976517997e-09,2.054876568462641884e-09,2.025137188332574690e-09,1.845653602063572066e-09,1.966020894659166594e-09,1.979351033868491734e-09,2.029214847754905426e-09,2.136013623898913279e-09,1.757497579884774521e-09,1.802384298938642343e-09,1.893635643930460457e-09,2.183321857007244287e-09,2.227081101419856002e-09,2.365704404256757010e-09,2.878468985652642003e-09,2.466901863672458420e-09,2.367005834018311803e-09,2.299006807081611220e-09,2.048619555719176557e-09,2.424957591613403466e-09,2.523938318578836535e-09,2.575522457862231129e-09,2.802720783108710774e-09,2.295313669883335293e-09,2.538801944556690997e-09,2.722299555179780035e-09,2.751407067704793510e-09,2.965235558892317541e-09,3.156191169063778037e-09,3.646035613521941117e-09,3.231549924849455247e-09,3.574761864284926870e-09,3.738423442784957085e-09,3.196364242328069828e-09,3.085534081115845731e-09,3.118529303832531438e-09,3.490512921705478873e-09,2.847724132900039143e-09,2.472359089405974523e-09,2.758681118874144999e-09,2.697606424167022766e-09,2.746326446065584561e-09,2.566097489914206736e-09,2.343111201001253904e-09,2.294602666477346330e-09,2.193906822406152830e-09,1.947690124018053027e-09,2.170006128687536885e-09,2.612453577869228065e-09,2.657035380532460559e-09,3.177514267217915236e-09,3.034294858630232344e-09,3.070693975653546197e-09,3.164820300014560787e-09,3.117877581650258373e-09
1.128807011427119533e-01,1.143429361433646874e-01,1.252970974038523089e-01,1.268824442015226150e-01,1.275705311676636200e-01,1.255174499581598879e-01,1.248362541327191627e-01,1.145655409372209471e-01,9.677029225303643289e-02,8.895745117153917858e-02,7.837627974926979213e-02,9.220814015349002024e-02,1.010018112649502531e-01,8.488903039179233889e-02,8.271966966470103988e-02,7.398552334814728626e-02,6.788301549673561586e-02,6.885178801861881193e-02,7.078414307549299456e-02,7.454142000589467076e-02,7.426491542576545146e-02,7.872817599876405503e-02,8.890920932447435310e-02,8.802234616746844320e-02,9.095459887923218467e-02,8.801354971738481470e-02,9.819584087552957197e-02,7.560895508318904445e-02,7.632703086424630357e-02,7.721580582827390626e-02,7.260333297522739149e-02,6.885617781917899305e-02,8.746380195239179811e-02,1.065354035053328041e-01,1.129226459825595913e-01,1.041224173825320426e-01,8.956878491009127863e-02,9.291654377703487122e-02,8.449929023381730353e-02,8.073446213110295477e-02,8.399910357841189334e-02,7.444785255669833512e-02,8.031468214213814683e-02,7.922523851462857924e-02,9.108196683450064945e-02,7.124403811063377556e-02,6.833117462301883938e-02,6.551172397502738609e-02,5.753220553680733762e-02,5.466244880370460524e-02,6.126679963467209639e-02,6.384560979079401122e-02,7.037014742228953068e-02,6.265911001994492469e-02,6.217696182932094112e-02,4.970546015438948029e-02,5.537701841380909124e-02,5.725079470237801754e-02,6.526026205977308869e-02,6.651249269610881587e-02,6.355589002628368733e-02,6.510208568029947351e-02,6.873408070003715620e-02,6.890894292699295542e-02,5.889923288841688448e-02,7.375117779587131439e-02,7.357149214791262881e-02,6.785341070462315438e-02,7.493826476726608843e-02,8.332968040279979671e-02,6.873416463010037503e-02,6.527474501944084684e-02,6.599946392974044562e-02,4.923174359577195403e-02,5.543809187005064448e-02,4.683850010198525177e-02,4.619503663674347227e-02,7.843295105553084456e-02,6.884929737187915622e-02,6.312925803719952877e-02,4.161883983945770249e-02,5.513228345297373212e-02,4.495990323169787861e-02,3.202407331058476636e-02,3.541099992449139866e-02,3.016030646269191387e-02,2.276508845682622198e-02,2.070801576145387887e-02,2.549147407720469410e-02,2.278738870423636237e-02,2.855150727675170169e-02,2.759532738373821417e-02,3.378493151714052900e-02,6.594968431719021307e-02,5.189535857711246453e-02,3.813295624785605076e-02,1.855662689812543828e-02,2.298150287401261663e-02,1.276133924377066686e-03,3.212572786562882012e-03,-1.749097461953970020e-02,-4.689933251516691798e-02,-2.416731868560909047e-02,-1.543197139608002907e-02,-7.473039567162749822e-03,5.936341147051969053e-03,-2.281163806951740439e-02,-2.913593490757407020e-02,-1.169720844075592542e-02,-1.606569599230599915e-02,-3.314617032207686775e-02,-5.522040589998845894e-02,-5.037210205570175070e-02,-3.005330418838551496e-02,-2.475899967817945038e-02,-1.080088841788909293e-02,9.210681904121539865e-03,2.455111749963830026e-02,1.247203238947605479e-02,2.055395468348174964e-02,1.178987170550406180e-02,-2.269843309555650765e-03,6.386298628048474660e-04,-6.658340919659683915e-03,1.083044681324464228e-02,1.543483465598279210e-02,6.062539196356469748e-03,1.239708316781917147e-02,-3.752465275950869761e-03,1.450869127887949826e-03,4.732924438411164475e-03,1.297160791750245727e-02,2.553805003792919415e-02,6.586106079515818834e-03,-9.739089467498494163e-03,-5.850382902021791787e-03,1.102561365943667548e-02,-1.302666177821989318e-02,8.876642209882889406e-03,9.291283097667144344e-03,-3.050462528014054667e-03,-3.322976591278198333e-03,1.390351421029709447e-02,1.809169380375778846e-02,2.469926602151138739e-02,4.640961397980961078e-02,3.697707877818621341e-02,2.793561569327590588e-02,5.044234321359454543e-04,1.477428120396560157e-02,1.182581688887382639e-02,2.203693901935175475e-02,1.998759955433744920e-02,1.091594426740248418e-02,-3.188661525692871451e-02,-8.013150545093643967e-03,-1.511272478881406887e-03,7.120420141825077424e-03,2.431402919594230841e-02,3.845783662746751763e-02,4.645766840382160867e-02,5.685750115495970952e-02,4.694369309767866538e-02,2.496706436636846049e-02,1.603523386383417029e-02,2.380288391998476236e-02,3.176535719278476139e-02,5.599789583221376210e-02,8.045943566058537388e-02,8.714876560062245758e-02,6.551518785382109966e-02,8.261843594734835650e-02,1.366397837188754461e-01,1.309177547958801369e-01,9.778959848123922050e-02,7.059230927384253784e-02,6.528070559941004380e-02,8.077378359339945635e-02,7.246218051753629263e-02,6.437703964687324643e-02,3.716474396360054666e-02,3.299677175812689572e-02,1.007805884104993541e-02,6.615991223008934122e-03,3.087754548630761847e-02,1.524724127167100332e-02,2.384991967306132957e-02,1.105354416795979039e-02,9.482510246121577530e-03,-1.306188961513625457e-02,1.046906534921092716e-02,1.435384954421763636e-02,1.877032915834362520e-02,5.707603983100903097e-03,1.252586476951908848e-02,-2.609197197076557062e-03,2.602317946275368651e-02,4.515687459050811425e-02,5.308218741622054704e-02
9.990574713891860025e-12,2.050934559292646105e-11,3.701364158412644798e-12,-2.498345453183688397e-11,7.586009656172303899e-12,-7.440535428352205962e-11,-7.125193065690317206e-11,1.140328742322410876e-10,5.612555629052617250e-11,2.631432475140470513e-10,2.262824656283261743e-10,4.303563877992339690e-10,4.639208335156812429e-10,8.812132258895246924e-11,3.433971341456845338e-10,3.691917095434014316e-10,6.715757528037226487e-10,7.759355041625555699e-10,9.662373070213455433e-10,1.060860916617989512e-09,8.294580019579682852e-10,6.468132651505808163e-10,6.108295701437803236e-10,2.975096113094940759e-10,4.392724719176121431e-10,5.535471619295522008e-10,5.241790100335744113e-10,6.778743694966901528e-10,4.926572763889944390e-10,5.967218311549677502e-10,7.015688126311930391e-10,4.279668494058045269e-10,3.460884657208502443e-10,5.829617965244211333e-10,4.325712430554119623e-10,5.323293817102682844e-10,1.654711309751530051e-10,3.271219175762574856e-11,-1.009370234194679251e-10,-2.405866468864222369e-10,-6.025461278205629056e-10,-9.752181830727073776e-10,-4.270400104579954800e-10,-3.243733305372677503e-10,-3.465913112332261355e-10,-5.887526246701828942e-10,-3.536937153151483699e-10,9.967502382533329977e-12,-2.975977833284124214e-10,-5.962014480098043932e-10,-2.326684253461893018e-10,-7.611133650831180739e-10,-1.058236611576097793e-09,-1.000386610179385377e-09,-1.247200014307348485e-09,-9.092184932566513106e-10,-6.404908939066441267e-10,-4.787257494069130000e-10,-7.341218496504641973e-11,1.125930148324812802e-10,6.509661177694109677e-10,3.724414334218318189e-10,7.212971301773909671e-10,5.283238934359036933e-10,6.445472261301184067e-10,2.415825528949464867e-10,2.894315335893846708e-10,7.203687880035802067e-10,1.007384905906294153e-09,1.600069434680837637e-09,1.953271837147979419e-09,2.430800633703435291e-09,2.476363060072438999e-09,2.314014355918984030e-09,2.575264057768357231e-09,1.833048475521181195e-09,2.089871953875953431e-09,2.391861392325795555e-09,2.856614412253878285e-09,2.992197116814697921e-09,2.978578462157942197e-09,2.972931058189078876e-09,2.816330965572737365e-09,2.967906466005890721e-09,2.726917662730097046e-09,2.575494272829920907e-09,2.821650607757530006e-09,2.866649908577721701e-09,3.134082638431984613e-09,3.066643940666468772e-09,2.734782335129446011e-09,2.667258718135021877e-09,2.695114438498758324e-09,2.935849024736041754e-09,2.843837203335994503e-09,2.252697783784994355e-09,2.397468482079954176e-09,2.541767811540704920e-09,2.831790859116504419e-09,3.113590756231387745e-09,3.225726939111300107e-09,2.956307983518554387e-09,3.137307406431978800e-09,3.097519734540023917e-09,2.904913647334504750e-09,3.414949593679163411e-09,3.347761197727900291e-09,3.561905203742531405e-09,2.940095208323657044e-09,3.046594431245834927e-09,2.962186894608370105e-09,3.168465408963012412e-09,3.369677017987214644e-09,3.189372279240417354e-09,2.996325462142944731e-09,2.860527634801897436e-09,3.240476994161291711e-09,3.214387741374661645e-09,3.053271459972242335e-09,3.265450741465739765e-09,2.800144318730647119e-09,2.790616989462968350e-09,2.549859196910730505e-09,2.450000845304768863e-09,2.578790471650961274e-09,2.232206374033955378e-09,2.564085144815204301e-09,3.001653366363969822e-09,3.866637684477415956e-09,3.865380634122894261e-09,3.839987548481399107e-09,3.626103974003746715e-09,3.589356374154916906e-09,3.862186483340569227e-09,3.559659865037344111e-09,3.694321426606194661e-09,3.360615697947473936e-09,3.510990642114644273e-09,3.470218243301439180e-09,3.483935323394605825e-09,3.434372376771408867e-09,3.026569066740009672e-09,3.555599219821830512e-09,3.537381157003459481e-09,3.023726715187467879e-09,3.320592839962260549e-09,3.689859012060372747e-09,3.985070900459886829e-09,4.002215753308878942e-09,3.889942940106445506e-09,4.029866283506533011e-09,3.867686368676219925e-09,4.816973364803772659e-09,4.358811348810583537e-09,4.090582441423018934e-09,4.477318951056716697e-09,4.469395829632887450e-09,4.421863273535573174e-09,4.168373465751216665e-09,4.604432152435739042e-09,4.563255141755946945e-09,4.859409081135976968e-09,4.880750430515481770e-09,4.449922663349634115e-09,4.295061672483568480e-09,4.066528778983093067e-09,3.902806098016695191e-09,4.192084928646680099e-09,4.110747504024984890e-09,4.016268771819921764e-09,4.297691833456644221e-09,5.105596915598043143e-09,4.646907680745901058e-09,4.578639325794276621e-09,4.477868423055499675e-09,4.466037890041727049e-09,4.886394786804264791e-09,4.702669458358988155e-09,5.082970239341642514e-09,5.585861390818811376e-09,5.285739996144471449e-09,4.951168483292199752e-09,4.948588666419381049e-09,5.523537932765257153e-09,5.887505424548908075e-09,5.639803326144403684e-09,5.103753891241950519e-09,4.568938374385737375e-09,4.391798058695105745e-09,4.420456071511381736e-09,4.550761413032011080e-09,4.874970514506397432e-09,4.750964957642880261e-09,5.048547005775780127e-09,4.890271237698416320e-09,4.608768260706502098e-09,4.043954699596267338e-09,4.022545800057266371e-09,4.464422080894861706e-09
-2.657058866909787228e-11,7.907766008302119036e-11,-8.592116164446002483e-11,-7.754849314531352815e-11,-1.651744971378763399e-10,-2.193540221275605360e-10,-1.600844951236214138e-10,-1.468828872727781941e-10,-1.057537986316552185e-10,1.879666286917994934e-10,4.328080355507199067e-10,2.577745590510130883e-10,4.008744889038161437e-10,1.669383706057155890e-10,3.709874381767362990e-10,5.974257874574717238e-10,5.417384437123320074e-10,5.361189858119915422e-10,2.525386415977431206e-10,2.703429343021833153e-10,1.502538118887429683e-10,6.425247249628147437e-11,3.858971103575732011e-10,3.496211698056926055e-10,2.268940387591635113e-10,5.710865548883011465e-12,4.478653318176100034e-11,2.295165742057085989e-11,-1.695645929234747192e-10,-3.232374200446066421e-10,-6.644413416274683489e-10,-3.692841612471824611e-10,-5.099065588434929667e-10,-6.767835727366120727e-10,-4.280777865816190566e-10,-7.119924545324359685e-10,-3.985573617811653174e-10,-5.067514062129535439e-10,-5.565390894610256593e-10,-5.164520025497369098e-10,-6.223349760449901867e-10,-4.878888512717255714e-10,-7.777049773824810103e-10,-6.389724638837154589e-10,-7.824274744537319681e-10,-4.685293611975164834e-10,-4.586962731608720925e-11,3.349173526992111593e-10,1.257750784282697569e-10,3.036824187642186924e-10,5.224573056410723803e-10,6.621085517591568968e-10,3.447747492405854911e-10,4.462535107300781976e-10,8.214316077061634986e-10,9.233564586047275138e-10,1.171984942895539120e-09,1.342840816182616088e-09,1.339579079492226368e-09,1.157147828210099370e-09,1.175655459126149332e-09,1.501211628274341030e-09,1.207746057252082965e-09,1.353085146960673559e-09,1.971497210697776731e-09,2.215575524187834509e-09,1.957132123550958753e-09,1.908994878199096560e-09,1.957347841529996235e-09,1.694078349445318218e-09,2.372950446353023027e-09,1.771506505939175138e-09,1.578563686582214069e-09,1.326294100679140762e-09,1.525675253415914908e-09,1.361049495721347293e-09,1.576444864444192373e-09,1.332977803819023202e-09,1.423578520837502362e-09,1.502306439764720901e-09,1.491454066005293968e-09,1.471437845323778606e-09,1.404802202064848184e-09,1.666518237598245489e-09,1.670761591554808775e-09,1.996580148097675455e-09,1.727874204923715922e-09,1.774142274561789840e-09,1.452329911359566980e-09,1.004138401456482164e-09,7.365464262613340115e-10,6.018834596500116116e-10,6.895380945327693800e-10,8.570236673183261716e-10,1.232903871759140220e-09,1.183072105711981546e-09,7.646448829959924296e-10,5.695059852898295419e-10,6.546996781915483080e-10,5.829886478139744888e-10,2.938823779805823359e-10,5.211963957448686845e-10,2.236104392294448757e-10,-1.589491335460724722e-10,-4.443061381896311249e-10,-8.194207154480605041e-10,-5.850348052427570334e-10,-7.889602868695674205e-10,-6.636865063968711221e-10,-8.161421951425470971e-10,-5.804960055215423389e-10,-3.164604761896949019e-10,-1.988505956829462968e-10,-6.285718788522863121e-10,-3.840905511956618481e-10,-9.146100817044922508e-12,7.684354690624233656e-11,2.895230634724896660e-10,8.798642045413362250e-10,8.526562677785490384e-10,6.132200435037590762e-10,4.055861829529319938e-10,5.626721988525822657e-10,1.699462563566200274e-10,-7.812883055916078409e-11,-3.949600139880622527e-10,-8.201728539933405009e-10,-1.182842207788682500e-09,-1.261745622434407681e-09,-1.372339861979648797e-09,-1.862221619330030218e-09,-1.653998866024710398e-09,-1.240229250995022937e-09,-1.708332155835977490e-09,-1.347184159242592297e-09,-1.431819938111926198e-09,-1.743712346748117363e-09,-1.739991536957152156e-09,-1.690184987205344604e-09,-1.549322683834938492e-09,-1.919050909473997944e-09,-1.416207959880467050e-09,-1.284989490362132360e-09,-1.560088238045256980e-09,-1.737477665526810571e-09,-1.843495816357600009e-09,-1.922422541574213843e-09,-2.373537526560069348e-09,-2.241883889934582293e-09,-1.530999394497225231e-09,-1.992091875731916777e-09,-2.166637881599504202e-09,-1.876216017184974935e-09,-1.563325810801917034e-09,-1.460930545371155411e-09,-1.324227691900523283e-09,-1.298823889652783729e-09,-1.669515704543434389e-09,-1.629387191608715733e-09,-1.609169015552392653e-09,-1.062033917205771473e-09,-1.037617867056871119e-09,-1.090298085841300480e-09,-9.623331244609204892e-10,-4.522737256743708633e-10,-5.853687060450524759e-11,-3.039638536476647621e-10,-5.460557341723673326e-10,-6.524112414082789906e-10,-3.816600836488939093e-10,-1.710848288902267039e-10,-2.121397795597035014e-10,-1.942909869023881283e-10,-3.599736555013160627e-10,-4.530838109203172364e-10,-9.355397362306402474e-10,-8.569360598736481256e-10,-1.015907995746692343e-09,-1.014257949883766171e-09,-7.912765841535991929e-10,-9.643373447896103984e-10,-5.322624722566432390e-10,-4.265389868996570186e-10,-1.634994019697711059e-10,2.609520642151849005e-10,4.196450714026829971e-10,3.413253538464734613e-10,1.235883082053822920e-10,-7.732365383263277295e-11,-4.329211514329550066e-10,-4.726448984976672759e-10,-3.595403572492233657e-10,2.122220363305586184e-10,8.820269169859093926e-11,-6.356444227751173689e-10,-4.178058237632829801e-10,-8.611226031923325769e-10,-6.149559029470104823e-10,-2.443882115149352375e-10
1.041145566442030768e-01,1.209838882460683024e-01,1.044669025051794820e-01,8.405449077010880565e-02,8.514484519764610460e-02,6.207226634680441946e-02,7.033516239888402966e-02,7.562578543728916414e-02,8.045546619056323512e-02,8.432450529315277388e-02,7.829354962291164288e-02,7.600139918134671269e-02,8.063335178751683541e-02,8.988438803348450246e-02,1.070034218875288712e-01,1.204655299361337417e-01,1.287946045295448316e-01,1.335535381551618272e-01,1.356508113440235697e-01,1.549375254294557136e-01,1.523449505092306644e-01,1.980344975440908595e-01,2.119197108900311155e-01,2.243891596940014443e-01,2.170557570374873624e-01,2.236018448379216428e-01,2.290208375584575351e-01,2.385286896217902464e-01,2.380911376969915005e-01,2.377028501287480611e-01,2.403691938659554550e-01,2.361128792619621164e-01,2.271382605106435359e-01,2.242569974995467230e-01,2.292003617864681597e-01,2.305281751516038702e-01,2.340855659289420854e-01,2.369339642025995452e-01,2.518551908004494355e-01,2.601171279562794481e-01,2.498585284897250347e-01,2.563245597476507820e-01,2.620671497208443279e-01,2.673099488159165760e-01,2.678102604653282981e-01,2.693301678040207481e-01,2.808227430164231819e-01,2.890255224501294129e-01,2.975479869906197394e-01,3.088206813047687516e-01,2.848112764078336578e-01,2.957903283365207470e-01,3.130896443534522122e-01,3.149476616404431883e-01,3.210985876672486361e-01,3.093448022137238462e-01,3.086988480622002151e-01,3.143181572246780964e-01,2.975503034757505105e-01,2.693552325576619721e-01,3.138078530671899458e-01,3.004000784413480285e-01,3.062026455159502225e-01,2.969934089622343620e-01,2.857109170115774144e-01,2.962757221847033828e-01,2.702798502322193430e-01,2.709766280073757083e-01,2.747100620731077192e-01,2.828536742049608810e-01,2.750911753365478662e-01,2.690907038955643316e-01,2.773184293736426498e-01,2.835420519412438223e-01,2.852154573296347140e-01,2.783997406267345598e-01,2.666459917989326134e-01,2.594263397792353487e-01,2.577574713094396008e-01,2.454643796735422601e-01,2.730368180371336995e-01,2.759693034118668176e-01,2.730938570786715647e-01,2.798300076285021865e-01,3.024077822926843906e-01,3.064349494209287483e-01,3.292069935946825843e-01,3.468490305396049189e-01,3.451186368435713026e-01,3.503882662992402475e-01,3.246174703752677249e-01,3.228790043618025574e-01,3.394483077645951141e-01,3.257316650184376439e-01,3.223190340437270263e-01,3.309217211050801688e-01,3.070706127515097084e-01,3.076186435885610582e-01,2.868210887579190072e-01,2.982267343494268697e-01,3.394299901427120791e-01,3.140981305138514368e-01,3.213222014171457919e-01,3.569660966542640423e-01,3.490454363239779978e-01,3.598769284641089028e-01,3.603208268579477513e-01,3.257734555510867769e-01,3.423818267916399760e-01,3.644998700726160279e-01,3.484823182482122417e-01,3.778144402966132076e-01,3.876971893267140423e-01,4.094175578371320734e-01,3.898951056064148268e-01,3.658629298883900871e-01,3.528011087656369726e-01,3.320705930496434810e-01,3.397719847078444211e-01,3.234649592453363032e-01,3.177094419200877096e-01,2.687193885662047532e-01,2.711165589163508360e-01,2.900510906785988552e-01,3.348336367636375321e-01,3.571166196163157447e-01,3.731347284453507274e-01,3.793869783032390308e-01,3.919260088558403354e-01,3.852104866955142204e-01,4.056419817024832786e-01,4.235491957564371246e-01,4.572277038756782375e-01,4.155648304995877007e-01,4.443021638652532301e-01,4.183731848623609695e-01,3.937731650301747877e-01,4.253473085788935792e-01,4.440488773512519249e-01,4.626318231568143924e-01,4.540481252031521309e-01,4.716065709757680802e-01,4.923848737834562450e-01,4.719209893756434182e-01,4.678884129113464185e-01,4.913674009328767300e-01,5.199642813935626551e-01,5.143565955909881193e-01,5.207573029965019140e-01,5.207096905562850209e-01,5.223578963756710936e-01,5.237219208310101015e-01,5.246163766149192220e-01,4.960150620682459710e-01,5.466130148660123256e-01,5.433124869072831764e-01,5.515417196187191173e-01,5.793312658984413055e-01,5.846380553636015831e-01,5.905762075408284018e-01,5.817180232427932030e-01,5.675580001099559402e-01,5.708337798596159196e-01,5.640409256897718215e-01,5.681605181612128241e-01,5.880544932263506164e-01,5.785346225499203854e-01,5.718674781090626880e-01,5.754961380729012310e-01,5.771287490239385143e-01,5.630151452084610764e-01,5.507692386005601515e-01,5.454200858511122352e-01,5.413840089204599026e-01,5.557767355348913751e-01,5.584259808965875704e-01,5.665625956712792011e-01,5.720298144163820098e-01,5.667682919723212587e-01,5.615603210423948388e-01,5.669903300953428316e-01,5.753095437319917238e-01,5.800765293890289831e-01,5.800954891909196887e-01,5.702141454668178122e-01,5.666068969610139616e-01,5.916830930118300858e-01,6.083667279133838646e-01,5.978889500377957411e-01,5.999408736528507591e-01,6.030032042231923128e-01,6.006464231400516773e-01,6.234501479966122472e-01,6.317951733702513728e-01,6.167698895620991051e-01,6.149963288169792985e-01,6.143555199503137887e-01,6.262955491503698902e-01,6.372438278188279348e-01
1.090908776883193626e-01,1.013439404042978526e-01,1.189863097959486249e-01,1.242590991265605932e-01,1.234969308053663756e-01,1.435536292164507066e-01,1.367551137520401361e-01,1.565746564971209620e-01,1.330703082019310812e-01,1.417557380963727909e-01,1.347235404051796148e-01,1.441856775885925201e-01,1.415976154579702551e-01,1.511586784911983505e-01,1.638041853473163889e-01,1.442864030874448922e-01,1.416562984137469672e-01,1.242016266267500363e-01,1.131767888119677712e-01,1.131466592461587012e-01,1.100779718625200382e-01,1.274402509612547196e-01,1.451863346836850532e-01,1.302595677552034759e-01,1.498582948598592146e-01,1.385094328456697721e-01,1.307885286696985616e-01,1.191544062134857196e-01,1.222794515701249030e-01,1.290884684789691261e-01,1.017959438456183391e-01,1.217657749636865822e-01,1.499116141758206622e-01,1.416699267456592304e-01,1.572623325657047932e-01,1.326180559145740401e-01,1.196286790395149763e-01,1.026734411935129043e-01,8.354050192189695079e-02,2.320604098179315095e-02,1.498455155583992837e-03,-3.493975897442476442e-02,-6.754907317837310909e-02,-9.025938513934683716e-02,-1.187804319007096376e-01,-1.128568039186455124e-01,-1.112922426204953491e-01,-1.089387892314827716e-01,-1.242393352218466585e-01,-1.520472711116422071e-01,-1.492985986704551959e-01,-1.635429350747245880e-01,-1.742732270887562551e-01,-2.024093650849266290e-01,-2.283042518410193233e-01,-2.432006133955925964e-01,-2.776930723722940697e-01,-2.642152321486601063e-01,-1.948297797125114750e-01,-1.994112252535744645e-01,-1.648092806330906379e-01,-2.080814629569623653e-01,-1.581696075697021087e-01,-1.778124104728554811e-01,-1.668796401492739223e-01,-1.940947531472662635e-01,-1.924346769052955874e-01,-1.719828309701351143e-01,-1.428993032500319171e-01,-1.514945067553525038e-01,-1.634376920397569710e-01,-1.332988180046727755e-01,-1.175066927741529321e-01,-1.120293215278684168e-01,-1.545081827000005514e-01,-1.260144695718632135e-01,-1.600832485927887183e-01,-1.884058768833417330e-01,-1.836821784952666625e-01,-1.502365409441015487e-01,-1.351205445137723116e-01,-1.384859970904875892e-01,-1.334013850636817378e-01,-1.480308509373045311e-01,-1.143311935891282716e-01,-1.208386268754940845e-01,-1.398525337043120542e-01,-1.585570740444195992e-01,-1.600637168964817447e-01,-1.403429687623646005e-01,-1.491973592873564458e-01,-1.715622007170568564e-01,-1.620442930239233692e-01,-1.547660087634927517e-01,-1.971266637288854040e-01,-1.876843906805103768e-01,-1.355582505398010840e-01,-1.032698757362355002e-01,-1.146663811512380615e-01,-1.343746065119993116e-01,-1.582666244239148978e-01,-1.954505702615869922e-01,-1.847867079245272548e-01,-2.033879115321818309e-01,-2.288347464098338668e-01,-2.203100718031220928e-01,-2.038613751295779153e-01,-2.066208709480819861e-01,-2.006829406764808199e-01,-2.014060764147737881e-01,-1.746078626846450099e-01,-1.937916373743423792e-01,-2.481126669645347116e-01,-2.788592701442442756e-01,-2.926079304768751110e-01,-2.473145875128777982e-01,-1.968680659503727615e-01,-1.476856837618388263e-01,-1.573418385823653898e-01,-1.748191950481490786e-01,-1.652416265284381292e-01,-1.510282102059378739e-01,-1.665983457918254751e-01,-1.465218277724499030e-01,-1.159308799102474752e-01,-1.214998921331253839e-01,-1.506853895188770553e-01,-1.730790979477302427e-01,-1.952938691504653990e-01,-2.031686120774554294e-01,-1.791987189360662591e-01,-2.379069374566539774e-01,-2.266164942248505010e-01,-2.110529719051149333e-01,-2.035437842846257728e-01,-1.971507273373205027e-01,-2.080318556635906979e-01,-1.575928643268378337e-01,-1.595576358416429530e-01,-1.708681346289213088e-01,-1.711415228671697430e-01,-1.359120529105158071e-01,-1.434362288890954906e-01,-1.024753230996279796e-01,-1.346363552172547273e-01,-7.611237112671540017e-02,-8.434470151031203677e-02,-1.265943692146304367e-01,-1.178160518935500861e-01,-1.289018829159101487e-01,-1.344798445959460298e-01,-1.238098953647367995e-01,-1.080207546717043277e-01,-1.238304595069375791e-01,-1.708062425283522756e-01,-1.619407629637220070e-01,-1.505899437127443397e-01,-1.033084195087686230e-01,-1.233733777179792102e-01,-9.960306396126068773e-02,-9.630866568547627460e-02,-4.867914739125574902e-02,-1.145975718885441919e-02,3.487566507215452902e-03,-2.566540115385104043e-02,8.655457895960311232e-03,-2.325065242324381859e-02,-1.732340973329009326e-02,1.735079078446104262e-03,2.378505797624086426e-02,-1.388908064078559629e-03,-4.059204230191656819e-03,-7.897129178266610802e-03,-7.369371967889315998e-03,-4.425318518530719364e-04,-5.963733270964301919e-02,-4.958198687398267246e-02,2.669091128110340216e-04,-3.526726536447838400e-02,-1.049111752838617281e-02,-1.660962327263097033e-02,-4.203135576637700987e-02,-6.699933244000864929e-02,-2.384042585429883843e-02,-3.628079200038383800e-02,-2.287406066100557828e-02,9.274697775703950875e-03,-4.423813313985352352e-02,-5.741048836441027536e-02,-2.764876684517790853e-02,-4.339804970209674984e-02,-9.358405576495876232e-02,-1.252659600952100438e-01,-8.100376661681257806e-02,-1.039389628795834297e-01,-1.099330037630015938e-01,-1.787598885483741018e-01,-1.446898183577230435e-01,-1.028517315967811679e-01
-2.274333522510732585e-11,-6.601343660262993022e-11,-6.505787697156500904e-11,1.217939707646011207e-10,1.379733382404542606e-10,-5.755724990202067146e-12,-1.695155295442845561e-10,-6.348160167839835986e-11,-3.331053715688862257e-10,-2.460633771947820663e-10,-4.161058049235028022e-10,-7.679670629311956881e-10,-7.707937042259431442e-10,-9.244011421503866392e-10,-4.048493452434287914e-10,-5.309109788265389410e-10,-5.249706996368682421e-10,-6.043907617346947240e-10,-5.737708144488701195e-10,-6.758202754828597898e-10,-6.755936374278210078e-10,-8.822202021483966464e-10,-7.576627017200894929e-10,-4.237372459487517685e-10,-1.467603149580711711e-10,-3.199846320674001253e-10,-1.942445901286575201e-10,-2.915999420238049513e-10,-2.557535647769448334e-10,-5.028164051419195208e-10,6.094357465205216285e-12,2.653558122623933108e-10,6.289057161789042626e-11,-1.217810436028617476e-11,3.343514849016740603e-10,7.287983031858155934e-11,-1.404681115850837261e-10,-2.096768558903611787e-10,2.903347805444751598e-10,5.174198922691503776e-10,9.064621144245697417e-10,9.628766279931063601e-10,8.679704599922874031e-10,9.216716923103498449e-10,1.504671051042100602e-09,1.251474191203228782e-09,1.270092441729912612e-09,1.372911453827899689e-09,1.469420963988914530e-09,9.588703523180695727e-10,1.078171051245613579e-09,8.043452238940363047e-10,1.157071679069745915e-09,8.639704383430025102e-10,9.063717471067954800e-10,9.919761858616279131e-10,1.144015948262139541e-09,1.126675397971278401e-09,9.540395569051519732e-10,6.177886468852873626e-11,-9.252153515275362934e-11,-7.733531104450776042e-11,-1.278293563193657259e-11,-7.316819542080143954e-10,-1.268865535156815088e-09,-1.269503629452944566e-09,-9.987188711733866894e-10,-1.299151916759071492e-09,-1.372136353663724644e-09,-1.297430503378107694e-09,-1.402116476049982979e-09,-1.438820863409611297e-09,-1.637982325796313831e-09,-1.504177947806876436e-09,-1.681732717474628820e-09,-1.494904893096987318e-09,-1.556441698568152198e-09,-1.048625252972137760e-09,-7.892068625185907188e-10,-9.907264324325079871e-10,-6.445009332646963869e-10,-2.317491451022864325e-10,-6.028865968545113818e-11,1.197126009889890515e-10,8.085993982476019434e-12,1.301558381989633370e-10,3.564787167832403148e-10,5.111040274005632999e-10,2.708243983551154296e-10,1.470946731018820870e-10,-1.500769287559803151e-10,6.443152640992395051e-11,-1.584040593852582726e-10,3.247770870488349021e-10,4.220791912277284153e-10,4.978975843826637378e-10,4.691412962196330156e-10,7.806526939737125665e-10,8.191478871823947580e-10,4.978576385835232091e-10,6.215613731633317827e-10,6.403225046535377887e-10,2.111961570546449759e-10,-2.382492358618066861e-11,-3.421617635658489772e-11,-3.875895410062436265e-10,5.946167912303372043e-11,-2.747460236152387864e-10,-5.481854735348600118e-10,-1.072954884609857418e-09,-5.897232344781569225e-10,-2.764167798444849681e-10,-1.159066982134492886e-10,4.459125924494186118e-11,9.778319556725046581e-11,1.081402568357190229e-11,1.702476977513986307e-10,2.772741021406540681e-10,1.397521569768580520e-10,6.405899760611657610e-10,8.044992259221097459e-10,1.175048340920272800e-09,1.384366579268191568e-09,1.162907267790452216e-09,5.157040881753485587e-10,5.118105147957516661e-10,8.716427520224538564e-10,1.669277340499518230e-09,1.372883000872070095e-09,1.031629169676312550e-09,9.186697949160872931e-10,1.133124064711046709e-09,8.323132147282849666e-10,4.816482101124328441e-10,5.186258459459256940e-10,6.284368020827580298e-10,7.374516838137911878e-10,5.678677152775424427e-10,5.678344216746916033e-10,5.035299424723633990e-10,4.839972893353773434e-10,1.625153848150404923e-10,1.020822795042528445e-10,-7.539505777459847527e-11,-5.690950086365364114e-10,-1.470070660743250644e-10,-3.089748629813080346e-10,-7.772431571044982205e-11,-2.607538252354108806e-10,-2.922401928140218473e-10,1.131100873521535757e-10,-6.461570722452126109e-11,1.756861043304434450e-10,3.185331246755411433e-10,1.394438825402268926e-10,7.167500201978039764e-11,-3.670619667321603409e-11,6.672749847249837610e-11,-2.946198131708263172e-10,-2.725203492722470283e-10,-3.681029519809450144e-10,2.853623839349675937e-10,7.573671341779494047e-11,-5.345454540231773466e-10,-2.982815423644671529e-10,-1.592187084755350168e-10,-4.935584126152648372e-11,-1.034473779750286587e-10,-1.951256233450708415e-10,-1.421217893515978642e-11,4.390224995007421344e-10,7.279459610223857745e-10,7.937846709321583550e-10,1.199669558577073114e-09,1.552219439628074191e-09,1.125149800448833707e-09,1.283228943003096126e-09,1.719658907423806923e-09,2.142512494789262015e-09,2.417445459621172167e-09,2.558933931008100630e-09,2.436203539072206489e-09,2.298098117544221587e-09,1.463592005297328259e-09,1.620732728336814420e-09,1.066662900518752889e-09,1.440915872259285883e-09,1.096664642032861088e-09,8.748814878882035550e-10,1.196473845387420970e-10,3.927155538835627686e-10,5.390726002269432899e-10,3.816914107962100677e-10,6.713824452131311969e-10,9.103092954373051561e-10,1.181539093139405936e-09,8.155042595095020384e-10,5.965300737876159861e-10,3.148935176991110483e-10
3.301007349981973094e-01,3.475455063866126348e-01,3.470309635204830156e-01,3.435107013006404308e-01,3.515817593854190792e-01,3.362680212095408017e-01,3.383532647124730675e-01,3.412951766405356024e-01,3.335851925492088754e-01,3.271330317472158078e-01,2.878180572821450456e-01,2.739407169103898476e-01,2.741175658122270153e-01,2.592486727712707828e-01,2.492819795594420629e-01,2.473035611208619922e-01,2.459230391061845711e-01,2.419528775782518459e-01,2.302476211796244399e-01,2.153092576904473421e-01,2.093550412083655665e-01,2.193457014225625168e-01,2.037470717066953707e-01,2.033263389414873001e-01,2.333156048665136484e-01,2.538395619278900894e-01,2.765463903227347586e-01,2.661149206190925876e-01,2.736451918421534124e-01,2.874044724306041299e-01,2.846619641816314772e-01,2.720485727370258733e-01,2.909558279848031281e-01,3.081725629417365053e-01,3.097763646371516910e-01,3.177671152368064522e-01,3.073233255281281329e-01,3.034113822676778871e-01,3.288899073116317018e-01,3.202121717431940517e-01,2.909605984053197369e-01,2.924454464924520769e-01,3.010996156672297586e-01,2.972301210151037654e-01,3.123614981107761257e-01,3.324407092799849250e-01,3.513891751309898837e-01,3.987216483416733404e-01,3.876045485584507233e-01,3.974079919058957078e-01,3.858967957193101816e-01,4.015293090983368396e-01,4.207399391908251407e-01,4.141842848334859606e-01,4.132135948773020817e-01,3.820196719353155523e-01,4.413400265872869377e-01,4.362951025009179640e-01,4.344718381595999990e-01,4.564314144937667295e-01,4.440674764859197099e-01,4.467469027046611640e-01,4.584153731462572434e-01,4.649481021583062312e-01,4.684659996003417426e-01,4.599754338348326366e-01,4.396764902625677762e-01,4.118335380761722897e-01,4.051054905426560993e-01,3.816369103354868564e-01,3.713320304695282292e-01,3.696978942696766968e-01,3.595382548224508312e-01,3.586167236827536575e-01,3.081257440407840775e-01,3.107797407518946842e-01,3.258808405400212549e-01,2.909196428316604410e-01,2.979932432643126461e-01,2.989289368722903295e-01,2.895741853528181475e-01,3.103099802630706061e-01,3.065547905935978035e-01,3.117174893563496862e-01,3.196715994804132377e-01,3.095999364097545836e-01,3.020573746396073567e-01,2.917509767476317850e-01,3.154556084560227180e-01,3.253703444107673981e-01,3.172717307621777394e-01,2.948749260174873266e-01,3.032392007121716415e-01,3.033267309578603355e-01,2.950927432353115387e-01,2.784913498942455656e-01,2.673142879404561967e-01,2.800664976517686089e-01,3.105855576213758518e-01,2.993800259086561999e-01,2.868536384141386897e-01,2.684249893197434567e-01,2.613302043484538872e-01,2.446340527853890778e-01,2.561987374891327995e-01,2.495810823384001509e-01,2.504270046159166596e-01,2.342449611237675255e-01,2.464929433473729559e-01,2.480435871693852656e-01,2.544084139013313428e-01,2.552355088936087424e-01,2.382320189771895691e-01,2.612022761356144751e-01,2.603836793319491694e-01,2.741781151604614220e-01,2.655434960111905940e-01,2.758898494514424038e-01,2.902393517095557818e-01,2.837115038859349125e-01,2.848249611622358790e-01,2.891915599128784820e-01,2.888086178549174043e-01,2.894474934593588844e-01,2.884763911856567664e-01,2.907997979676056333e-01,2.939418189564188544e-01,2.810875710205056888e-01,2.815421051487407289e-01,2.791467571893037070e-01,2.799044560931039372e-01,2.796265336657025591e-01,2.924195378561076364e-01,2.972927860033588443e-01,2.950333260258866663e-01,2.896681929131006417e-01,2.985788166092508411e-01,2.957176845570759216e-01,3.050580194284933655e-01,3.018269196660597342e-01,2.904159237825509887e-01,2.971423178410811938e-01,2.888817858684871731e-01,3.054391530758831519e-01,3.209047384286833338e-01,3.164128517906623639e-01,3.090993501667770316e-01,3.093769194451416737e-01,3.002990105774661078e-01,2.949893246393328616e-01,2.958915061529505675e-01,2.992497442019620424e-01,3.168122319497045924e-01,3.190764314153056169e-01,3.228564971766421654e-01,3.384581942278481748e-01,3.392914211427598414e-01,3.428381342274417487e-01,3.603430022273838018e-01,3.403998951985282573e-01,3.484617551031124472e-01,3.349045181149543082e-01,3.553588485187406110e-01,3.654044786392465216e-01,3.569220010666062648e-01,3.767501112798207763e-01,3.428845768299112473e-01,3.388948982951662803e-01,3.433608654823711026e-01,3.219853678965585719e-01,3.519661815971151242e-01,3.704954636104578758e-01,3.598304560969911026e-01,3.735708207444817242e-01,3.815206994182069877e-01,4.221748738649177546e-01,4.193321034786601231e-01,4.090581500892186417e-01,3.938662376400199894e-01,4.152152676060402725e-01,4.251639775571582902e-01,4.357939188211634174e-01,4.133905998297419115e-01,4.073861993000602033e-01,3.788948537199570699e-01,3.861914375192979643e-01,3.814245549276991665e-01,3.805908631303322465e-01,3.819185293773195156e-01,3.682631905671036043e-01,3.997575712672583603e-01,4.133642894296698511e-01,4.080210531637181171e-01,3.868899219786408050e-01,3.813961762289929114e-01,3.856184620646995187e-01,3.823219681807510928e-01,3.820958744618510039e-01,3.692903129912248894e-01
9.692614471393916533e-11,5.798200885586496680e-11,2.183590404291973927e-11,1.123528089552628360e-11,-3.038236421033277570e-11,-2.827656312303859060e-11,1.516576114898768511e-10,2.745788288303717385e-10,2.317388355163056645e-10,1.496922205982527341e-11,-2.218113916702048831e-10,-1.458869698011449490e-10,7.957904022207288153e-12,1.257926144767805552e-10,-8.580172057870043041e-11,-6.406586952044445550e-11,5.747175280662185237e-12,-6.255788270749592116e-11,2.525188382721259673e-10,4.838375764961241676e-10,6.650144847968076162e-10,1.008619089543528916e-09,1.053516900884128422e-09,9.623365636528370167e-10,9.260224697733197504e-10,1.186758955176105452e-09,1.532463424868850675e-09,1.459350471104447786e-09,1.489682460512844088e-09,1.605787272182951280e-09,1.555341802692640070e-09,1.966337983885659164e-09,1.995701438038281464e-09,2.089517647024319606e-09,2.404887562448334510e-09,2.441869646974133468e-09,2.402797785250945063e-09,2.364703320728052338e-09,2.129337428184902215e-09,1.658144313784164146e-09,1.716264426027013170e-09,1.780945699132732366e-09,2.034688676136210040e-09,1.773281674873960027e-09,1.504283407476860688e-09,1.410314257545529319e-09,1.165143004177115368e-09,1.037176025130444423e-09,1.154525659982599062e-09,1.504476685791773743e-09,1.668234197294014317e-09,1.706836642351082836e-09,2.071921714276568831e-09,2.318644112332088990e-09,2.625642656345719854e-09,2.783520290325875422e-09,2.475730437579459410e-09,2.834453750614300538e-09,2.861210412580583330e-09,3.105757027918567947e-09,3.148141477783267032e-09,3.213044481312461424e-09,3.413941171403967389e-09,3.399054739918669725e-09,3.673601337517615249e-09,3.355058988354486342e-09,3.160986263211312986e-09,3.486307749258345971e-09,3.497720025526240107e-09,3.051961427402066236e-09,2.891793851131940819e-09,3.000210113358107404e-09,2.769947331929927172e-09,2.660508368285005531e-09,2.094028731925611102e-09,2.114558953613917626e-09,1.839417468496641157e-09,2.255455107841409241e-09,2.591181373162280713e-09,2.406817958068434193e-09,1.969348536401573813e-09,2.317187739773767965e-09,1.871321203966861752e-09,1.624573737772856131e-09,1.470031975903871162e-09,1.429453066803791368e-09,1.809596351788001467e-09,1.485999153427242310e-09,1.501571932143788826e-09,1.611842083895035151e-09,1.732308060393843054e-09,2.258778406471417989e-09,2.006653230352997681e-09,1.905086496015501394e-09,1.808369363751525130e-09,1.516227462088521551e-09,1.912886748545903127e-09,2.321687084195779661e-09,2.699758600148470813e-09,2.881434135137309046e-09,2.480723894658952370e-09,2.342289131104272300e-09,2.215558107221314420e-09,2.516373491101585479e-09,2.225572082916501899e-09,1.783782497436809012e-09,2.283046171401688556e-09,2.494140131670222199e-09,2.518299860990033943e-09,2.838227832573229102e-09,2.879922254410818619e-09,2.758543931396503593e-09,2.835823074458700848e-09,3.162187436890160707e-09,3.148159366793813514e-09,3.312425186837340878e-09,3.682526196676510027e-09,3.806792467983813726e-09,3.736061531385024199e-09,3.321536857837934920e-09,3.766719124103085711e-09,4.299178655848096641e-09,4.265195234998964459e-09,4.676536706529211040e-09,4.614557200367885861e-09,4.761587655258586473e-09,4.544699864824717482e-09,3.994942330033703989e-09,3.645702272821152330e-09,3.482078285500105691e-09,3.539325987419898912e-09,3.248496740112396946e-09,3.585611925222338892e-09,3.196134977246585050e-09,3.406939471113598662e-09,3.368841888336478229e-09,3.244828410347790986e-09,3.455625548978533083e-09,3.164343379661171535e-09,2.851913663990422359e-09,2.685204412395540068e-09,3.055853043897721210e-09,3.214641255519205846e-09,3.337153101147978992e-09,3.827348783535613922e-09,3.998580487318759775e-09,4.069945080381012207e-09,3.912419725355546975e-09,3.547080973797384046e-09,3.267471755670181060e-09,3.092340279023062991e-09,3.257281266631421744e-09,3.230240400033675275e-09,3.621828094111710164e-09,3.967949454446721103e-09,4.648719987911281486e-09,4.578070478116839955e-09,4.626858187777052490e-09,4.748709167035938542e-09,4.593585451820389457e-09,4.682250989390890773e-09,4.453589494461487686e-09,4.834288905198959937e-09,4.814825151646642920e-09,4.995759278665087885e-09,5.230987879858339130e-09,5.263177396325490853e-09,5.202218615495945220e-09,5.084025098647650646e-09,5.408051370491614796e-09,5.682036271102221150e-09,5.932437239996015831e-09,5.922304468980541222e-09,5.525305915762800650e-09,5.251335074726651410e-09,5.297613737171496410e-09,5.602042408428833711e-09,5.522246910927408970e-09,5.354968346454774678e-09,5.583316353252261773e-09,5.576610492923324268e-09,5.385032122872040464e-09,5.221198420121537767e-09,4.966128401112858190e-09,5.413087671934500550e-09,4.932025376050392976e-09,5.111505413747048648e-09,5.016886326742235205e-09,5.135422295208461945e-09,5.130390705140030759e-09,4.883587613062068762e-09,4.575496460853566555e-09,4.775952684859010479e-09,5.026171669694829518e-09,5.433774749767540129e-09,5.613549966717815973e-09,5.528080201691264092e-09,5.882386277512932145e-09,6.133991204691303767e-09
3.110286362093751798e-11,4.331426791419548093e-11,-1.753552280957940684e-10,-3.358681155887281491e-10,-5.043693059898547710e-10,-3.885165441042415996e-10,-1.980789179228391820e-10,-1.013299590950000224e-10,6.070808924877226045e-11,1.398368096941120335e-10,4.508538976170882851e-10,5.639384057304141778e-10,5.381197601962215772e-10,6.311977597039930056e-10,5.734030181934938070e-10,6.325844670410889836e-10,4.502052724405928934e-10,2.398313869710819143e-10,4.238570765931302356e-11,3.873481387457992848e-10,-7.057302959485427663e-11,-5.025548664853041675e-11,-3.492773433122008971e-10,-6.565342237283404085e-10,-7.165238271301114684e-10,-8.212733499786142078e-10,-8.089532144233028441e-10,-7.837742544797795007e-10,-7.543980082748245943e-10,-3.339676632080348768e-10,-3.822716985765844880e-10,-6.783447020579347934e-10,-5.999402376310383043e-10,-1.084656926604284236e-09,-9.007694939317672802e-10,-6.701082555000427334e-10,-7.316024179417599440e-10,-6.672320341133011037e-10,-8.601870085433762200e-10,-1.034989954573743559e-09,-1.401539691777259756e-09,-1.105027305708317186e-09,-1.198840645454094288e-09,-9.409279669081602022e-10,-1.120533037959631586e-09,-1.406597311199283978e-09,-1.475302581919779266e-09,-1.238315758213226446e-09,-1.328377373116128527e-09,-1.341098953078346991e-09,-1.704702889582604629e-09,-1.701059527406468342e-09,-1.528372333875007201e-09,-1.429389558199274819e-09,-1.597541745333037871e-09,-1.813623418606145995e-09,-2.107658968634716790e-09,-2.561444868026316638e-09,-2.590522625824466916e-09,-2.833748131334053942e-09,-2.244615993577293699e-09,-2.242250551718949096e-09,-2.680778219606349143e-09,-2.505479387110649733e-09,-2.513273243657747077e-09,-2.809329846234507806e-09,-3.001698133266343742e-09,-2.898171692881765332e-09,-2.713815538668630912e-09,-2.641235967180632956e-09,-2.746708402759353989e-09,-2.621702671311629130e-09,-3.159753417805455410e-09,-3.155909877819264456e-09,-3.052425568598985884e-09,-2.928253504384297102e-09,-3.023825160866118318e-09,-2.555796452007893163e-09,-3.060534216367141614e-09,-3.389885615346766700e-09,-3.458646200869048227e-09,-3.648601666471133138e-09,-4.057066924594341305e-09,-3.907290184491166417e-09,-3.840026923817405393e-09,-4.085203702862202350e-09,-4.399144929020954414e-09,-4.268777825836411893e-09,-4.288977222889272637e-09,-4.191000569937981264e-09,-4.126667252096692057e-09,-4.282014262445163402e-09,-3.954289856416233996e-09,-3.841912197140174303e-09,-3.935017275142223246e-09,-4.310003850800047220e-09,-3.924440912846401968e-09,-3.207165232139039277e-09,-3.055293816973151504e-09,-3.457137909653991913e-09,-3.293631841755486802e-09,-2.843408620897031322e-09,-2.704188079467902085e-09,-2.857139230850753195e-09,-3.246407610026572830e-09,-3.690829778613248675e-09,-3.741723557052100265e-09,-3.386553580798123286e-09,-3.093460093193508572e-09,-3.578695836229573182e-09,-4.171743889681485491e-09,-4.500065799758692449e-09,-4.785860802110280122e-09,-5.074824351862399836e-09,-5.333419117686909133e-09,-5.272547909769619396e-09,-5.215885788782847910e-09,-5.370542169235146511e-09,-5.630454122955795379e-09,-5.768213425742348003e-09,-5.660830881218319970e-09,-5.750481338608130430e-09,-5.320228709032554974e-09,-5.912201828154980674e-09,-5.607354794503146558e-09,-5.573001371486085174e-09,-5.532856501900591780e-09,-5.698258578392555642e-09,-5.628850328237744725e-09,-5.603116830641455534e-09,-5.415267131885153188e-09,-5.502189836447900863e-09,-5.570664576474432158e-09,-5.040870627719054320e-09,-4.894050361662311280e-09,-4.518550929890320070e-09,-4.403830108941301000e-09,-4.441874349956197299e-09,-3.916317518398283126e-09,-3.976652044132286529e-09,-4.169700993729607920e-09,-4.113079321025263380e-09,-3.867682063649781943e-09,-3.426719849373388234e-09,-3.294114439330853319e-09,-3.407734022428267578e-09,-3.112417015825554718e-09,-3.166128248811459297e-09,-2.670303308537946100e-09,-2.791496729622303375e-09,-2.907962581089889734e-09,-2.852598892653233173e-09,-2.820222819769286254e-09,-3.250469523027389408e-09,-3.375246427103262631e-09,-3.375994694429677961e-09,-3.859064034190409377e-09,-3.631149743681709663e-09,-3.808648227239891287e-09,-3.613167425172030665e-09,-3.651099575105405356e-09,-3.553022422806047507e-09,-4.068532829110827374e-09,-4.026036714883613034e-09,-3.912899773296143526e-09,-4.410661330736986987e-09,-4.207468353268991766e-09,-3.797670805384142207e-09,-3.960909659838551570e-09,-3.454034860424170413e-09,-3.244884884980209510e-09,-3.851617940540410647e-09,-4.139679615608490147e-09,-4.004558518648298885e-09,-3.794620380992730379e-09,-3.767963970707129396e-09,-3.847515925453438812e-09,-3.597702625903743317e-09,-3.551307484214623107e-09,-3.683037012651006588e-09,-3.600793612754717495e-09,-3.570838996967127537e-09,-4.241059889511940236e-09,-3.822415656771442334e-09,-3.674627030267898945e-09,-3.572072694947155320e-09,-3.460540510086042626e-09,-3.666208337319487669e-09,-3.904738276194344341e-09,-3.688013805605586639e-09,-3.635458348444559720e-09,-3.580846677250552759e-09,-3.801427914580513644e-09,-3.926181574551066197e-09,-3.782075267647680374e-09,-3.650609988945541410e-09,-3.561360076892767723e-09,-3.735408014770205065e-09,-3.328107663423971784e-09
-8.700320670508709183e-13,5.082727592142443825e-11,6.080082815649510061e-13,-1.426932269185026850e-10,-2.973249651557826184e-10,-2.901738117255471546e-10,-2.257213409571729973e-10,-3.156636540198284253e-10,-2.295975360936451818e-10,-4.172677939071212691e-10,-5.185924838409362979e-10,-5.322436029154662331e-10,-4.070756052104167768e-10,-4.533360442408538230e-10,-5.544871018140722456e-10,-3.139654517840369852e-10,-1.536452823122401675e-10,-1.818498030407633768e-10,-4.319020383756391852e-10,-4.898671887569079903e-10,-5.219578284252585027e-10,-6.618367117285940545e-10,-5.539069410803711058e-10,-7.023049699833997845e-10,-8.561354824905216372e-10,-8.723726266023181919e-10,-1.115383918634914606e-09,-1.469942890670807746e-09,-1.363051894081280507e-09,-1.161291353813910855e-09,-1.152299554542703563e-09,-1.119694515412067094e-09,-1.151114049923514556e-09,-1.153471599392145129e-09,-7.687273898138589749e-10,-7.463520041385716808e-10,-6.652864950200141359e-10,-5.132193861405096620e-10,-9.954793128674319193e-10,-1.118397949942902569e-09,-1.171368058178648691e-09,-6.795687055432486775e-10,-7.572236063497619201e-10,-3.844743182818625591e-10,-4.544932784437621241e-10,-6.448485580180631521e-10,-8.452826448254063640e-10,-9.232177142877070179e-10,-8.406917006484875180e-10,-9.762859219548562636e-10,-6.948467632597886946e-10,-6.411469930310902747e-10,-7.093938691385817004e-10,-8.149158067632310575e-10,-8.070130047104828919e-10,-7.585535827257653164e-10,-8.879419424647199769e-10,-1.127375351969055322e-09,-1.509516535210390852e-09,-1.285590230182803291e-09,-1.454231001448398175e-09,-1.473312787139809798e-09,-1.722816731689115388e-09,-1.789275125061707824e-09,-1.578742312001877194e-09,-1.399724749348719413e-09,-1.772148211386475904e-09,-2.096983810238743914e-09,-2.399415117904854232e-09,-2.524404590183855020e-09,-2.765070193619735397e-09,-2.698386046206261653e-09,-2.665404785805762046e-09,-2.347602954557565565e-09,-2.586443869741843638e-09,-2.708779681182507676e-09,-2.978283739123799310e-09,-3.020845648303254273e-09,-3.226525180019424741e-09,-3.173090794691278592e-09,-3.180948103120672115e-09,-3.092765812979825523e-09,-2.719778792646431274e-09,-2.956411485358482735e-09,-2.493650292057037107e-09,-2.581825228712595963e-09,-2.988395887906890424e-09,-2.912698873488127393e-09,-3.078734213481406861e-09,-2.982897616873229837e-09,-3.020737523593836479e-09,-3.020778260123496917e-09,-3.139902355489493774e-09,-2.692727753247380982e-09,-3.201081731396023545e-09,-3.349460486963630119e-09,-3.678552552079043057e-09,-3.619402843677375309e-09,-3.264109274537231312e-09,-3.463134156244546392e-09,-3.629084032383573054e-09,-3.754319568561990206e-09,-3.721366724954359620e-09,-3.375922523474821680e-09,-3.504552806926892262e-09,-3.704825397972977053e-09,-3.336883879942453950e-09,-3.599809284950672139e-09,-3.307903507731212991e-09,-3.264430544183119766e-09,-2.978715153392575334e-09,-3.078333447904991723e-09,-2.916889656948922784e-09,-3.063947371910553559e-09,-2.912249902941264542e-09,-3.015772251906706850e-09,-3.450354193406656947e-09,-3.769956574294462729e-09,-3.481101420135306091e-09,-3.512857243874712838e-09,-3.597150563351027097e-09,-3.965010258962864467e-09,-4.010651036871150539e-09,-3.768292606245211167e-09,-3.751611692938195905e-09,-4.190792511613211445e-09,-4.246619512701910251e-09,-3.866776781499617536e-09,-4.076965214351296963e-09,-4.035671163367598458e-09,-4.262666055595283866e-09,-4.592032455333654249e-09,-4.631686826463171227e-09,-4.918720903272307919e-09,-4.516392024124709919e-09,-4.544877079462818514e-09,-4.603492979990715137e-09,-5.252167069920513368e-09,-4.759848842821269114e-09,-4.317873104328433751e-09,-4.697669624718623199e-09,-4.253172562771184439e-09,-4.182690666984488721e-09,-3.624162399214904646e-09,-3.542818924725813659e-09,-3.716398968116850410e-09,-3.934735987325303760e-09,-3.376212300699862396e-09,-3.767170338036751951e-09,-3.626287584855756856e-09,-3.443618598615746036e-09,-4.151892393435263214e-09,-4.488228300651704374e-09,-4.510160974547365079e-09,-4.771157266778002817e-09,-4.557013983159748577e-09,-4.920459089028149287e-09,-5.093083399753148422e-09,-4.933419527647819578e-09,-4.836963703051691537e-09,-4.323304599867128706e-09,-4.329470605022377353e-09,-4.300761435745693631e-09,-4.229607893219992178e-09,-3.953783975415235150e-09,-3.716709746928350412e-09,-3.866982170759942997e-09,-3.429281323265239280e-09,-3.559428836944491787e-09,-3.374613533195217141e-09,-3.356452271470456543e-09,-2.774787436013165906e-09,-2.964774753801374011e-09,-3.052386331875212277e-09,-2.868502619810063054e-09,-2.745762865751858043e-09,-3.270873727956502168e-09,-3.525877546418737950e-09,-3.724640864469520490e-09,-3.862574748932987980e-09,-3.164574607988377425e-09,-3.512847430323585870e-09,-3.768794210796636253e-09,-3.866659870050869544e-09,-3.874460369512489187e-09,-3.650358718944101758e-09,-3.840964697261198156e-09,-3.940965619131084629e-09,-3.960939415665238659e-09,-3.822944821615061047e-09,-3.618759420398839115e-09,-3.830916410320798193e-09,-3.999087599800821269e-09,-4.491828270065506226e-09,-4.322185575107077473e-09,-4.443317195680277401e-09,-3.988553704499114125e-09,-3.539258832838859457e-09,-3.520321597266238171e-09
-7.233429596095929226e-12,1.454196980241043473e-10,1.560718333325515011e-10,4.525218611490522982e-11,-4.953993346558554616e-11,-1.058762068957857780e-10,-4.184582503785055243e-10,-4.656332428525702198e-10,-3.241359184453926742e-10,-8.475942271985261981e-10,-1.003221117270195826e-09,-1.014770924167251932e-09,-1.208811432734508193e-09,-1.106875630714281812e-09,-1.000658108448724084e-09,-1.009627484255602612e-09,-8.289012303099024936e-10,-1.041569926784847239e-09,-8.281875825035803952e-10,-7.668872711778211963e-10,-1.029484781811331402e-09,-1.067872732950792834e-09,-7.658802920292009068e-10,-5.315601744940064090e-10,-5.442750757382130858e-10,-3.453014871185443116e-10,-3.480927537826847737e-10,4.035917214766576619e-11,4.124855399116979261e-10,-3.793949490234858824e-11,-1.182546042627538962e-10,2.205636214753581591e-10,6.672035013647607543e-10,5.971187192922319946e-10,4.478567665827879284e-10,4.885467603331856360e-10,2.222304780629723772e-10,6.169504275515367812e-12,3.953226361184309456e-10,8.153354389722348647e-10,8.634300990367531565e-10,6.839653338298898151e-10,7.530849405073020444e-10,5.185395957602268615e-10,8.843766757229095077e-10,4.855133807453464698e-10,7.110077656597097078e-10,4.119738180114509137e-10,2.129777257919075595e-10,3.530770208376149749e-10,5.686320538529712715e-10,5.120143587833789885e-10,8.971332898303571027e-10,9.657796519707146312e-10,8.752340657220135924e-10,5.159488275385700468e-10,6.546373899509773281e-10,1.077504519831025535e-10,4.242369679537087317e-12,1.671712826318310344e-10,-2.476261516098504451e-10,-1.625908843249928753e-11,-4.818571748632347410e-10,-1.039180658959395795e-09,-8.867535094446001093e-10,-1.047784385459569623e-09,-1.360215632538269322e-09,-1.021156628315257153e-09,-8.796801494824172216e-10,-8.196984360238575166e-10,-7.941461710258662854e-10,-1.187232733588754113e-10,2.404579166166780115e-10,4.257855029364694069e-10,3.169952158119234999e-10,2.238839483461226229e-10,2.729675536623337703e-10,3.191910635260004403e-10,3.362997476150451368e-10,6.284938769134808900e-10,6.050695709290460517e-10,9.329687278479120651e-10,5.193649468709609066e-10,1.091032654489681306e-10,-2.119712286405981902e-10,-2.150322136448677154e-10,-7.094502958087108446e-10,-9.799255940201428032e-10,-9.310604386454680525e-10,-8.832591147341412511e-10,-1.018759354522728602e-09,-6.636081266101024804e-10,-2.117771322368970213e-10,2.518131753719622464e-10,4.128999221374791083e-10,4.358884991700154197e-10,5.508480370786808389e-10,4.661664779116611434e-10,3.500164629414183748e-10,1.465020242379450593e-11,-2.529330589267758663e-10,-3.930456383955125113e-10,-2.255225501776436529e-10,-1.226427583996245556e-10,-2.477458656422887706e-10,-7.143446990772842508e-10,-4.441290417223572910e-10,-3.334725040856697366e-10,-5.842991475227766412e-10,-4.681904309905582609e-10,-2.299464449006120274e-10,-4.310595385023421206e-10,-7.641884356112889359e-10,-5.962951828214706066e-10,-9.261134648698782323e-10,-1.020468386005281940e-09,-9.895639506356104019e-10,-1.197097936292511206e-09,-1.496672631398906649e-09,-1.283195282610049246e-09,-1.435766835016927176e-09,-1.651368784122618335e-09,-1.493901867647971937e-09,-1.685460243657395749e-09,-1.769196506298659183e-09,-2.272737633432036200e-09,-2.148228574195690616e-09,-2.070180999494196311e-09,-2.358746973408936925e-09,-2.211317851860479649e-09,-2.335652195528932631e-09,-2.521447240819102287e-09,-2.392625258446112906e-09,-2.895158877587893495e-09,-3.045261311963220676e-09,-3.063563611619871794e-09,-3.164507321758903948e-09,-2.889125763650159097e-09,-2.419827543856544844e-09,-2.212629387957569070e-09,-1.840657736148460532e-09,-1.985677377749515789e-09,-1.774047934461338634e-09,-2.101129782078293371e-09,-1.842559769255426920e-09,-1.732448789989167590e-09,-1.594274708798618810e-09,-1.512790679228801146e-09,-2.023174550892279269e-09,-1.595217993162627401e-09,-1.147772885400108903e-09,-9.631491748686603388e-10,-2.390829534615530381e-10,-3.013637515900840572e-11,1.820197024491978769e-10,4.131616901825277204e-10,7.920440133219837716e-10,7.963934647324753199e-10,8.124553128828518192e-10,7.277953630881463841e-10,3.920957198979548958e-10,3.858858406570556433e-10,6.752376586162590346e-10,7.455442717921646436e-10,7.552410364831821207e-10,4.840813176137805270e-10,6.326121691934173213e-10,9.265876239020365098e-10,1.004556796994099176e-09,1.448611299089569889e-09,1.161883185506216074e-09,4.001947621005989522e-10,5.053258525517279802e-10,7.638113544234997909e-10,1.933341575670744784e-10,8.329328628582304370e-10,1.138938835710670030e-09,1.475911635675006333e-09,1.186223968911857313e-09,5.002366438916132036e-10,5.037409135726729714e-10,6.163495032802613288e-10,7.401486040616894950e-10,7.008422676027504633e-10,6.099480988582049246e-10,1.206797505955492208e-10,-1.747212872590289383e-10,-7.294637992909469345e-10,-8.055062447881505305e-10,-1.044876459338746403e-09,-7.706772502149238801e-10,-8.912876985973632989e-10,-1.625870146884133404e-09,-2.029841666701879408e-09,-2.260755831321933665e-09,-2.578141979756167506e-09,-2.793310411675832466e-09,-3.028975306880555925e-09,-2.986584023965295365e-09
1.082658285497655470e-01,1.038997019134331040e-01,9.240859008458850166e-02,1.118169864891425253e-01,1.079936202997329592e-01,8.997116269060073668e-02,7.977169843285475404e-02,7.388829855985272477e-02,8.436936919015119996e-02,8.879964876358925618e-02,9.829482777047347797e-02,1.175015549759434730e-01,1.123933083035239672e-01,1.107575805806683134e-01,1.099257414795552640e-01,1.094548875874600813e-01,1.086028479667284080e-01,1.094854014371912654e-01,1.103237784477437561e-01,1.080886303993408154e-01,1.045917505639302192e-01,1.006564127409949883e-01,9.759859574364221357e-02,9.990937232065723317e-02,1.022997262060688223e-01,1.031642987315817828e-01,9.837731264243684826e-02,9.358511187329608683e-02,9.623065712356347612e-02,1.031599579745441780e-01,8.243984849934855863e-02,7.611044767691529933e-02,7.363748558416158274e-02,6.554615942159354447e-02,7.654218832641732084e-02,6.536972118621141303e-02,7.393991211324797697e-02,7.333455747028864991e-02,8.460993541051364808e-02,8.843099109134396063e-02,8.146032494842866956e-02,7.871480281224955966e-02,1.021917031127780318e-01,9.720082081726701129e-02,1.046222204885088602e-01,1.094759421254157539e-01,1.099351930953097051e-01,1.120741718114486030e-01,1.178192440841252797e-01,1.059005119894267655e-01,1.070786178627905066e-01,1.074598335662247384e-01,1.022584475198289183e-01,1.016806401971736690e-01,1.048115525617190763e-01,1.070862695174844004e-01,1.109279207237579001e-01,1.027205761923139643e-01,1.032228408929541236e-01,9.525128211033744019e-02,9.547135144042495636e-02,1.047202576295144238e-01,9.151191427252745869e-02,1.141886875501707671e-01,1.006170617451821736e-01,1.081095756962655030e-01,9.633683231990183837e-02,1.030872010418889262e-01,9.584444612609836767e-02,1.009214462093297598e-01,1.026841930050136492e-01,1.089564791637938068e-01,1.112906511192661291e-01,1.163387739180538061e-01,1.136097084766240217e-01,1.176340966393746024e-01,1.159452075490147310e-01,1.182141305957970789e-01,1.078199643103892047e-01,1.161284830706296456e-01,1.194567681138302695e-01,1.186526221202147818e-01,1.133192362916089213e-01,1.140345665338190068e-01,1.159471862685969856e-01,1.205022357283356410e-01,1.160171429934479942e-01,1.167090407410145414e-01,1.124302133069356169e-01,1.153581032217092794e-01,1.134982647828202268e-01,1.220946326361415091e-01,1.142860322925930427e-01,1.050339074559326208e-01,1.027056185077542816e-01,1.044149017041754862e-01,9.225055852588522065e-02,9.992565929265809221e-02,9.550296018618803506e-02,7.598401008181825123e-02,9.020464869448983902e-02,8.128843728640827715e-02,8.431675198016660988e-02,8.285522210397579246e-02,7.459774634678212335e-02,7.216719075173881615e-02,1.037209704740884586e-01,1.040293750175429743e-01,1.246889744226008651e-01,1.105231423047280531e-01,1.121109859755623495e-01,1.042794869969763810e-01,9.611266646464532160e-02,9.869007845137189872e-02,9.920374826679398406e-02,8.099861255131697579e-02,7.690215012123760574e-02,8.845187227024003951e-02,8.795686338597050180e-02,8.062144409759901265e-02,7.598177317128942954e-02,7.515110733518935715e-02,6.732628940923461591e-02,6.764441132330233086e-02,6.574774445128241107e-02,5.892685286482598345e-02,6.302150236591827492e-02,6.026781893152622499e-02,6.867642433073400943e-02,6.761936317979520827e-02,6.626167994530904326e-02,6.689771470727388925e-02,6.759006338916297152e-02,6.576320358582618542e-02,5.655030189341567204e-02,6.592850588421847458e-02,6.320450770894510406e-02,5.961820438937601857e-02,6.179970489382904247e-02,6.555751054600598982e-02,7.429007543179025341e-02,8.168944151118358310e-02,5.685177984041234894e-02,6.440183704721931524e-02,5.583502178994229764e-02,5.431453077504346666e-02,4.302612085077481968e-02,4.587414960482138343e-02,4.943353988718520581e-02,4.807328463330528406e-02,4.774751308419658558e-02,4.585674963851793517e-02,4.350341378014466881e-02,4.889545647467614942e-02,5.477158186066204137e-02,5.746715065150526103e-02,5.009767170002021874e-02,3.703142420070145574e-02,4.019762704781007501e-02,3.402983639046797820e-02,2.388275848940107915e-02,2.917943062700364965e-02,2.858741192706007808e-02,2.695811724000911347e-02,2.739636853385950602e-02,1.916297150382084008e-02,2.058576188161782144e-02,1.865567813942561881e-02,2.882437301819821759e-02,3.439319953613791114e-02,1.931573951600820682e-02,2.253274072333157768e-02,2.285460072192168138e-02,4.803045827247275079e-02,4.212466732134435149e-02,3.763884064470421342e-02,4.334219388328255929e-02,4.875819775049135968e-02,4.672394910814093444e-02,4.894617762164341079e-02,4.627868786802996626e-02,4.907955264262893469e-02,4.444449442570930220e-02,4.451974870890320485e-02,3.773681162598981759e-02,3.130909483098162638e-02,2.853932348792315166e-02,2.523905505468668556e-02,2.734698313723110327e-02,1.422249136611892714e-02,1.770954361362809745e-02,1.804348230075325521e-02,1.979423190459221257e-02,1.934395856683070181e-02,2.707055372798227236e-02,1.926318563592639699e-02,2.546028091166741003e-02,-1.532264767486479079e-03,-1.920402496244223364e-02
1.162740266538109246e-01,1.331222397335904695e-01,1.207473549614507397e-01,1.189177225548458117e-01,1.217470548622911763e-01,1.060478780971645385e-01,1.075127279913735689e-01,1.158318979227711543e-01,1.158738194992247755e-01,1.179044238043892162e-01,1.175367084256201122e-01,1.142450934177613731e-01,1.090859298052476306e-01,1.112879619742320608e-01,1.124302588767185501e-01,1.087912801432884685e-01,9.774863179019092907e-02,7.303829992026140971e-02,6.845839368245637546e-02,7.552728075124254259e-02,7.472473753924416262e-02,7.064336627236442179e-02,6.463911448785619740e-02,6.704230061737025126e-02,7.718230090944756816e-02,7.929344934995327665e-02,7.899627482817067614e-02,8.020104168367046815e-02,8.729786079107422492e-02,9.200617020166430848e-02,8.413064638436616727e-02,8.735463720473685134e-02,8.706449091627491144e-02,8.875377452254273880e-02,9.343177777166421227e-02,9.426816794268651212e-02,8.983356591466798435e-02,8.398391329827199769e-02,9.084231293135314189e-02,8.890205725142817650e-02,1.020849013566517832e-01,1.126338667508812175e-01,1.245174378480098237e-01,1.114138433317456295e-01,1.135239226315531980e-01,1.399606470620813337e-01,1.428396072594280142e-01,1.586274543423137895e-01,1.658892064327465443e-01,1.579714076951794777e-01,1.668015498705996968e-01,1.686918288406002164e-01,1.480297316484138759e-01,1.387780434269027252e-01,1.281399790575848963e-01,1.231339281350716797e-01,1.146729113652170812e-01,1.104344513642548098e-01,1.176926211390900423e-01,1.104437467588880450e-01,1.133978060367218377e-01,1.043646396444660313e-01,9.939095026534801314e-02,6.987874832125273716e-02,6.275077959707935082e-02,4.797380940236181668e-02,5.295831791047315995e-02,4.872578384494882092e-02,4.990008684727641891e-02,4.116004162379628684e-02,4.484805202337875663e-02,4.377018266540525643e-02,5.105486092668047593e-02,4.593837635052461232e-02,4.071966582496076847e-02,3.724719626803802558e-02,3.291353259251875857e-02,2.826010842472456014e-02,3.299232826098282695e-02,4.346783866882071579e-02,4.709189895658610903e-02,3.963102886448603007e-02,3.133221759867979572e-02,1.821375840894579740e-02,1.727010102320752222e-02,7.363200921395468904e-03,1.943218507286115920e-03,7.541424809649990846e-03,3.053691162447351448e-02,1.938235581117482564e-02,3.026014473024579016e-02,3.971809836636253088e-02,3.140368566356308705e-02,3.149082586155128177e-02,3.962099124884948392e-02,2.897924558742215675e-02,2.183520268554451152e-02,4.118514470655812443e-02,2.881051465804525258e-02,5.618780711722459048e-02,6.859016937631029487e-02,4.975812952217383012e-02,5.449654899103448247e-02,3.098573832213447066e-02,3.838467592685563395e-02,1.506784034469299538e-03,-1.008071431098566881e-02,-4.635986459233925987e-03,1.962091825492459987e-02,1.756975037469021145e-02,3.193048358074258852e-02,1.980011177948626244e-02,1.679102836067982926e-02,2.073541379745033261e-02,2.306324420624347726e-02,3.519330347567568851e-02,3.838923702806575772e-02,2.451158452714690891e-02,9.424351045409310942e-03,-9.468740984726062640e-03,-2.554389885217025341e-02,-3.380197484527590335e-02,-2.762486477687987191e-02,-3.909622608183890846e-02,-1.234026411306577559e-02,-1.474811888346513541e-02,-1.805658320868448394e-02,-2.353062993252882235e-02,-1.975657992093468943e-02,-2.221948692391308156e-02,-2.332018777073740709e-02,-2.251792719875358312e-02,-2.650406065423953697e-02,-3.172027210387064200e-02,-2.911943419469919386e-02,-2.977645445980111466e-02,-2.923789870108875477e-02,-2.983075313089573674e-02,-3.138916652091208043e-02,-3.228671930109244803e-02,-2.554990500227782846e-02,-3.347053867927996668e-02,-3.856363292409575177e-02,-3.833910324028170363e-02,-4.196860972349213126e-02,-4.292988086477210474e-02,-2.625670423685103061e-02,-5.021646492656627048e-02,-2.948927876497189210e-02,-3.804700170421848604e-02,-1.505918195365582232e-02,-1.241788624866948729e-02,-2.375460384927840715e-03,4.619370263065811569e-03,-1.324817414576417475e-02,-4.434666034031984130e-03,-2.299813025723927012e-02,-4.497959549287930403e-02,-3.907028483837990396e-02,-1.477236717406550659e-03,-8.834664420840866381e-03,-2.676442712056789630e-03,2.075542418884778958e-03,1.720208706860501535e-02,2.192973437824145139e-02,4.559626755077278437e-02,7.306566662489502595e-02,4.661665983801607793e-02,4.643451411747446383e-02,3.515062911202429530e-02,1.121042186407352620e-02,1.890233091267718574e-02,1.128257732046715305e-02,4.024382259947484330e-02,3.765456805746911217e-02,5.825484390113006006e-02,5.249940543636712198e-02,3.828106536443324354e-02,3.532839667075100831e-02,2.565761816605802159e-02,3.699192904560798245e-02,5.040464705937416912e-02,4.365749627576166747e-02,1.102527233760389885e-02,-1.043919759073572498e-02,2.410603089948745378e-03,1.029237276975475662e-03,2.184547436773619580e-02,6.650587680286168882e-03,1.202763717523568261e-03,-2.686189736881902310e-02,-2.836936490248138931e-02,-5.219485848102627112e-02,-8.433765019661312867e-02,-5.411688416773988153e-02,-6.091936088732218674e-02,-8.985074191645804620e-02,-8.593657656538238043e-02,-9.289097294499587543e-02
-1.385331982096262401e-10,7.002264398591604372e-11,-8.244565473949064861e-11,-9.966513893586056574e-11,-1.631970222723414255e-10,-1.636892062555840746e-10,-3.120428769188721571e-11,-4.591208432599769620e-11,3.663796119573956890e-11,1.341795453608990415e-10,-1.394566439386945983e-11,5.338239074299934381e-11,-2.331759260115150296e-10,-6.318597132374718816e-10,-5.137814090611263606e-10,-6.512081313192446250e-10,-4.175783224737550504e-10,-1.561066683278688622e-10,1.248561493750314782e-10,2.799885621541237210e-10,5.270571781667296259e-10,4.422005328283904212e-10,3.926189540589586819e-10,5.558363823172169492e-10,7.743692926127806861e-10,4.446541598645320960e-10,4.871559166085155685e-10,4.364939553281197483e-10,2.681694109074987886e-10,5.026126503369560565e-10,3.500223491548852034e-10,5.406528116870653571e-10,6.940863978090141610e-10,7.089434435709751570e-10,7.012893092812408373e-10,5.943609373457251206e-10,2.427163349470096472e-10,7.618050975352703685e-10,1.037447794462835083e-09,1.403721880218921918e-09,1.811083325892386372e-09,2.318474491364032516e-09,2.164494729471791015e-09,2.202979751688365896e-09,2.096452692142977560e-09,2.362734907057910386e-09,2.223240955487912568e-09,2.302425560734141354e-09,2.355950210644392124e-09,2.468944912672647556e-09,2.553438069026995830e-09,2.577353246097987011e-09,2.487345265382311297e-09,2.193175171224533632e-09,2.284030398338787387e-09,2.448429513225066863e-09,2.288495147763860535e-09,2.332567491839143993e-09,2.392105812008470702e-09,2.812636465946453221e-09,2.809331590814710975e-09,2.552197263409320984e-09,2.060091771420518809e-09,2.383389381438961849e-09,2.686588027209583170e-09,2.099178999642466767e-09,2.569541695021993495e-09,2.128892379278714564e-09,1.995440832373689959e-09,2.024867292294135780e-09,1.935502773825768980e-09,1.433409933765321407e-09,1.234212014420377590e-09,1.064493640207292283e-09,5.351602525961321169e-10,6.292824000933960968e-10,8.828661868553301691e-10,1.255690644432748603e-09,1.507145372456744787e-09,1.055844970598671098e-09,1.161814133247620620e-09,1.494653985413861903e-09,1.642944349428950339e-09,1.424746658134775213e-09,1.449592823224615041e-09,1.461871666067672945e-09,1.430008682671750593e-09,1.238166286703165058e-09,1.529454758323403369e-09,1.288672706848430216e-09,1.150158259756583276e-09,1.140275679263246673e-09,1.290693652096004681e-09,1.230417506101846687e-09,1.179267808865496734e-09,8.876643571252504111e-10,6.814836969447190190e-10,1.025830760203876898e-09,1.718400006099392003e-09,1.794844322903195903e-09,2.220904756472507882e-09,2.013021667478641759e-09,1.951818657197529677e-09,1.719607617064183977e-09,1.798941008510989228e-09,1.836979188727591397e-09,1.875669042373260029e-09,1.555883421888626780e-09,1.239939950468819859e-09,1.619351229769253104e-09,1.154950454299681481e-09,1.378137438746392407e-09,1.428168907425762385e-09,1.557341926235065145e-09,1.586964877334369833e-09,1.584259384206010751e-09,1.457567363930092864e-09,1.567616223902443045e-09,1.467362037768725975e-09,1.389666672458994004e-09,1.202822102301773608e-09,1.380513613598308431e-09,1.437096048858347562e-09,1.493921071934223472e-09,1.470293787371834428e-09,1.153494078182815605e-09,1.116802273532357646e-09,1.004145237959279031e-09,1.269599797172556230e-09,1.163576632680140778e-09,9.876085685087386330e-10,9.275012996389874164e-10,1.035627007186080230e-09,1.360725977704695804e-09,1.054600400632742898e-09,6.087845804637439965e-10,5.155633381603277934e-10,1.757632617253510192e-10,3.597631693243363492e-10,3.625821965974504853e-10,4.393772819814817594e-10,6.031933671088169005e-11,-2.294715130812862872e-12,-2.551101912521060994e-12,-2.453820680734457947e-10,2.215290098503873710e-10,-1.005936559695381456e-11,-2.133389886921820167e-10,-6.765963968263482964e-10,-7.584945050771062019e-10,-8.893688490609190623e-10,-9.143931593141725573e-10,-7.467262796801600057e-10,-7.408324223421769394e-10,-7.836166708473457066e-10,-8.555307688294018722e-10,-7.855497478048196784e-10,-7.488308605361848767e-10,-8.503990099559333122e-10,-1.060806072040738167e-09,-8.039261719865499625e-10,-1.004822440857231425e-09,-9.276667789489296061e-10,-9.666560214834397604e-10,-8.853623198982176242e-10,-6.114786370907666833e-10,-5.989059682856675501e-11,3.171361419501030297e-10,2.417772766446693840e-10,2.636822715950237270e-10,5.566337784143409383e-10,6.263703289749475494e-10,6.731697382452437012e-10,9.191092226562613905e-10,8.713572504035908611e-10,9.509976963026441251e-10,5.990065601443655182e-10,1.224408578735707989e-09,1.569638564314471676e-09,1.671684472196440411e-09,1.544756520053104743e-09,1.456028033507208470e-09,1.550781672356007139e-09,9.687740069994745324e-10,7.038911449388514685e-10,3.419554504571454220e-10,7.845324393222614466e-10,1.347464086149300994e-09,1.179169076688323904e-09,1.555769305539056442e-09,1.589003300363008843e-09,1.671775240487083322e-09,1.857796820487559521e-09,1.579914233234878383e-09,1.658022262269868971e-09,1.792387100022569785e-09,1.857675497532487303e-09,1.931936011396820671e-09,1.644604887961733453e-09
3.412098510734158374e-01,3.422938120009469398e-01,3.402141410092967555e-01,3.381317171295963875e-01,3.381552125323080138e-01,3.423859815868661172e-01,3.288255613331132476e-01,3.305964692890187018e-01,3.289900473360561350e-01,3.270994367764221700e-01,3.274364024176664723e-01,3.277243091434373090e-01,3.202878952062800932e-01,3.224874967737213494e-01,3.236409488831474279e-01,3.252668216911723253e-01,3.448612161791024255e-01,3.416865688797943723e-01,3.418855111921492718e-01,3.417274792755148338e-01,3.435182695977037071e-01,3.572550416757230840e-01,3.528101568297334345e-01,3.563183425013521921e-01,3.651573495630870969e-01,3.726286225343569680e-01,3.736738479233892019e-01,3.909436933120347679e-01,3.885805543301649179e-01,3.966652801488986246e-01,4.038170045802780272e-01,4.152322501857215187e-01,4.041329937174200637e-01,3.897559683215948145e-01,3.741988839021286317e-01,4.051326720628271039e-01,4.147322963281371289e-01,3.954617855582887032e-01,4.000763596195353600e-01,4.067720083756785621e-01,3.753765001340880758e-01,3.857735375024799462e-01,3.819521274701330182e-01,3.748550232575505459e-01,3.733225717312076974e-01,3.728435033146083599e-01,3.707166606841172940e-01,3.657955975821178263e-01,3.682680262437140750e-01,3.764088479428892020e-01,3.631528836113111502e-01,3.704496632080129803e-01,3.838034120233843050e-01,3.764777556591745733e-01,3.796211104456997387e-01,3.635424509957517203e-01,3.439914900285286348e-01,3.548608127773576482e-01,3.489411474703706939e-01,3.480195900820999277e-01,3.519552251915015195e-01,3.499266734507108789e-01,3.539837344818976272e-01,3.575188936774151838e-01,3.635853189380836570e-01,3.636970950432953376e-01,3.638543617698870580e-01,3.599049234157172261e-01,3.682248500085165688e-01,3.768283468447509166e-01,3.841139588909880387e-01,3.729592794733472272e-01,3.546957067194879132e-01,3.445093833560634589e-01,3.591643847714545146e-01,3.533293058000154807e-01,3.596950946512368352e-01,3.561855855970351148e-01,3.461221398220462042e-01,3.369120036109365390e-01,3.585291603111234182e-01,3.430710665679417293e-01,3.400485630059333908e-01,3.343573872208448483e-01,3.474122683979360415e-01,3.490901227379549221e-01,3.413930433991549385e-01,3.436458517298697779e-01,3.405143328106379208e-01,3.539531734510852345e-01,3.537614663103666457e-01,3.589149384941432430e-01,3.578982241090041261e-01,3.562300288051441499e-01,3.541565026669191152e-01,3.546133637377645309e-01,3.558788379195917950e-01,3.533238312583529273e-01,3.550361657313289010e-01,3.634323744373177401e-01,3.498545581612099165e-01,3.673652020040865662e-01,3.925580130597645101e-01,3.751666388200231017e-01,3.893157548794606293e-01,3.641827648640250104e-01,3.849635262155882698e-01,3.998142036522585596e-01,3.708472244490664260e-01,3.840543198616152010e-01,3.748893450870849353e-01,3.776057142999454941e-01,3.390158946879407997e-01,3.251878319948972584e-01,3.446024366096116509e-01,3.575241672653042824e-01,3.632088999568846566e-01,3.471723608081774270e-01,3.574495121980045265e-01,3.666635605367927764e-01,3.843455901580505318e-01,3.667230858307978236e-01,3.645805850931931880e-01,3.687956622605921275e-01,3.271048235575489960e-01,3.480351740626740908e-01,3.593587475669924869e-01,3.524742794320829820e-01,3.847868169664095950e-01,3.914731396786811368e-01,3.647890206871513552e-01,3.653857500932367053e-01,3.440498268243273317e-01,3.411518805074954530e-01,3.558420783543454480e-01,3.628448486972868370e-01,3.310084661829190145e-01,3.370484508345359953e-01,3.645927389250329664e-01,3.656943877665119746e-01,3.508101462054342146e-01,3.369351678638012881e-01,3.346198954537426551e-01,3.266248876472024887e-01,3.040992218917898948e-01,3.112155447220597004e-01,3.017961079504573596e-01,2.978286352816381655e-01,3.056070313003784178e-01,2.974494536008800427e-01,2.938898162601345510e-01,2.746817893237339381e-01,2.741272967478053935e-01,2.861083031287436351e-01,3.085779462739396406e-01,3.361775796444703701e-01,3.369048231083368039e-01,3.303740862064426520e-01,3.080912076727676530e-01,3.188482704080949359e-01,3.100135137083820380e-01,3.518110677467291003e-01,3.543963682073337784e-01,3.797757552162054351e-01,3.964289508328949774e-01,4.085642765621406713e-01,3.900818153382653586e-01,4.024579442964624221e-01,3.884229277623062471e-01,3.729354090286123302e-01,3.683399485859664702e-01,3.545939451204208059e-01,3.391533927393096115e-01,2.966805685628182143e-01,2.967721075973576150e-01,2.699439356247640975e-01,2.875612819526127129e-01,2.900888276632032636e-01,2.691772622852781072e-01,2.546989550173106021e-01,2.532237832202893779e-01,2.617032600494408889e-01,2.430196522186618968e-01,2.340336441791534827e-01,2.617212454860139426e-01,2.409416714570361828e-01,2.486447376101139917e-01,2.567812829631487270e-01,2.687446502852530172e-01,2.829423097583395053e-01,2.720541365319333327e-01,2.422119896242283521e-01,2.369365078079761766e-01,2.308781009022238540e-01,2.306075194291720143e-01,2.344106024431553414e-01,2.151760148581076393e-01,2.479513168453168215e-01,2.334187816506353985e-01
1.278552817323553363e-10,1.886768234164498142e-10,3.655374699240616777e-10,3.036557419660772188e-10,3.126325554979166058e-10,2.993685347435609919e-10,1.650122568247674852e-10,1.419580784451450581e-10,-1.968915214089071430e-12,-3.238037640887238423e-10,-5.586329248247653700e-10,-5.811309544190167231e-10,-6.367410583950298143e-10,-4.474085756664572683e-10,-6.906204985136569351e-10,-4.929933900297554192e-10,-3.605638197136226289e-10,-4.345152499758192881e-10,-2.869871349486086285e-10,-4.793748890170294705e-10,-6.990178009310564579e-11,3.369717947210702089e-10,6.296809727820164567e-11,5.815894159853022191e-11,-2.169081210131056928e-11,7.322497111963197243e-12,2.011209729469341459e-11,6.499419832365896505e-11,-3.128078511819310446e-10,-3.519802789174240282e-10,-6.175171402056474730e-10,-4.226724309190568231e-10,-4.453355805235827788e-10,-4.216650030012706985e-10,-6.500510262383509606e-10,-2.466694618531174862e-10,-6.576410459653669426e-10,-8.546988466725739632e-10,-1.051356913208231859e-09,-8.665104189529321868e-10,-1.487751880759197177e-09,-1.459818213870944414e-09,-1.729239951683955371e-09,-2.022962531892936359e-09,-2.322160120076529395e-09,-2.445479942950265653e-09,-2.045270390699867787e-09,-2.038617029865786990e-09,-1.992717517696470156e-09,-2.092314510845296918e-09,-1.458186062908057391e-09,-9.472959739983479560e-10,-1.384845861068595336e-09,-1.433894514815150207e-09,-1.924321649157468919e-09,-2.336399885073121651e-09,-2.135029716135109649e-09,-2.202672779475809630e-09,-2.064459148677373626e-09,-2.466126686018732131e-09,-2.097086425808474689e-09,-1.966857531827497911e-09,-1.878202513222454338e-09,-1.379307399029446100e-09,-1.086720051715459848e-09,-4.167685738597611591e-10,7.003458124866144341e-11,3.459938924933097441e-10,-6.282511170940250714e-11,1.506344805603711817e-10,-1.543034990433390264e-10,1.674604395671084468e-10,-1.773687690130195748e-10,3.237176742065135330e-10,6.160542307119260033e-11,5.708341699330624750e-11,1.823070413438575133e-10,-1.164509732910199581e-10,3.007187663581338383e-10,4.188954895653472357e-10,3.935351427047361870e-10,4.515600047633039856e-10,4.734125879609788835e-10,6.541143109506945983e-10,1.588182856865611356e-09,1.777277995778026180e-09,1.847091563659947266e-09,1.693534507269088513e-09,1.061868837944851340e-09,7.401493069794443213e-10,9.016396705945577570e-11,4.383611227033169207e-10,2.544478572243972283e-10,6.706784502568176870e-10,6.904852573817309349e-10,5.866928891622841242e-10,6.538835070773552523e-10,5.128430876993652216e-10,2.506873273773066012e-11,3.161891591979837230e-10,2.877729476511928257e-10,-5.218682333897741069e-11,2.192773189143830854e-10,1.354450043679043129e-10,2.477259214039288348e-10,2.756724784254319513e-10,9.862431383795184139e-11,2.253977633914617769e-11,-8.790703895365553893e-11,-4.243381308732777837e-10,-5.479671456743911725e-10,-1.129114527785225935e-09,-1.412691258929711664e-09,-1.498304404952807448e-09,-1.937844345536050074e-09,-2.193651206824712517e-09,-2.200671292107438827e-09,-2.225731259152566443e-09,-2.054994695895358991e-09,-2.205546650714402256e-09,-2.436202127528685941e-09,-2.487364163252098115e-09,-2.688715656546821931e-09,-2.595170491992469806e-09,-2.560892158821024788e-09,-2.302375929587136713e-09,-2.669222534785206251e-09,-2.502419029165217339e-09,-2.832248985628409052e-09,-2.978305658973525034e-09,-2.910925284222793074e-09,-3.396831361666982351e-09,-3.472761870651827180e-09,-3.575538826747877590e-09,-3.757073102852658373e-09,-4.221759328550316575e-09,-3.564111867863538337e-09,-3.746474432554161962e-09,-3.976080044180443799e-09,-3.751747995319925602e-09,-4.214597212915306752e-09,-4.149027548988491428e-09,-4.220524664856856207e-09,-4.282614125166158284e-09,-4.481493134938056586e-09,-4.270063302346860967e-09,-4.597247297400075370e-09,-4.705833412438196502e-09,-4.994391041752677263e-09,-5.171290733714064919e-09,-5.128841544863301786e-09,-5.384222867224838832e-09,-5.192644443960342972e-09,-5.279420128049351690e-09,-5.043321182864532454e-09,-4.754539006605457910e-09,-5.132012695105488745e-09,-5.072864785217069058e-09,-5.546067681938134699e-09,-5.321107273112793224e-09,-5.293192542995044955e-09,-5.707526707904147732e-09,-5.540726511552294704e-09,-5.401186516001241255e-09,-5.678099692131326109e-09,-5.685614198544538354e-09,-6.257850915702269616e-09,-6.191961081296903851e-09,-6.653358211327214556e-09,-6.760844585134682836e-09,-7.162070848815567653e-09,-7.163041165039587032e-09,-6.998553324489530111e-09,-6.735111432930967966e-09,-6.656697312832153703e-09,-6.708577409161406622e-09,-6.722148775021996818e-09,-6.379304501527283817e-09,-6.803696503014536604e-09,-6.713653711921510843e-09,-6.474418928731097964e-09,-6.271618784651334444e-09,-6.278404333357884489e-09,-6.178617030802003008e-09,-6.510034920748688724e-09,-6.440770009807138418e-09,-6.575605424870199637e-09,-6.345017733562599168e-09,-6.545991603926796093e-09,-6.486347094985631073e-09,-6.345639429425235788e-09,-6.634292420161149131e-09,-6.611201688249060022e-09,-6.540218382614626724e-09,-6.786810201183651325e-09,-7.049206090265309553e-09,-7.040455566988761289e-09,-6.979512206359814020e-09,-7.052429920025738005e-09
-2.503721329081618014e-10,-2.268531016721153160e-10,-3.256885436572822974e-10,-3.892438551785993583e-10,-4.301932855170310441e-10,-3.784754753393082206e-10,-4.953890246114903082e-10,-3.300796638665965232e-10,-3.252848110971574861e-10,-2.554506813933726739e-10,-1.373611691120821723e-10,-1.358549064322428959e-10,-5.597859520115274106e-11,-7.687363823539011003e-11,-2.080592396341005115e-10,-1.789445507591902510e-10,-1.003968494831626005e-10,9.651162579760703071e-11,3.120960251109603464e-11,1.074923944255119055e-11,3.208930604206198150e-11,-1.532901085955135656e-10,-8.432490410381134759e-11,2.238406324119231519e-10,3.169258861542998687e-10,5.262964086733456742e-10,2.015495536650264181e-10,3.891844107975611296e-11,1.070426531930842978e-10,1.259101403147213219e-10,-2.645493859951424606e-10,-2.896578368851280550e-10,-2.674458381982586292e-10,-5.624677456522916843e-10,-8.706320287145996546e-10,-7.984346476884613930e-10,-7.126426946345597146e-10,-7.076869178688545519e-10,-9.361169101105904879e-10,-7.683444886942756543e-10,-1.122320369588657455e-09,-8.248472066377176879e-10,-3.963763811525973783e-10,-1.621175975962752970e-10,-3.003440126191728993e-10,-9.648615932894882425e-11,8.822070795046361863e-11,8.277238992253308693e-11,5.503230829077553467e-11,-4.081196290382300076e-11,2.983916593388222757e-10,1.121457876647509810e-10,5.872695169547859756e-10,7.795911343038516034e-10,9.246215559296249228e-10,1.457218981614519311e-09,1.377204367276325841e-09,1.337500728479227542e-09,1.475243788143300774e-09,1.464521287939243681e-09,1.451360143781862775e-09,1.602053721093893101e-09,1.482308203986618332e-09,1.454648526119375838e-09,1.514959483811886147e-09,1.408669250321733373e-09,9.784449439812513770e-10,1.356720677357172392e-09,9.174890597750637969e-10,1.327014585241528472e-09,1.097802467669263026e-09,9.658322302854370450e-10,1.209848625562975289e-09,7.522792000194831691e-10,8.823093140128852310e-10,1.178741525018329573e-09,1.619682305277978765e-09,1.139437220881958136e-09,1.074209537704145914e-09,7.933684610231426843e-10,4.640214725376818098e-10,7.747969713569095565e-10,8.688751041640340190e-10,5.856661302530479206e-10,5.077902414896326471e-10,6.661102218063133071e-10,5.673071633002600232e-10,5.602917156324466053e-10,2.020378568625235175e-10,4.271315656061745947e-10,9.485032223734614417e-10,1.138463450698229855e-09,1.414243486182570060e-09,1.765223269965928553e-09,1.701000953385998606e-09,1.434644593721863490e-09,1.142989196196090584e-09,9.444003255237722798e-10,5.840356375091008856e-10,-5.643653873860670005e-11,-4.277981343581456636e-10,-2.965542379252017311e-10,-6.633641230355064751e-10,-7.999852905054769958e-10,-1.086664203315956293e-09,-7.735647587628493116e-10,-6.878783189759425111e-10,-8.305097068625182157e-10,-7.727476255122348120e-10,-2.608507333451628880e-10,-6.219345361270230174e-10,-5.665167995240109493e-10,-6.616428862499587569e-10,-5.115732631016747666e-10,-5.668515684475111606e-10,-7.057254792386868785e-10,-1.023888858906033742e-09,-9.010726595541826664e-10,-1.124531578103713727e-09,-1.427096084020396467e-09,-1.149508792684337036e-09,-1.448033062198110258e-09,-1.696065912866736373e-09,-1.398677624713905772e-09,-1.346323462509168291e-09,-9.275926747955688502e-10,-3.048813947191132411e-10,-6.631423585242249131e-11,5.651236147138743830e-10,3.908213546644464178e-10,3.454861908035565395e-10,3.289055848155284182e-10,1.210619474632167093e-10,4.677085925586264435e-10,4.762310503631274729e-10,5.510463148390652895e-10,5.087098296823827676e-10,-9.336166806949452703e-11,-1.353580694700454881e-10,-8.005285597847286459e-10,-4.913632408011609287e-10,-3.526940317447017676e-10,-5.792085309356355459e-10,-7.514369096002799924e-10,-5.814229715157045991e-10,-6.233034289606834246e-10,-3.579255853315967027e-10,-6.167365164383982926e-11,-4.665554888680216945e-10,-8.141714168950326174e-10,-1.279421314979670050e-09,-8.431367999587473237e-10,-3.914675069408365612e-10,-5.607898955916949395e-10,-4.075776244364206734e-10,-4.461900680547178422e-10,-6.729833560983857772e-10,-8.266047553546003400e-10,-1.273348767369138055e-09,-8.855041063119399652e-10,-3.632912014168108388e-10,4.079040870537014915e-10,1.572832461059064913e-10,-6.237940845921572270e-10,-7.355530028655739132e-10,-8.405533539955169580e-10,-4.509440711521551433e-10,-3.826317532911178657e-10,-4.859176315490295994e-10,2.303862379380857170e-11,-5.180885505097255159e-10,-4.836801399405315371e-10,-7.937483334894561193e-10,-1.371513272711920986e-09,-1.356797424583879053e-09,-1.110646350784050341e-09,-1.244105180854319573e-09,-1.046838343667433380e-09,-1.067034256415958278e-09,-8.125536795470323871e-10,-9.635998105794743918e-10,-1.024995432548541180e-09,-1.096996502124028129e-09,-1.189993820755416077e-09,-1.152881253699322139e-09,-1.101553362222433365e-09,-1.228896536540591773e-09,-7.169738768393554657e-10,-7.647709393192669448e-10,-9.586086012574152712e-10,-9.572064536997852697e-10,-9.928175474237674216e-10,-9.330407835591605586e-10,-1.161432877333451151e-09,-1.424738577417473747e-09,-1.083358283802913090e-09,-9.987220006727514279e-10,-2.593505981650857445e-10,-6.280395246728680466e-10
-2.901514246284942616e-11,-6.490596750165645555e-11,-1.491094971095081954e-10,-9.249983740254798155e-11,-7.967114235197317783e-11,5.120099302611906758e-11,4.055230322379838993e-10,6.122353705999792237e-10,8.132486180373727696e-10,5.531827611216344086e-10,7.176601747653303441e-10,7.118502528790106571e-10,5.936119924009648858e-10,3.812623784034182076e-10,6.610721111399588645e-10,7.318335673616864729e-10,8.647472078508183159e-10,6.334994099606384993e-10,7.661916356635429484e-10,6.880239733941993368e-10,6.100073552053671812e-10,7.705642377635811859e-10,6.913364264866669108e-10,6.944351390057305523e-10,9.771745405609384777e-10,7.811609037041049567e-10,9.639296040592032330e-10,1.114335317749050203e-09,1.293386399602894894e-09,1.101464215703350536e-09,1.061404887756044227e-09,1.008974675330946404e-09,6.969767557428724267e-10,7.069942807649602888e-10,1.033330093199621852e-09,1.142144958979902171e-09,1.033104999762279894e-09,1.358630179317849654e-09,1.605554476359803949e-09,1.892390950456937269e-09,2.221349230503843640e-09,2.207691076806408380e-09,1.831961525833433912e-09,1.487601833937332355e-09,1.740521916903953518e-09,1.458803487248878764e-09,9.583545283216685499e-10,1.079525483617930442e-09,1.206950027495903205e-09,1.379194679985199912e-09,1.005524475908711502e-09,1.282517661464244464e-09,1.815577357052404212e-09,1.710105453895080386e-09,2.392847362423423600e-09,2.548505743737628800e-09,2.336397419693996942e-09,2.210282139899468151e-09,1.902497880883944292e-09,2.099930750596881574e-09,2.075402809402812816e-09,1.892582656246800271e-09,1.764106783615163863e-09,1.245614076110753904e-09,1.434581195409858348e-09,1.660907345666088292e-09,1.910989824070283920e-09,2.040486406854121894e-09,2.097835594426129168e-09,2.472516560015202378e-09,2.828522081477862628e-09,2.667137597996352264e-09,2.295257535017096244e-09,2.466677266231523580e-09,2.390484321275261054e-09,2.430923017775173591e-09,2.672521171007870185e-09,2.654992524654688623e-09,2.451893376643826396e-09,2.316918510889818532e-09,2.372937056707012190e-09,2.490527491205670200e-09,2.740206012775741652e-09,2.575404816540006052e-09,3.016916532867587867e-09,2.832487775149658605e-09,2.659301539900785004e-09,2.414311315986507877e-09,2.541990618694679730e-09,2.702080215090325296e-09,2.410861337461933871e-09,3.049278536120817559e-09,2.193230112302274178e-09,2.812811914431725140e-09,2.715018611462542808e-09,2.977329113574526250e-09,2.599794320660606689e-09,3.007024256720464800e-09,2.997363619625882415e-09,2.757669356015063700e-09,2.943128182647285784e-09,3.184828322217845359e-09,2.754885823059732171e-09,2.959831373362867425e-09,2.848702614952760193e-09,3.043340988185217872e-09,2.431562086274247239e-09,1.902398179959002990e-09,2.034409610926554295e-09,1.847494950831113983e-09,2.207836255727966981e-09,2.572272126561224106e-09,2.981189354488215333e-09,2.718266537230098716e-09,2.992033444170552084e-09,2.495176853567785378e-09,2.135866493463278527e-09,2.761085325064477265e-09,2.823947953247676233e-09,2.664746346791884633e-09,3.389805602695888886e-09,3.316120028044781037e-09,3.329727988709147616e-09,2.921972454888498400e-09,2.816896844076363065e-09,3.562344167540964186e-09,3.744079890435359514e-09,3.613608168412284521e-09,4.260641065750951339e-09,3.718851219909874424e-09,3.837259410187223750e-09,3.961761475498228907e-09,4.363621840726137812e-09,4.434393295468984858e-09,4.154146489519941646e-09,3.768416494592888069e-09,3.755871977673388996e-09,3.667600476638140810e-09,3.350424995978023321e-09,3.014379612973801783e-09,3.370610014389427767e-09,3.116678403478665820e-09,3.332808698044395510e-09,3.503950933334235895e-09,3.865634968879238544e-09,4.138604884762276465e-09,4.041257336698827952e-09,4.063680055097089197e-09,3.983728176896973394e-09,3.502514246011818414e-09,3.796819616668281193e-09,3.650522815407954882e-09,3.814730624927992595e-09,4.405409984275403665e-09,4.486867998404012104e-09,4.544924980384719131e-09,4.265792597918092290e-09,4.380154488680118314e-09,4.605359602404712665e-09,4.113980837936227709e-09,4.198826552475860970e-09,3.916118502936491024e-09,4.094915363768395577e-09,3.625761683266602555e-09,3.061967540198284422e-09,3.081746554614839158e-09,2.732478165948211666e-09,2.535620398980227030e-09,3.272447793338516756e-09,3.356797911271819375e-09,3.285551490095872209e-09,3.515787677642720460e-09,3.621408635327534186e-09,3.713369089116847641e-09,4.490793215740972997e-09,4.263888457808987167e-09,4.312789807920310915e-09,4.298122924716692029e-09,4.270309155517080083e-09,4.242289759057861553e-09,4.388825681693191378e-09,4.577888643074788265e-09,4.920055252673531907e-09,5.356068232375212596e-09,5.063613072415241118e-09,5.039693366269055939e-09,5.641703189524302504e-09,5.747948019020056559e-09,6.052788814833988094e-09,5.846784055081097529e-09,6.212101499779312912e-09,6.064237089432667632e-09,6.134638463248990486e-09,6.160821447553328661e-09,6.303509443182750978e-09,6.144094177191367824e-09,5.776825174681355457e-09,6.706885752039638046e-09,6.771211867285922064e-09
1.115914149524082910e-01,1.126925878867055530e-01,1.116116003301366177e-01,1.099253916252921487e-01,1.072407976378863814e-01,1.122569284359172803e-01,1.138332365655372602e-01,1.141299341794824590e-01,1.109862681274284418e-01,1.125580309921401234e-01,9.763846022980564310e-02,9.809449507875302177e-02,7.570795533190481652e-02,6.755281705030546924e-02,7.215508006475779279e-02,5.344975389189429715e-02,5.095016158208468676e-02,4.927235206988535288e-02,5.238725996259727125e-02,5.986788474231151402e-02,6.973314647846406977e-02,8.144635094419550025e-02,7.502886585371164319e-02,7.760117095370362705e-02,7.537321972548069460e-02,6.118549141315409584e-02,4.792740787165114535e-02,3.127977282384707125e-02,2.726487841019573435e-02,2.351670529411760066e-02,2.621351017110771023e-02,3.038152076328584292e-02,2.111776963379942418e-02,1.615301194368131896e-02,1.742317441045854870e-02,1.711581286753094400e-02,1.908552522096745516e-02,1.943321713578573598e-02,1.376638167653950959e-02,1.568549203434677769e-02,1.596467352519565994e-02,2.168046042913534047e-02,4.094558183307410448e-02,3.857494981580484456e-02,4.500848411713884167e-02,5.339686864646739362e-02,4.892061431767795454e-02,5.061614214533612099e-02,5.171526819456657986e-02,5.108692861524400525e-02,5.338478238729815750e-02,6.107879815651833660e-02,6.570586353505709909e-02,5.398364765083413230e-02,5.729155134668911104e-02,5.166280438163878275e-02,4.123191077283723527e-02,4.741145579094669521e-02,4.772713125348086033e-02,4.780985769197852731e-02,5.614682194030189838e-02,3.405396874971437782e-02,4.901491579042812491e-02,5.334828086074921982e-02,3.446390233793948654e-02,5.257761548774021743e-02,5.115904639835436307e-02,4.172211046825728686e-02,1.829906837519184454e-02,2.096866504166946393e-02,3.535828176655395061e-02,3.711241999743832010e-02,2.764280803356420485e-02,4.088561048729148079e-02,4.147002659683163978e-02,4.753078475185033847e-02,6.295679004567308890e-02,8.204443092082969180e-02,9.030224819044033180e-02,1.041629638850786188e-01,1.099135423464133454e-01,9.775668044080251806e-02,1.092583153505580634e-01,1.303114935830895771e-01,1.105832549176298529e-01,1.572177789880549736e-01,1.506886329381197653e-01,1.804370131082265460e-01,1.759243980300064236e-01,1.637837305302793367e-01,1.670279850574515890e-01,1.695782367364603860e-01,1.440905400993266472e-01,1.379204800051615776e-01,1.212447285318512535e-01,1.030708011918827494e-01,8.569268140212263352e-02,6.682835300158028458e-02,7.258626361134294658e-02,6.801105033434752534e-02,5.107928166890622623e-02,2.109200043259876201e-02,7.639211980197707641e-03,-3.715217429004425559e-03,-9.740949629351146333e-03,-3.006829215817378650e-02,-5.344359755432908504e-02,-5.005262607847718592e-02,-5.617303579586179624e-02,-4.446431428590044005e-02,-5.156080138158364301e-02,-4.066786777069159725e-02,-7.272943544284478368e-02,-9.679849003167671773e-02,-5.335381903509321677e-02,-1.166291336744106760e-02,1.912144330873369671e-02,4.630529786303486106e-02,7.352823981675976617e-02,6.660242360097767822e-02,6.089460881104483136e-02,7.145042643501436919e-02,2.586723548337628575e-02,4.114486319289750726e-02,3.788289625816432249e-02,1.098895361066679760e-02,-3.718560455740040419e-03,-3.300223331299468460e-02,-6.090248107811082473e-03,-2.852147906072808811e-02,-3.346153869907827344e-02,-3.020158909390280311e-02,-1.902019659142076269e-02,-3.730222420951077866e-02,-2.479711145113993459e-02,-2.854731405629783517e-02,-2.436936423322644957e-02,-2.450014857375583388e-02,-1.206647240597692738e-03,1.057907586176895509e-03,1.457274716618827022e-02,8.767001397701743026e-03,2.317446016022250282e-02,1.462285703929784575e-02,1.320818673995161237e-02,1.902590837817059663e-03,2.828041800910270718e-03,6.367789872758529077e-03,-3.671936015379245397e-03,6.433309958358253769e-04,1.251840150889591777e-03,-4.584739650782874640e-03,-3.896634837509409428e-03,-5.611576830562252718e-03,8.275642751558670920e-04,-1.553815562667909718e-03,-5.397582485919945501e-03,-5.989370106137740027e-03,3.055993995605677666e-03,7.682314099655310029e-04,2.600661250775095079e-02,1.389865159660822434e-02,5.147139859732347694e-02,5.107790283282693383e-02,2.685552522808814374e-02,1.284292297250763139e-02,1.207544468002006918e-02,3.167096826006771809e-02,4.365712200926130659e-02,4.742453543007613820e-02,6.290417245009728708e-02,7.350465443260829901e-02,8.068402695805780567e-02,7.745502079843882837e-02,7.658567220052503455e-02,8.473298222217440223e-02,1.063703967150709528e-01,1.372433442121598068e-01,1.460871130356638514e-01,1.382243092772740267e-01,1.563661738262077661e-01,1.572733963022678316e-01,1.651463965688090008e-01,1.757791642229120099e-01,1.826824013712496086e-01,1.843646372169679692e-01,1.838600105911565030e-01,1.678386440615491360e-01,1.908517423115027589e-01,2.028944076093527893e-01,2.045940177191117593e-01,2.132747390018708555e-01,2.077433379210224529e-01,2.098792366742289750e-01,2.156302055395864226e-01,2.071291270468762491e-01,2.077524938590625814e-01,2.076117251474157988e-01,2.087123703832674260e-01
1.105057006555075078e-01,1.082620759759796575e-01,1.037402781753972436e-01,1.007312384757002993e-01,1.013114869647364913e-01,9.015622939975459493e-02,8.886081674716667100e-02,8.945583255565603409e-02,8.999519904054581465e-02,9.883560678637656749e-02,1.014974987534692924e-01,1.019034685445601718e-01,1.101353896772342550e-01,1.058087465862287135e-01,1.053252344684590669e-01,1.185644622440518714e-01,1.249983402974739755e-01,1.267911371274670629e-01,1.190349135317807089e-01,1.228066775311955766e-01,1.134946509913993401e-01,1.119840634605991370e-01,1.073891604690659779e-01,1.013586608918718018e-01,9.332459480919323702e-02,1.109286346357347408e-01,1.016475476119673427e-01,8.603437676975049520e-02,7.474642310425450020e-02,6.979068510244168522e-02,7.412510251995647892e-02,6.389734448819578416e-02,4.845117329539773421e-02,4.126697235616388210e-02,4.768935130011059398e-02,3.258871602964804465e-02,4.346703245936855281e-02,5.330417536783277344e-02,5.572169477444945812e-02,5.594114308155797438e-02,5.506181188774680879e-02,4.966392147803807416e-02,5.627504714002994762e-02,5.252254155345655040e-02,4.202175424351910216e-02,3.652214427165018790e-02,4.598732127208485232e-02,4.581584773555387458e-02,4.204591580126874895e-02,4.257808411401929616e-02,3.901100982644355175e-02,1.935898862045171837e-02,2.336971836692855117e-02,1.001631900723233548e-02,9.469977077253201314e-03,1.973141536274240077e-02,6.354357636961995015e-03,7.361818054113291980e-03,3.342313932875597485e-03,1.772267453757753880e-02,2.486163051702034582e-03,1.104532553556613825e-02,2.493867882613826081e-02,3.080445885049769988e-02,1.191768305713913900e-02,2.377983694306181131e-02,1.456137508986131771e-02,2.987122408083475039e-02,1.540078789567543745e-02,-8.420868136484313191e-03,-8.986723984931232340e-03,-1.779584112917775157e-02,-2.888874181856986370e-02,-2.230282416805198786e-02,-1.659032215535747451e-02,-2.779300240561231872e-02,-2.017513962971172539e-02,-1.649631623981689943e-02,-1.422796004345402120e-02,-5.087371988065273951e-03,-2.123209776153098249e-02,-1.575151266774787312e-02,2.617746201489842828e-03,-1.212798325826268744e-02,3.685155646916338928e-03,-7.504612176542540050e-04,-3.424012907854572657e-02,-3.040674587177904717e-02,-4.964351953794266664e-02,-4.288915233441951969e-02,-6.558610313200075037e-02,-6.129855113356354884e-02,-4.144858496172411366e-02,-1.298041988041052919e-02,8.057249623832626884e-03,5.301458793695639805e-03,-1.560342350867858704e-02,-4.863867492679328774e-03,-1.477464339423649464e-02,6.458914784317242724e-03,-7.857539129266325265e-03,1.066375371595579442e-02,2.147895269582537209e-02,3.157773885520094581e-02,4.597504144423918138e-02,5.223258813728570704e-02,3.548384736307426401e-02,3.056817686583501378e-02,3.536168938563240272e-02,4.910631438306285040e-02,6.441081979351009901e-02,6.905351858054005476e-02,7.233581265151599327e-02,3.729013731640687390e-02,3.395302345912679792e-02,3.666468579106001852e-02,-8.579485414187702774e-03,2.958755367051368879e-02,6.042673778414352215e-03,1.416130570270458452e-02,3.467669595147090944e-02,2.144547465046367507e-02,1.214632842052025541e-02,1.113729349820326807e-02,-3.309933109239895227e-02,9.569063746974262874e-03,-1.422758692030803851e-02,2.979800648095948246e-02,5.776548692900788234e-02,8.155757313881249748e-02,6.069300578337474134e-02,2.661871775426175035e-02,2.817504472400870347e-02,3.475346703769877088e-02,3.452098069543318298e-02,3.362485647619602863e-02,6.927616962833242631e-02,8.436371513197321592e-02,1.020879788492222578e-01,1.171093701469014953e-01,1.076137698164537082e-01,1.041468460358573045e-01,1.262375332282625884e-01,1.354759662225700489e-01,1.421167188211635846e-01,1.197124492117296463e-01,1.596244756782420060e-01,1.265300863146753552e-01,1.233861398154350725e-01,1.109598354393401543e-01,1.111385803041427256e-01,6.123480900331609855e-02,9.554862494561988662e-02,9.729361447708416433e-02,9.533560883475722392e-02,1.076014756224613345e-01,1.006510006539817481e-01,1.056380396912387637e-01,1.339120166227992792e-01,1.409371278169906094e-01,1.429454739049945688e-01,1.548121253943529341e-01,1.759720779676008651e-01,1.816801298959265509e-01,1.972667710876781499e-01,2.109539450929108217e-01,2.362957254893835179e-01,2.298527153862808814e-01,2.526198780455456427e-01,2.457717822546946485e-01,2.114172618764156297e-01,1.880282075834954214e-01,1.912344939663156995e-01,1.810579264198829696e-01,1.653865186482445515e-01,1.549944997349174403e-01,1.887885878208736545e-01,1.534675869351958821e-01,1.555513487995487387e-01,1.109992586695892208e-01,1.040653692451862372e-01,8.356649285221838530e-02,8.360032996923709436e-02,7.138946768454343395e-02,8.981715647213937836e-02,8.487367379482203822e-02,8.812970978570258684e-02,7.863164603733834024e-02,7.540691427037021777e-02,1.008396647973043708e-01,1.009689372575742067e-01,8.536020785632617014e-02,6.685022733847607868e-02,8.046324436053675644e-02,5.573224263572122694e-02,6.583690690681662239e-02,7.471770574514614849e-02,4.753907169733481708e-02,7.378886680799981446e-02
-1.499577937593290846e-11,9.878584766309797953e-11,2.121057296854176639e-10,2.081275525173459664e-10,3.291072195579338841e-10,3.035181767242029170e-10,9.423652441290228497e-11,-1.841998039644582053e-10,-1.840740982626208661e-10,-2.117909074616030612e-10,-1.334220041740799368e-10,-1.444869094602500679e-10,-8.569662199907711237e-11,2.082137327479319600e-10,3.954730771514305763e-10,3.740281632611015306e-10,3.180150931553067614e-10,3.275398408869843220e-10,5.174915379365896628e-10,3.796845110044115100e-10,1.143271402241016693e-10,1.883494291906883190e-10,2.678231971834933359e-10,5.845962971391165320e-10,2.877074712508307091e-10,8.790743512352826646e-12,6.183924692476046387e-12,3.682725260094713047e-10,6.116307889803241087e-10,8.240986320662891830e-10,7.167385938981604706e-10,8.350967577108733824e-10,7.195594947789850632e-10,9.415292185114276838e-10,4.535975546196711755e-10,4.314755588444567713e-10,2.010634939417076927e-11,-1.631226604684140395e-10,-2.643367860205108039e-10,-5.059888506671253750e-12,-4.159650484701591174e-10,-3.526934550526088775e-10,-7.115011736179766551e-10,-8.554383173921239604e-10,-7.514309521824604724e-10,-5.380549931163908773e-10,-6.692755837697616418e-10,-6.393766345048924104e-10,-4.738058231278638884e-10,-7.536083663963951304e-10,-4.657072136832642662e-10,-7.684334272430028619e-10,-7.225615773088715248e-10,-2.850332592356401796e-10,-2.429276379786269470e-10,1.690508120736884323e-10,3.151304811898719051e-10,1.732358890083035875e-10,3.368214671752831715e-10,2.576637930687363089e-10,-2.232770481185030115e-10,-4.195888271418760252e-11,2.381551495196690782e-10,-1.178023546289044357e-10,-2.573229582393780669e-10,-3.929354682287680527e-10,2.588229106848463818e-11,-2.300423103652353086e-10,-3.933225965960703475e-10,-7.045686984852453319e-10,-5.155379247981448941e-10,-3.349815076769117646e-10,-4.243169752023769812e-10,3.226644748737968265e-11,-3.988182554050177229e-10,2.107058609986234135e-10,2.367540534888784408e-10,2.780957640543442269e-10,4.684009012163041913e-10,8.365481337046402646e-10,7.693964660802754640e-10,9.107939343159470365e-10,1.311395278381194208e-09,1.745643320156221833e-09,1.020282618992792010e-09,9.443819626585297900e-10,6.222018712757625597e-10,8.548025537863034190e-10,1.025207691283437584e-09,8.144435492629427071e-10,8.287004512840057687e-10,1.165333255860015206e-09,7.331703059894088009e-10,6.221229398586414349e-10,2.381888558095489461e-10,2.074719948436388017e-10,2.821227801623857708e-10,1.281817224510707540e-11,-3.655411036431279975e-10,-4.676874820102150568e-10,-3.692452684728947359e-10,-4.886981761781136575e-10,-3.619405814259774769e-10,-3.159396934199594359e-10,-1.976234682889963787e-10,-2.275690400720240997e-10,-4.242530765364294194e-11,3.878312835467901056e-10,2.742842122060911030e-10,2.743479140044188109e-10,1.316162585473293896e-10,2.065364370407006432e-10,3.057460325170446880e-10,5.296784960716440105e-10,1.191772248287434836e-09,1.015838461896565752e-09,1.088311558570609629e-09,1.454812801956248987e-09,1.367305739985148544e-09,1.433281474625772833e-09,6.945746037581250546e-10,5.234847857760728974e-10,1.415805120941007148e-10,2.664890221980310644e-10,4.339532223243554546e-10,4.904763825622473167e-10,3.300167218269231287e-10,7.238439679336918268e-10,4.554075077499889155e-10,6.599967649780865984e-10,5.271283179494180006e-10,4.561307749064878982e-10,8.656858779860305707e-10,7.815704513919920040e-10,1.030053279872987974e-09,1.366396143217532329e-09,1.184693429296107088e-09,1.445012656083479936e-09,1.542762911151673737e-09,1.281556170593366398e-09,1.159140915356685277e-09,1.454986025726435321e-09,1.500295910463784513e-09,1.479696609477554755e-09,9.405543542011983893e-10,8.749583012218364669e-10,6.198177434836301001e-10,2.654496930941626694e-10,3.913461433571842408e-11,6.283892759488751294e-10,2.179503168392904421e-10,1.556194515130374244e-11,6.076545693128444745e-10,6.402403262480813901e-10,6.463344970119514517e-10,6.308670360454829233e-10,7.555258230686286938e-10,6.519223880431732103e-10,1.190324551072539632e-09,1.230626553454553002e-09,9.968029820847279429e-10,9.721933476368851587e-10,1.189135370972143749e-09,8.349918859253015517e-10,1.054531231711926767e-09,1.187433300080993721e-09,1.412876200122837369e-09,1.382906125924466710e-09,1.375990029996819957e-09,1.569295591615707023e-09,1.714650592756788265e-09,1.316685446363288574e-09,1.748822663081794988e-09,1.930064686312402213e-09,2.241744753598775420e-09,1.998071459660767645e-09,2.217118191444873075e-09,2.208175340257835550e-09,1.872194833900047538e-09,2.378971746091659540e-09,2.042749934982520043e-09,2.057975351535739935e-09,1.843154247630674001e-09,1.217490093665096972e-09,1.448077587385400830e-09,1.399920615596264470e-09,1.425179796701333349e-09,1.295745853182363082e-09,1.317033365340232774e-09,1.102567731169581138e-09,1.213806608673645009e-09,1.077545379497050367e-09,1.188948021085184019e-09,1.116414956508956235e-09,1.228870632948150111e-09,1.080694154316256144e-09,1.241827316486018156e-09,1.582614714556074283e-09,1.082920721768166514e-09
1.162458775183992099e-01,1.124578485051047627e-01,1.158504448245191581e-01,1.134016756210866617e-01,1.058378917300247107e-01,1.090827715519369495e-01,1.161314102761417250e-01,1.115731047231943440e-01,1.128294863813565918e-01,1.193725346369635676e-01,1.194778825276754247e-01,1.178627731204112128e-01,1.187004323962691787e-01,1.243666013272069076e-01,1.308765821981978106e-01,1.273575925677299936e-01,1.259896775037554206e-01,1.164528843997600371e-01,1.228315229874091252e-01,1.257033398317986272e-01,1.212067687488767725e-01,1.257842896668678323e-01,1.112919078058457745e-01,9.170161680509184010e-02,1.006998487327511321e-01,1.041895826587711099e-01,1.039702486099483986e-01,9.616939558850677583e-02,8.118947454475770875e-02,8.527935631857676280e-02,6.891065513478483728e-02,6.731326107886570487e-02,5.615460270865087200e-02,4.206269014243382148e-02,3.765007460410858126e-02,2.288605111336966536e-03,2.652315358334647252e-02,4.282085906523508401e-02,7.701054398018400415e-02,8.142668403260790166e-02,7.090645621243746310e-02,5.888187831685162688e-02,5.878690035282134463e-02,4.147961142405708068e-02,3.106519659939011718e-02,3.488976303561001913e-02,4.119212978420735971e-02,5.022987428724781656e-02,5.543722231685655616e-02,5.106805334568789018e-02,4.765645530603380975e-02,3.611025029181887808e-02,3.360560208474264177e-02,2.757650098655889392e-02,3.938997818471758755e-02,2.563776266243806418e-02,3.125568636859468730e-02,3.022010633382694877e-02,3.369441436961552461e-02,3.405812649781973789e-02,4.075229215175190517e-02,4.703847168206840706e-02,4.989487786058131175e-02,5.226944500258413895e-02,4.860599209576864366e-02,4.818024452100356375e-02,4.926971361455654425e-02,4.186662348263094080e-02,3.557065736690168817e-02,3.794482437762154714e-02,3.799584390920906357e-02,3.263994761959315011e-02,4.083992709680205752e-02,4.558903209223358344e-02,4.767345332703034483e-02,5.129463997429942884e-02,5.370710087468732324e-02,6.254383610713815100e-02,6.007234579152802290e-02,6.485262470157908410e-02,6.023023427568519744e-02,6.370264709923705027e-02,7.113522397489577265e-02,6.985080166115190115e-02,7.198236465044252630e-02,6.465731186155496135e-02,7.329990291933280444e-02,7.715977408197291498e-02,7.285203215319131786e-02,7.079576482526223069e-02,7.466282927095942157e-02,7.665731925994016815e-02,7.534446642630425461e-02,7.096073551867293494e-02,5.628600084145049531e-02,6.080371996786113759e-02,5.890654450984320750e-02,6.431012800305035970e-02,6.826641263219797306e-02,6.724211770872752514e-02,6.928136582976258950e-02,7.255975380503373873e-02,7.486558250710861895e-02,7.690249771062612760e-02,7.521312484744269167e-02,7.572975729123748723e-02,7.967122257326599011e-02,7.576875462794091520e-02,8.646718721342414038e-02,9.339537038956143011e-02,9.689503229330760636e-02,1.065565057029845275e-01,1.075044729008064054e-01,1.298228029488439073e-01,1.444435561442908855e-01,1.345697635289595240e-01,1.273760241544988070e-01,1.321059397938698921e-01,1.627390385565890274e-01,1.647599801730205149e-01,1.708452237075601676e-01,1.669597968915764730e-01,1.703538220615963827e-01,1.754096128097227814e-01,1.661790321852373853e-01,1.615220015649204977e-01,1.733212944984054149e-01,1.412477780885308121e-01,1.122275808616341047e-01,1.404573135644849591e-01,1.475264710241687149e-01,1.867323835459122616e-01,1.945701940608159097e-01,1.604210020839326178e-01,1.622454823783419653e-01,1.618017964659042296e-01,1.424012115698836956e-01,1.528423420767650032e-01,1.515097474198222882e-01,1.470966929019498215e-01,1.203391251518244054e-01,1.084504512492019956e-01,1.185609933580245162e-01,1.200281820061093740e-01,1.325636856885368808e-01,1.612181092151739603e-01,1.479920026622125739e-01,1.364513601627316830e-01,1.419750740569921954e-01,1.632416292416063452e-01,1.502718831032940350e-01,1.439084337215925380e-01,1.484834632844805324e-01,1.485207242187331633e-01,1.450077958764239283e-01,1.461057367040019539e-01,1.414711535690980904e-01,1.409625351506616497e-01,1.406942677382525819e-01,1.424537422130196240e-01,1.478610101218139905e-01,1.291131838511239971e-01,1.173516768409370858e-01,1.073993560105024336e-01,1.266568917749341661e-01,1.213262659874860400e-01,1.229478252311179826e-01,1.241391413061150029e-01,1.212346681651885194e-01,1.141160105228041649e-01,1.134808290452621188e-01,1.168878307645869058e-01,1.156384121819964972e-01,1.136944903928083783e-01,1.088540286506464866e-01,1.061362930287982481e-01,9.309193334160309474e-02,8.808132994049150399e-02,9.890035422702014856e-02,1.033596799822756179e-01,1.200845207474100507e-01,1.358255250433719752e-01,1.070682650401036801e-01,9.550682889736052117e-02,9.280638755580090937e-02,5.381407029795787916e-02,8.114741393903968092e-02,7.817223927830588281e-02,6.380427780600729515e-02,5.409004601291617087e-02,4.498454032716415335e-02,7.419089372431804386e-03,3.104931300871529090e-02,4.015704629029522021e-02,4.089904545636240119e-02,1.985199383279168117e-02,4.310463599525623385e-02,4.654093462788711638e-02,5.087800187867032309e-02
3.336464990653599250e-01,3.399201983896111834e-01,3.402725622932421534e-01,3.443646781821706471e-01,3.423467540063469539e-01,3.293486957531491788e-01,3.296576823343521090e-01,3.286684263629026659e-01,3.184692435581837899e-01,3.260888889350042619e-01,3.287558207545216993e-01,3.343430934686866252e-01,3.335107573956990201e-01,3.371512719731494800e-01,3.425723090765971368e-01,3.507979510491323616e-01,3.606422470491589261e-01,3.651634739924367601e-01,3.496191756014720431e-01,3.430559486300640559e-01,3.344065973058634733e-01,3.167689075171782331e-01,3.022158628948866665e-01,2.973589305610448985e-01,2.992838901059590717e-01,2.919180164019716250e-01,2.821911352716915955e-01,2.864960906822093811e-01,3.004023158414441119e-01,2.899386504142300591e-01,2.926554187110885774e-01,2.910068410028642805e-01,2.871585970596519100e-01,2.829121644616835463e-01,2.947313919517805525e-01,2.941587393046178889e-01,2.954045123466103040e-01,2.943768812757859843e-01,2.852976651190984869e-01,2.805055131318565098e-01,2.822719934373816297e-01,2.743424364999652032e-01,2.811580593134007100e-01,2.777089806081976531e-01,2.599465427840802478e-01,2.367524881153398597e-01,2.353431829658175767e-01,2.417717211047551995e-01,2.423153720132878997e-01,2.370808998079409757e-01,2.206354292649899684e-01,2.208278656686725738e-01,2.103996269471832825e-01,2.063254594756739613e-01,2.047475669176927471e-01,1.798483497882739368e-01,1.738173220054443358e-01,1.610530531731730053e-01,1.641597917227902714e-01,1.789549046283691602e-01,1.655122951100060080e-01,1.808727081585238816e-01,1.800141528289695425e-01,1.764361785225573576e-01,1.580265997429132208e-01,1.100854468877833781e-01,8.739768054158988941e-02,6.857525188975047148e-02,6.213176811946468509e-02,6.450084484960681708e-02,9.513628019765021926e-02,1.269819668292306303e-01,1.226648334368857785e-01,8.353464340037519698e-02,8.410488383273584390e-02,9.002607512438601245e-02,7.857919226846350746e-02,8.826549939626741892e-02,5.832419629402771366e-02,5.598782689420945397e-02,6.331575680920398241e-02,6.335816960872391046e-02,2.599170229599116061e-02,1.295645423116133926e-02,-3.680474325214996845e-03,1.371340760856648924e-02,5.518713294590795945e-03,4.036238860012112892e-04,5.593155498294590314e-03,-2.502304217443653694e-03,1.321313357307672687e-02,2.175230432942768313e-02,1.979358565293090275e-02,-1.046088306945235427e-02,-1.687366376759819389e-02,-2.628243463203957034e-02,-3.180226583087649578e-02,-3.810128606263686601e-02,-3.629016834953700116e-02,-1.104333108216282167e-02,7.168813645605107143e-03,3.718076658024951908e-02,4.745530764973809879e-02,7.639185848642826571e-02,6.337079486373559112e-02,6.761426968061333420e-02,8.742912357731758011e-02,6.608098693300953896e-02,6.005275729814227303e-02,7.421379436661645901e-02,8.485987481709388047e-02,9.462290482598034735e-02,7.695536391961187161e-02,6.565326147781685995e-02,8.374665515240320435e-02,6.913852534551323537e-02,4.730013870850707791e-02,4.528990224994486335e-02,5.990047136074903855e-02,6.475469590156805733e-02,8.002563164776328730e-02,8.610591264683081780e-02,6.969663104833054290e-02,7.207583770566543258e-02,6.218110632215902156e-02,6.586667895840078724e-02,8.019354814704365841e-02,1.053294291407528144e-01,9.967745143845678502e-02,1.379257764288261412e-01,1.168308377918582663e-01,1.100519245321051609e-01,1.145359932661862007e-01,9.619789396212997945e-02,9.656817551008865796e-02,6.996350659944057526e-02,3.977387566144692521e-02,9.786422260467921019e-03,-2.475444489695662054e-02,-3.884049744084377975e-02,-6.547026617213590194e-03,-1.766516353327678840e-02,-1.819048472889113477e-02,-2.490496969368982683e-04,-5.837590343064903015e-03,1.512466857051322777e-05,3.187837796913257915e-02,2.153362874614981812e-02,4.316098103785194484e-02,4.430617152001661840e-02,3.310302756661887696e-02,1.248299898452248646e-02,1.681376580946428514e-02,1.887598881452252561e-02,-4.670548481547742714e-03,7.049778131906216452e-03,-1.900497988644152952e-02,-5.616090855351255767e-03,3.522910725164071777e-02,2.735261905352794759e-02,1.330508414621243279e-02,3.322712093935201866e-03,2.198900708659697924e-03,3.981507321044577136e-02,5.894266607881804010e-02,5.029395964783166945e-02,9.157128188487292930e-02,1.040930931648936242e-01,1.062487494292491674e-01,1.268324097045883114e-01,1.429614571875608697e-01,1.260387608338911780e-01,1.454948851376043351e-01,1.533373354396560251e-01,1.522531436696816787e-01,1.497316319431953036e-01,1.392809298868344092e-01,1.606606090541830012e-01,1.540723623037457968e-01,1.392921391707232504e-01,1.796380530040734280e-01,1.611869846760294600e-01,1.494279900627336344e-01,1.340686022712785919e-01,1.296660215721240628e-01,1.401790056667157336e-01,1.461058235842928044e-01,1.427503313410525276e-01,1.143855271067966139e-01,9.279526644030017257e-02,7.567363697696991021e-02,8.408054560590641491e-02,9.391031359404437839e-02,9.125531338302607376e-02,8.887577955139602803e-02,9.371390887509514767e-02,1.138823748212620252e-01,9.123495587094962445e-02,8.289925917397321375e-02
