-3.861976648671565648e-01,4.882795220306254680e-01,1.766056670001960871e-01,2.602225667504025064e-01,1.360481326762486676e+00,1.651810215580213459e+00,5.005299486428154143e-01,7.088307095757979681e-01,-8.999039731981712809e-01,1.887332581462959347e+00
2.210481088128535276e+00,5.731033438804038482e-01,2.513121146690552976e+00,1.779236496921130506e+00,1.536091378646711636e+00,1.825904875462930566e+00,9.319623604698735742e-01,8.982720968885156143e-01,-3.595675546198559558e-01,1.367742672372069146e+00
-1.561036985691155898e+00,-1.685317708435432937e+00,-8.614699300976358387e-01,-1.460628286267995346e-02,-5.288444211834418818e-01,-1.828922263596940434e-01,7.625057401952948233e-01,6.482149839318235296e-01,1.533213244441117729e+00,3.138756946369147371e+00
-1.385055521251026267e-01,-2.144757728407065134e+00,2.292410099979919069e-01,-1.579312038375821237e+00,-1.184438587269347254e+00,-9.834270877762480989e-01,7.293203783716842858e-01,8.998644763051306672e-01,-1.634527612015183040e-01,2.127131485375705289e+00
-7.584549614874847023e-02,-2.067540346206875324e-01,7.785029770763474133e-01,9.131947728831999456e-01,9.144662285257694201e-01,1.842023869565977412e-01,9.905909747818723021e-01,2.057420540933724062e+00,1.446809597270840131e+00,-4.854550723596742223e-01
-1.308421864977733717e+00,-3.112885185943813360e-01,-3.652923618867623290e+00,-1.508795239030650936e+00,1.115589341560806247e+00,-1.983701950798404667e-01,7.647234372731602781e-01,-3.083659900335564696e-01,-2.875151476444864906e-01,-1.416292883396303992e+00
3.200595285882452679e-01,3.471011913189995246e-01,-1.589748971933452326e+00,-5.300150429580519074e-01,4.188876271050522848e-01,2.626639266037429810e+00,2.396161186261738685e+00,8.183391608686894081e-01,3.591092863670531932e-01,7.405178306043781467e-01
-1.167067599670739142e+00,1.052692525372506793e+00,-1.747329496133043669e+00,1.830656534634734212e-01,-1.531116217880190700e-02,-6.698700381440261253e-01,4.536733774766854577e-01,6.178324623976888530e-01,6.171022920850167681e-01,-7.520923582825311815e-01
-1.831254671430744718e+00,2.365923093636602914e+00,-8.361204045677129715e-01,-9.672618179698366792e-01,-7.757150394018254291e-02,-7.603300094326035374e-01,1.331300637178573609e+00,-1.640243677654619758e-01,-4.974894533249810125e-01,-7.182656014893548102e-01
2.144239694684113573e+00,3.767940596769722816e+00,4.488702276160509985e-01,5.143847692670213689e-01,-5.254030269829822186e-02,-8.999863834239840710e-02,5.003133053774985184e-01,1.873290591336295829e+00,2.335690760382672093e-01,-5.457899353994711822e-01
-7.930138973252240930e-01,6.499586147486815513e-01,-1.590781607915088824e-01,-2.199874274860087464e+00,-7.496608509849074509e-02,-1.744274236252928212e+00,2.298239739163413786e-01,-9.296563929463736997e-01,8.012659400286291644e-01,5.759113102708233178e-01
-3.342698501569332792e-01,-8.971399983403272049e-01,5.259371568869699587e-01,-1.219839629545897308e+00,-1.289915660889756621e+00,-3.559132907289985770e-02,1.562355921892352728e-01,-6.260457135184851474e-01,2.131563678733098044e+00,5.131810088869305231e-01
-1.689552383504216715e-01,-1.483316536730908686e+00,-1.934326637015921502e-01,5.764322541161783775e-01,1.865524414860575408e-02,5.820177271670859964e-01,1.316297933432582168e+00,-5.341713308429916207e-01,1.109489721637054060e+00,-1.273932310323314443e+00
2.383788336896228710e+00,-8.340716184633834018e-03,1.262280665682423475e+00,8.308418080110455683e-01,1.664139517938593160e+00,-1.772121531725562305e-01,-6.796190175100715880e-01,-4.925199765531597662e-01,2.959500498374734168e-02,-1.841822470528726274e+00
1.118472059586773870e+00,-1.714131102411905694e+00,-1.872272128064210062e+00,-1.923283448086161362e+00,2.335274627041473927e+00,-1.816988914693538515e+00,-7.738409627749418540e-01,-1.016508268632240197e+00,-4.471131544957507864e-01,-9.033912148549083643e-02
-5.178889781231397205e-01,-7.278343358127279394e-01,-1.350890421620321469e+00,-2.738143691531071511e+00,2.382230507255161944e-01,-1.349992618732035243e+00,-1.492036209579937101e+00,-7.151725405328286378e-01,-8.580729555995884050e-01,-3.960319245097843055e-01
8.817011630995986726e-01,-1.219258959178940893e+00,-1.231907517618885173e+00,-1.208410671548714177e+00,1.782984899103942089e+00,-2.044803636626358667e+00,2.961356572885827099e-01,1.920485103978967212e-01,1.316567110836228127e-01,-1.298680610555372317e+00
5.680913131747502565e-01,-1.047348074093986003e+00,1.225605089926925517e-01,-9.848316102689232965e-01,2.517555308252584112e+00,-1.546431709358280671e+00,1.159175731505448059e+00,6.440688481401311005e-01,-6.715760224764669717e-01,1.331677619055573025e+00
5.709143311843360991e-01,1.786532431507492635e+00,3.800406531330667859e-01,8.361469245288127849e-01,1.983728397897495999e+00,-4.530451101670107672e-01,8.893822132724917839e-01,8.958628797510990172e-01,-1.678081804060888305e-01,2.932837070078393005e+00
1.586501293747570429e+00,2.849227476716986285e+00,1.212631499699394544e+00,9.237066115586509696e-01,1.880425211141954822e+00,-9.388584529071668516e-01,5.759032512507977764e-01,4.577965553938569965e-01,-3.080800823317413339e-01,1.004820081514956609e+00
9.732570604912846868e-01,1.279920165462902881e+00,3.112411109387291930e+00,2.055812879527282533e+00,3.206367933030810136e+00,-3.618379984059080234e-01,2.475639452210538050e+00,1.164936375655520440e+00,1.001827310284956196e-01,1.291069770300969477e+00
-6.309190806117345174e-01,-5.354148936976383943e-01,-2.242329457673319926e-01,-4.292801221427411384e-02,-3.279729340539461191e-02,2.226776223073247074e+00,1.361976289444453814e+00,-7.028409562574798874e-01,1.384046067857283457e+00,2.327603311001984476e+00
1.168302337531620827e+00,-1.344284258775809926e+00,-7.088364994605722558e-01,-1.618550830991463574e+00,-7.461873850954210408e-01,1.075430307086451931e+00,4.677366744411280974e-01,-1.129215646050074406e+00,8.091442528453661742e-01,1.551144967602485103e+00
2.686004648378185866e+00,-1.510778542189287421e+00,6.294985631731622178e-01,-1.419282782973403156e+00,-1.453103882127802393e+00,-1.767179298260031395e+00,-1.450579835030211928e+00,-5.563344351822769873e-01,1.387482344697530956e-01,1.549465046692712900e+00
3.440835750972324192e+00,1.205003724484349004e+00,4.614902002890706179e-01,-1.181321662074577894e+00,-1.015687446799139471e+00,-1.508014305445048997e-02,-4.549749066696918698e-01,2.093415949655178521e-01,2.582927461306327999e+00,1.659899614428912651e+00
3.382851446036704068e+00,3.695872529845704690e+00,1.490982095156427656e+00,1.088806837776568504e+00,2.318870958175581087e+00,1.253672733030775754e+00,-2.032360479161095246e-01,2.071935625420693761e+00,1.899737232066642800e+00,3.679094517092640904e-01
1.639980154205446183e+00,8.105198739178909317e-01,-6.405575276341990421e-02,1.822835878847921975e+00,2.148865843753274163e+00,4.834430943483530863e-01,-1.028151403143255926e+00,-4.324789162550084498e-01,1.759429720507389217e+00,1.404806762712464518e+00
2.213938195502306083e+00,2.278554989538782438e-01,8.147148318705202952e-01,2.015185005320999423e+00,1.743931480227983499e+00,-5.053511691222684066e-01,-1.494339467399524057e+00,-9.249998963885603942e-01,5.548430959006009910e-01,3.903516965870348354e-01
5.974252590258788409e-01,-6.903146092886692786e-01,-1.967912650268488051e+00,1.596852950803407722e+00,5.234826422476023255e-01,-1.225779347612725001e+00,-1.114821689504691182e+00,3.019540710399127859e-01,9.076133100571088796e-01,2.306689889430039830e+00
2.916155126700390454e-01,-1.324727878002003090e+00,-9.342869547398150454e-01,2.006939918704246928e-01,-5.082348326133057093e-01,6.325080714578505958e-01,-1.013928480369970409e+00,-1.961972587024745751e+00,5.917334773660443137e-02,1.812235335855792551e+00
1.803964196725885150e-01,-3.859319920249371094e-01,-6.548816599964439877e-01,1.537135077420029861e+00,-1.402588794026576657e+00,-8.537683643750659801e-02,-6.006050779630389691e-02,-2.178082812492760478e+00,-1.736248268788340487e+00,1.944424346473760945e-01
5.516369681641852818e-02,-4.243258281760304285e-01,-6.108260872570003830e-01,1.068506052295521425e+00,-1.603849605604749318e+00,-1.050638011945290273e+00,-1.023750280834881066e+00,-1.325266652414393231e+00,-6.309701978141875056e-01,1.566140054440667839e-03
1.596048581315058668e+00,-1.543158894880577892e+00,1.020667342644557829e+00,1.882192834330836728e+00,-5.141011417070862066e-02,1.369092213705432659e+00,1.022161350056447482e+00,-7.955077024147129139e-01,4.826157879659276895e-01,4.649694328809702570e-01
1.646516805678728268e+00,-6.132106592878857620e-01,1.313768796141268735e+00,1.932286105129551457e+00,2.415762288221521281e-01,-2.345495669965999008e-01,6.088269605966175613e-01,1.615521196321218156e+00,2.228934376718572086e+00,1.979483975934305695e+00
-1.842886683150943838e-01,-1.599085419486592663e+00,1.675520802596473513e-01,9.918188964967379340e-01,3.749760329112965529e-01,4.188859166152080760e-01,1.610104307391210687e+00,1.878876834868149270e+00,1.133039363364712671e+00,6.703135942882010312e-01
-5.006412476803498990e-01,-6.191734491975905419e-01,-3.759658356270104140e-01,1.579442213008894758e+00,1.197262734640420767e+00,2.011863960205097612e+00,2.110634823631578172e+00,1.610369497382759363e+00,3.507102541610626734e+00,2.542303742551629053e+00
-6.071135029112242343e-01,-1.585267642060939286e+00,-1.626710704537589036e+00,8.483517861517575476e-01,4.461998962894699328e-01,2.874422500289542270e+00,2.220745644751787928e+00,1.218798758657708481e+00,1.161427185781735316e+00,2.623957989250811806e+00
-1.323066513357801677e+00,-2.528369245336632876e+00,-1.727972730762710185e+00,-1.440394033416581898e+00,-1.017852042201472074e+00,-1.085285837830338274e+00,1.421671682762093436e-02,5.153143967352894483e-01,-4.689398006830969301e-01,6.566735109436629969e-01
-1.335179916992353721e+00,-2.877455127646747712e+00,4.265387660232600187e-02,-1.439197176905901987e+00,-1.567837046273908186e+00,-1.100872330652313380e+00,6.736742238786860293e-01,-3.186733453783886505e-01,8.978644580101733386e-01,7.302532619599068076e-01
6.689360214844277674e-01,-3.085341479450165458e-01,1.140090943053165273e-02,4.255205609222023622e-02,-1.936110771711174516e+00,7.604041733506389233e-01,3.048653174232227592e+00,8.082744318966980090e-01,-2.099699372408839748e-01,2.530758149565591197e-01
1.449224001888561375e+00,4.208267533280387607e-01,4.437079483304037786e-02,-2.480544320465438712e+00,-5.067354449538344907e-01,2.882325364226945852e-01,2.274346770280239571e+00,1.330371651989979309e+00,-2.898281482142025522e-01,-8.311059676217058545e-01
9.884242784277503802e-01,2.135403499548955142e-01,9.433980964144736414e-02,-1.268381941291333970e+00,-2.485197144215626486e-01,-5.952043736408170194e-01,2.777163510001514624e-01,-1.726222143889446503e+00,-7.874522434640391921e-01,-7.320531655203965649e-03
1.912512303606518915e-01,1.036586087682638713e+00,-1.089690970438599082e+00,-5.622677829443251118e-01,-7.451869909885650012e-01,-1.080881108183798789e-01,1.253814792683348056e+00,1.349300985282564369e+00,2.341080114313879079e+00,1.399144218624676528e+00
-1.463563919024577498e+00,-2.655458974780134929e-01,-1.602429037036460224e-01,-1.731985445543406943e-01,2.726671539017224699e-01,-1.054323383940902303e+00,-1.476834298493129083e+00,-2.412758742915168675e-01,2.705300014856684143e+00,2.256921775923155682e+00
-2.218718837554360945e+00,-1.499614047961089769e-02,1.588951738321740192e+00,-1.232671171095530260e+00,-1.882549119700162255e+00,-7.919440882044812002e-02,-1.626223693253504354e+00,-4.094015701159783305e-01,3.695173570084391290e-01,1.716003204761261891e+00
4.763645235650915133e-02,4.677007535274493866e-02,1.637494161440350426e+00,-1.142019589111194611e+00,-6.217179682615450176e-01,9.054296189162343023e-01,-1.791621418101296603e+00,-7.106825214125805923e-02,-1.428951302213394170e+00,4.384651008914433601e-01
1.393432068928579237e-01,8.243128950054795512e-01,4.119483228771222416e-01,-5.946973322916828675e-01,-1.625382077110704593e+00,-3.962926728753266570e-01,-1.661338164294658970e+00,-2.072320585310790109e-01,-1.840035151852292827e-01,-7.062377475513463843e-01
-1.643579779227454907e+00,-1.119094011712971071e+00,-1.168759165761360963e+00,-2.439820612650011045e-01,-1.432372027152364558e+00,7.015987270225518269e-02,-2.292774445727695509e-01,7.231857366603015036e-01,-3.763535464076210868e-01,-2.098389701811712804e+00
-4.357235116296938049e-01,1.197697024440344649e+00,-4.826969244293146666e-01,9.410962700448066709e-01,-8.321932400342650915e-01,-1.388016417495169685e+00,-7.627328401599826613e-01,1.142271491461496757e-01,8.968534713779382495e-01,-2.460579227653852286e+00
-7.850621951016073519e-01,5.650059541252989703e-01,1.005800391503838487e+00,8.602886662709126053e-01,1.185848685220115550e+00,-1.300683695141765073e+00,1.193499360884230143e+00,1.144945849541988414e+00,5.541309555808346943e-01,4.020401154996184889e-01
3.766553215904027696e-01,4.487089920536198040e-01,9.232932060909859739e-01,2.061446333084068439e+00,6.937683281712562211e-01,5.231520647791204626e-01,2.235088786515777581e+00,2.690348803181317194e-01,1.016959650624125855e+00,1.122853419767839256e+00
4.924120404951862762e-01,1.051583265708480486e+00,9.923989463251958743e-01,1.825340713473604826e+00,5.638270325218075474e-03,1.005701470070201164e+00,2.775112343929007519e+00,2.078535279092597610e-01,-2.291765440826962763e-01,1.506949807122180740e+00
4.079212946722436950e-01,1.974742349402208053e+00,3.886654933917660926e-01,5.767036209773072075e-01,4.692627044172463235e-01,1.523225072931560398e+00,1.309691507112258346e+00,1.862218587648951207e+00,-4.317612107277408184e-01,-1.407667215783095171e+00
-2.679755585728560874e+00,-1.882564581755114208e+00,-2.205140326930591144e+00,-1.131172587530597351e+00,-3.258520078564814959e-01,3.432402861473478062e-01,7.125065249898412389e-01,2.765805904971495588e-01,1.190014421471485839e-03,-1.581839709459778920e+00
-1.324661981899757368e+00,-1.038755860654134944e+00,-1.542956956621400089e+00,1.359586102941559016e-01,-1.081230514190431591e-02,6.221298315900840592e-01,4.625428631671199553e-02,-9.235500971148077332e-01,-9.733444143931624382e-03,-1.693420956718729276e+00
-1.350049877762228956e+00,-1.624670420931279002e-01,-4.461988521571763622e-01,1.915999476232226773e+00,7.000103268277717561e-01,8.656559627745006313e-01,-3.146245199753547883e-01,-9.729997593869389449e-01,3.612775834384606144e-01,-2.843148624274787206e-01
-1.527362073254254327e+00,1.388478545134532727e-01,-6.596319752379818935e-01,-3.160590021042133380e-01,1.014737627907100981e+00,8.520384632552864268e-01,-1.962257960225152420e+00,-1.072245112424554669e+00,-1.612203942395845635e-01,-7.800388820996304595e-01
1.741785436670603149e-01,1.006830728334055403e+00,1.112368416816423622e+00,7.990652325444405069e-01,1.462220920815130221e+00,2.206490327489215364e+00,-1.767280197724762303e+00,1.547499991663798813e+00,4.212261926475676654e-01,-4.649558928161412474e-01
9.897006335756326489e-01,1.110050449359520019e+00,2.782438554283925392e+00,3.169482239889959807e+00,4.149308956697183248e+00,2.716108627305347412e+00,-3.638285675228835059e-01,8.740049775596995252e-01,1.390312644954466159e-01,1.336115059982494691e+00
3.678260398670453180e-01,1.928829776592515532e+00,1.955803828011030587e+00,1.589598453843914516e+00,1.906261495358830382e+00,1.088139573172230978e+00,-1.369546452411040560e+00,3.701969509489324572e-01,-9.923514765062346754e-01,2.749842680036607145e+00
-2.203575536418661329e+00,-1.145343880635359302e+00,9.612776239030690340e-01,-8.529991436259902748e-01,-3.711414365980787444e-01,3.993335662945511899e-01,-2.268497343082441553e+00,-1.016783716871465959e+00,-1.329763199430763931e+00,-3.470694164484422473e-03
7.057360143779765060e-01,1.392871819121870303e+00,2.602811849036757330e+00,1.434309575640873247e+00,4.282658589965000484e-01,-7.621124852336990108e-01,-1.994097450847467368e+00,-8.860995297364275824e-01,-2.184455694046441021e-01,9.016878812476776250e-01
-1.503850438202865236e+00,-7.543275749345177417e-01,-1.071972125810106702e+00,-6.933132947857532091e-01,-1.503845039883914270e+00,-1.157477862035275695e+00,-3.400269835080999670e+00,-1.677103325015643076e+00,-1.961222564222536935e+00,1.160600215384173906e+00
-1.926958516979322411e+00,-1.698310002376226535e-01,7.604093930846509419e-01,-8.785778566663088318e-02,-2.286581013378538696e+00,-1.437537103373356828e+00,-1.832442714841928666e+00,-1.884606125542662269e+00,-1.199173972841295122e+00,-2.678078767262799254e-01
1.217248866115085981e-01,7.336713230053152346e-01,1.435285780215271201e+00,1.047349997787052844e+00,-1.304410963289964309e+00,-9.400671434129922455e-01,7.825138004823521953e-01,-1.328196645456055869e+00,-4.966308337499639736e-01,-1.008565903572326228e+00
-2.602889903224145929e+00,7.174054611500958467e-01,-7.637349655902124779e-01,4.472831473530219371e-01,-1.244899916079231783e-01,-1.195069332974815213e+00,-7.701164409043967929e-01,-1.589438452216739961e+00,-2.240742043558893393e+00,-1.215323102479525019e+00
-2.302726548336613277e+00,9.791896385221908750e-01,1.835415724393167358e-01,4.997936813318160643e-01,-1.401278652716743789e+00,-2.018318680258250897e-01,-1.003757280315334066e+00,-7.375917044203235129e-01,-3.698266640056901977e-01,-1.312314219266324189e+00
5.090560760159936748e-01,4.316895530923270385e-02,1.772062361041893297e+00,2.289606024642575122e+00,1.567757854028012154e+00,1.124179424018452389e+00,8.144962359526497497e-01,-5.734366475816248254e-01,1.163935426045652921e+00,-1.318226524995701698e+00
-5.940255699024334923e-01,-1.144105621736953848e+00,2.940413121155843745e-01,7.152651659251396676e-01,-7.261002886779095444e-01,4.218135030318869161e-01,1.024822125082256452e+00,-5.547430099333807707e-01,-2.347618875965982177e-01,8.457006215316734687e-01
1.680429000739360523e+00,2.033072512959774869e+00,2.003980704642562838e+00,3.399616028726603290e+00,1.371537703368163719e+00,3.241137755158481903e-01,-1.756526516147958183e-01,6.423579790909061948e-01,-1.491897409855042211e-01,4.843250273600728795e-01
1.267946909553464785e+00,1.147759329456210287e+00,2.660774960054969052e-01,3.156673365199647918e+00,1.639440896111758583e+00,4.331014416770646580e-01,3.358753983560688883e-01,1.348948903310810854e+00,1.206573355217421373e+00,-6.504565250358411710e-01
1.172648627435267210e+00,-1.125879767809062404e+00,-6.002033828812186611e-01,1.353605388213377836e+00,2.080897839163784457e+00,-2.838555228515288187e-01,2.338950821024444182e-01,-1.172155856110209893e+00,4.909794771631028620e-01,8.302372195749154749e-01
2.949105347804734656e+00,1.452844417174719460e+00,8.623076521363844948e-01,3.415286699007745508e+00,2.106001231583529254e+00,2.647230308642917196e-01,1.841641580781102905e-01,-5.291051643983466501e-01,-3.158294932185209403e-01,1.148531973989933785e+00
2.123436253622188907e+00,3.284472221691930649e+00,1.050759738469459137e+00,2.797654124063487124e+00,2.383896046819963921e+00,3.076787933129327968e-01,3.358058488739347758e-01,-8.535027243309036837e-01,4.971861925827092410e-01,1.688056586350106691e+00
1.284056865262502178e+00,2.509582095521739831e+00,-1.668223772445701414e+00,2.044735565006274847e-01,2.022340207446170268e+00,-1.903670671649893009e+00,-1.657221407409221969e+00,1.386317491328539209e+00,9.418630147407895947e-01,3.167506110898159033e+00
1.073183333200005363e+00,3.574688035640955164e+00,-2.234338467863219435e-01,1.164942872628848214e+00,1.902465593558508861e+00,9.349086880833717972e-01,-1.247051023633663380e+00,9.092385913114908735e-01,5.516297599973347676e-01,8.143337231469035542e-01
1.504961408440577131e+00,3.465690038240310855e+00,3.775834894189639135e-01,3.427496349968081057e-01,2.706843355105552629e+00,1.856272894226208559e+00,-1.908808131896018168e-01,1.832511054040134812e+00,3.191726120841676284e+00,2.526699159470371825e+00
1.361219813119402211e+00,2.480774848368992203e+00,-2.920640092682893485e-01,-1.139141688772510985e+00,2.440396520416593162e+00,4.852749531530337057e-01,8.895969813058015596e-01,1.267514734702815282e+00,2.220096631317510560e+00,5.115754834006862595e-01
1.097700339225915034e+00,1.380409647253753924e+00,7.938425222903970901e-01,5.256431333999768141e-01,2.014732999053641116e+00,2.735192085125599970e+00,1.530866545308438242e+00,2.039597847660513885e+00,2.448832573598415330e+00,-2.500327193834306350e-01
3.564799969319797923e-01,-1.330813979348370424e+00,-1.140571726181562218e+00,4.301442442393427212e-01,4.389238781466007211e-01,6.563300688594606580e-01,1.651767024440461862e+00,-3.410234786402426277e-01,1.256252569924110496e+00,-8.544018039322092140e-01
2.585221539483650854e+00,7.197365721559592089e-01,-2.152596296495767891e-01,-1.147776575351738826e-01,3.835391074128167710e-01,2.509778352951979929e+00,1.063380266643763061e+00,-1.738857382707208465e+00,-1.425676944992309458e+00,-9.086043634015052994e-01
1.012043714303599407e+00,1.287048386008438294e+00,1.048310987778571679e+00,-1.444515059397835643e-01,-4.899241458723110898e-01,2.270690112353277001e+00,1.325975974903245591e+00,2.353733252978151391e+00,8.331244174818130954e-02,-5.887060957839779229e-01
2.384974852703697357e-01,7.212474930555958785e-01,5.108558113635494058e-01,-1.549879993457307370e-01,1.287308224797803602e+00,5.693397373454276433e-01,1.141281520259941562e+00,1.350007011004658697e+00,1.396751972526690810e+00,7.410440268487805682e-03
-1.272505067240153886e-01,-1.152967606907762343e+00,-1.155179619526822909e+00,2.328844373357911723e-01,5.223563466723706306e-01,-4.310728337967059121e-01,1.625365784784790879e+00,8.578288442162831373e-01,7.558534538268404379e-01,-7.299816379726586923e-02
-3.682236996500373172e-01,-1.922226048649573471e+00,9.001268670088091728e-02,2.747168234778508134e-01,2.057738182161722440e-01,-1.179574052913720639e+00,-3.217203515048002727e-01,5.842890865400771627e-01,1.037620836516555567e+00,-8.446997489279115534e-01
-9.738538203264035520e-03,-1.746052391538029713e+00,-5.784405078662213651e-01,-1.013765404468996989e+00,-2.402439652599400455e-01,-1.488057034030259018e-01,-1.128129082268239491e+00,-1.801232943879656156e+00,-6.830748381295010940e-01,-6.479147635468800459e-01
-7.070629410263420400e-01,-1.987671914344119939e+00,-1.171988729051272493e+00,8.670628899544763346e-02,3.083520295214553508e-01,-7.162465306495261474e-01,-1.787391601429089372e+00,3.253589310993598716e-02,-3.560959296115873696e-01,-6.555593344011468870e-01
-1.472932835863355772e+00,-1.616639403055935897e+00,-1.223668463018255714e+00,3.531201909222244084e-01,6.061923274762310854e-01,1.903313209770904901e-01,-2.102018829030807279e+00,1.554198061774844097e+00,1.324780356204022791e+00,7.017035279687586780e-01
-7.519229423606220708e-01,7.854915300687153046e-01,-1.370225168690475392e-01,-6.277171115228209475e-01,-1.444300946911292405e+00,6.136836863071108983e-01,-2.588282451291652464e-01,1.825438753121527480e+00,1.745623606566014452e+00,2.267818418725711993e+00
-1.263147261478168915e+00,8.309626571340948953e-01,2.718589221860384653e-02,8.642172077784933126e-01,-1.638180249029595803e+00,1.012640113577603751e+00,-8.863904444762343848e-01,1.609193387710270873e+00,3.006783774651507368e+00,-1.024284426917637436e+00
-2.350131822738152909e-01,4.770194243355763697e-01,-1.537207589539337116e+00,-4.130689042047133164e-01,-2.280891249226521644e+00,-5.044079623290524950e-01,-7.735578618848117927e-01,3.186213525308733141e-01,1.427611186538131793e+00,-1.711279751585774056e+00
5.283949898610595941e-01,-2.212277919660173009e-01,-1.081353483862743881e+00,6.663632898038343022e-01,-6.704136627229136947e-01,1.330793403011086284e-01,5.385074831137575124e-01,-6.110288194661956940e-01,1.251511850139670479e+00,-9.689311537612707026e-01
-2.098937306837398431e+00,-1.074683003134394133e+00,-4.260146812816733575e-01,6.883220324343801710e-01,-1.377675055411430316e+00,1.035818349949507722e+00,1.414581026765777461e+00,-1.125710013800303333e+00,2.024831664389419750e+00,2.724518781863690675e-01
6.490269187267927453e-01,1.183638285712886429e+00,1.149591691438351937e+00,1.473879547945319501e+00,9.535933772188597279e-01,2.071570960723089883e+00,1.954740355574500654e+00,-1.038678721502129809e-01,1.504858049883096349e+00,9.388558993792066598e-01
9.516529105024310597e-01,2.640107307448507967e+00,1.871680242113098913e+00,1.612545602104361597e-01,1.694319030252879443e+00,2.381386540354907488e+00,7.437082242869319515e-02,1.348037444688497066e+00,1.472604028005899846e+00,9.748628676249573299e-01
1.264601002831980292e+00,3.854685490111119606e+00,2.856219694806570786e+00,1.350692781006167520e+00,2.181391097665328793e+00,3.528088366502508677e+00,1.149502832753973136e+00,9.800589769310618093e-01,2.188960068022785421e+00,7.147259290311278601e-01
2.128876697553813147e-01,9.138664953129962409e-01,-5.222525725201858648e-01,3.235257573564281897e-01,3.283269070359939867e-01,8.191556384599074647e-02,1.194087392298545325e+00,1.531094968797676703e+00,2.133267904031140194e+00,1.607430377400338672e+00
-9.676113711730114364e-01,-6.511028584739624314e-01,-2.213329557568535666e+00,2.017714956983152896e-01,8.555357099008809030e-02,-9.622318929692673661e-01,4.204824073193282330e-01,1.594175702385375093e+00,1.227561193341421442e+00,1.306356293431652604e+00
3.868298302810041500e-01,7.151284141135202388e-01,-1.594880659078805829e+00,-2.714908523994342682e-01,2.584666911989026428e-01,-7.888745189368633337e-01,-1.938336300397187628e-01,2.431717696386758387e+00,2.101637008693056696e+00,2.112519831949106752e+00
-1.390151083184755221e-01,1.092674734159526651e+00,-1.022371718290440601e+00,1.551495540482218383e+00,2.842893359628150263e-01,1.156255360585194847e+00,-1.156611744771820494e+00,2.441692098854889803e+00,3.876332948589432448e+00,2.226484710637843811e+00
-5.841233018241807073e-01,1.215445407803928735e+00,-2.843870886610975202e-01,2.604642200873209301e+00,2.094240407761130407e-01,2.508043095617593643e+00,-8.471419305925074195e-01,1.188779020327779934e+00,4.028616321219348428e+00,1.170743098009418004e+00
2.030339958269984924e-01,1.734840712051314293e+00,9.047504887924456840e-02,9.958642086115299108e-01,1.517565583711342203e+00,2.030835465025724318e+00,1.069235753512123077e+00,1.450203445128398716e+00,2.132421602448787645e+00,2.002883027459582799e+00
4.123990755434930877e-01,1.723899663989421960e+00,-1.103110388640433925e-02,2.238162784398624261e+00,-7.722799525268189136e-01,2.798289247000590230e+00,1.227623094737680720e+00,9.901156259418721906e-01,2.399207153758811550e+00,1.149181167074871723e+00
3.397444310386299460e-01,8.856371033373108270e-01,2.608677678914642861e+00,2.456202288102629527e+00,1.609036528963262158e-01,2.246556722685496776e+00,2.403900201566253170e+00,1.989972026110130354e+00,2.669331411642454466e+00,9.739657311630280923e-01
2.542432239181964260e+00,1.688874242333858078e+00,3.274584784377804425e+00,3.154719055387880999e+00,1.061330501523597869e+00,3.045241280789826366e+00,1.910986315377956490e+00,1.540964618695517263e+00,2.454931585172480890e+00,-8.453587490145428873e-01
7.168907969293069060e-01,4.279632462476322674e-01,3.026775872459271266e+00,8.150486336470024185e-01,-4.208914276968167556e-02,7.030226289483643143e-02,3.025259403246220558e+00,-8.649117179474172801e-01,6.917521076888228926e-01,1.287087089962164477e+00
-2.051512092373188434e+00,-1.080115090402204769e+00,1.886965460271059936e+00,4.707594134431834776e-02,-8.295008220054989057e-01,-4.101597787528618588e-02,2.901761831504206413e+00,-3.259756678143295172e-01,-1.401088633624838209e-01,2.414348825707192780e+00
-2.704678291144921864e+00,-2.342084695766242675e+00,1.648771077153860176e+00,-2.263842556774604553e+00,-2.647089940309552691e+00,-9.962650323886937942e-01,1.123935095519387861e+00,-9.698544615858255558e-01,-4.928655814292681736e-01,2.267293414470466839e+00
-1.092635209059642509e+00,-7.732142299320493573e-01,2.060025607368149103e+00,8.899412033992665227e-01,-1.328237488365588526e+00,1.952934761359183535e-01,2.397000400131163556e+00,-7.303709513015270716e-01,-7.657935723393389793e-01,8.999768850492978478e-01
-5.359256782799695085e-01,5.120416148490600783e-01,1.221985903369219306e+00,-1.050313212549462527e+00,-7.457002071706778645e-01,1.191701953561848271e+00,2.914690701274089690e+00,-7.073665431737701237e-01,-2.226387345412375041e+00,2.002921364944095117e+00
-7.431620313893638752e-01,-1.112118079846845076e+00,-6.404216625702924270e-01,-2.097440353079984998e+00,-6.697182731935835687e-02,-1.184420251879714003e+00,1.215178867782475525e+00,-6.422615030952130155e-01,-2.452156347561426752e+00,2.213449061489597414e-01
-2.908058551875829068e+00,-2.883275199708007719e+00,-3.897513289880378817e-01,-2.186275679390784710e+00,-2.003096031355588558e+00,-1.835641632884100538e+00,-7.202434338900554067e-01,-8.019320952791109125e-01,-3.440270517296947883e+00,-2.147634389747750117e+00
-3.260709743594491172e+00,-2.737802019645966034e+00,5.402197118710427848e-01,-7.913573729434542070e-01,-1.780805012245783026e-01,-2.275816631942999546e-01,6.732546524766789275e-01,1.634389084663284919e+00,-1.680022761452564239e+00,-3.175568436411203788e+00
-4.225562998283315608e+00,-3.592351094881174767e+00,-3.820076134929999423e-01,-2.274258285823956172e+00,-1.595791673941196809e+00,-1.513644508935112931e+00,9.222783651438242192e-01,-1.648041831145592884e+00,-2.986624477275623413e+00,-2.643062258379605289e+00
-1.999495876585008158e+00,-2.428248613429290881e+00,-2.654451428899442522e-01,-1.391242111086701261e-01,9.861790873381979239e-01,6.798037256967515152e-02,2.086538993135832687e+00,8.658150743361910928e-01,-8.863396403263573697e-01,-1.579302426452603658e+00
-3.494841504839072410e-01,-1.084439920759080023e+00,9.562930139980895250e-01,-1.442643229411694872e+00,2.319167123513232731e+00,1.372236416098565837e+00,1.990382802034934118e+00,-4.885457689224552147e-01,7.748113626044388358e-01,-1.893907212376165994e+00
-1.278238516144871995e-01,-2.534037798189739732e+00,1.318941378190068070e+00,-2.353811582830620530e+00,2.174109437476545725e+00,-8.191942174277002664e-01,6.557097322945917295e-01,5.783878262150028426e-01,-6.626425618319654598e-01,1.251321854211867368e+00
-4.160408465845044645e-02,-7.228023581806892750e-01,9.903378456728785251e-01,-2.542286425876668865e+00,1.225871965964842047e+00,6.876024800580566865e-01,2.212560707866026100e+00,1.241318871434268001e+00,1.776160835961969386e+00,2.696781336668834683e+00
1.015080610058372024e-01,1.619285383799439482e-01,2.533386526016419005e-01,-1.138462247680660733e+00,-1.345886475001101257e-01,7.271885931318289309e-02,2.659907894855506605e+00,4.047373823012588856e-01,1.459645111463395040e+00,2.132689799290052424e+00
2.042590125024522418e+00,-1.366474965737530578e+00,-4.471528970124852842e-01,-5.748952740269526185e-01,-9.333702752028760763e-01,-9.659736639592640950e-01,1.615218889690910764e+00,-1.102081972242385799e+00,-2.821277473545399372e-01,1.172668724784052152e+00
1.773843139998613205e+00,-2.105692781534115099e+00,1.506252513740664600e-01,-1.748802761578049703e+00,-4.225777008081518793e-01,7.179680959031633503e-01,-3.660994360476428344e-01,-6.584535233611295002e-01,-1.886880949038193700e+00,-4.828079787353681818e-01
6.242529218558869886e-01,-9.639256538105887007e-01,-1.450880518778923545e+00,1.097902171757535239e+00,-2.292089399952558226e-01,3.330329786403089520e-01,-1.118038701639029409e+00,-1.551687668130817599e+00,-2.223029409033316917e-02,-1.360596876805357569e+00
-1.459120594774985680e+00,-6.418992072225886414e-01,7.264720935581718830e-01,1.027297053636364144e+00,-1.332925059673777168e+00,-4.164080935766559799e-01,-1.474077868631404664e+00,-1.035316417473428618e+00,-1.323781403531592460e+00,1.470094877418977042e-01
-1.642882083644354951e+00,-1.478064690368932288e+00,-9.066022821698376255e-01,-8.044687968337440598e-01,-3.108398234848182007e-01,-1.058149781352890173e+00,-6.085887587788285646e-01,1.118360519619144178e+00,3.483225488983272555e-01,1.345802279004689295e+00
-2.375069292754469430e+00,-1.279452543999626490e+00,-9.325082296063791354e-01,-1.275770447283719911e+00,-1.523114526270733737e+00,-1.937947307493417037e+00,-1.066967629123176886e+00,-8.324594053198001165e-01,1.583689634824869907e+00,1.987252598491590527e+00
-2.974921077318438023e+00,-1.234736785614394816e-01,9.474844688794950009e-01,-8.337571882387168065e-02,-1.400936053756243860e+00,-7.367574079976296764e-01,8.566274536667726203e-01,2.722985981774518338e-01,3.759869589363711850e-01,-1.427151000811406334e-01
-1.708829955852550153e+00,-6.933677883894424632e-01,1.324553761665306251e+00,1.659137709342026756e-01,-1.983113171395193275e-01,-1.086393283695957779e+00,1.387781569306558049e+00,1.281816111161729443e+00,-6.270764386956194647e-01,-7.758125979623604618e-01
-2.825306982253335430e+00,-1.618374987464222148e+00,1.123605580718886054e+00,-6.669040657880598300e-01,-1.663681447527191715e+00,-2.414415337500823266e+00,7.285780408986238799e-01,8.230890681500762085e-01,1.409489764447677596e+00,-8.443299800488608398e-01
-3.311724585262682652e+00,-9.980326428287237261e-01,9.637146110374898988e-01,-2.226527529571706854e+00,-1.098796368788410582e+00,-1.689735478702629301e+00,1.429501521259585850e+00,9.240296177700400015e-01,1.365874950668420018e+00,9.053216852928636094e-02
-8.466558493471647573e-01,-3.086440799577848670e-01,-6.380806956060361967e-01,-7.133533234258631062e-01,-1.490950922024558700e-01,1.848429487241000646e-01,1.825639963708796998e+00,1.317332997256316363e+00,2.296233834525562401e+00,-2.340299724121308600e-01
1.758786671293100401e+00,6.716339721192987611e-01,6.850189499796155435e-01,-1.985022123715213249e-01,2.389925061650011617e+00,-9.878254447938783489e-02,3.358307295760609712e-02,1.780634380028866204e+00,1.827907283750131562e+00,1.181315549174955848e+00
-6.608879609547300138e-01,1.299037897477380854e-01,-1.833580714523828759e+00,-4.507755345456703200e-01,1.630662433484997731e+00,8.247711287428381999e-01,9.641534503680153634e-01,-6.696335991030011314e-01,1.961493128152345555e+00,4.369838638017653487e-02
-1.980028584663316327e+00,-3.018500184081180926e+00,-2.369417773755130519e+00,-6.823197997663752457e-01,1.173710272450036562e+00,1.233537967630983001e+00,1.268348231253649150e+00,-1.148564358506821037e+00,1.846375112469714086e+00,-7.503713441250268179e-01
-1.824141451126457536e-01,-2.123832430011917793e+00,-9.256998487275255316e-01,-2.561495425394889613e-01,3.212391121231301661e-01,2.479552943943977628e+00,1.492575587508991219e+00,4.440534532113704635e-02,3.276109358253760817e+00,2.175328694281963848e+00
3.242886851876257026e+00,-4.127448006821121673e-02,2.962339655917504144e-01,1.527696363366573662e+00,1.454287429658156494e+00,1.768874555000478077e+00,8.826811482865777325e-01,-2.582544124805577490e-01,1.135670135636946743e+00,1.657575583226401417e+00
2.690959931201878153e+00,8.000687874668188648e-02,4.582080001999244701e-02,-5.963267821066606800e-01,-7.584242656034145824e-02,2.716020576056247249e-01,9.443815040246721360e-01,-5.343593107470093750e-01,-1.709794270861555443e-01,2.685971812165158568e+00
7.480533510162135080e-02,-1.461097994815198753e+00,-1.165677983002705975e+00,3.830400668621972149e-02,9.440637048897188022e-01,1.079011868651134520e+00,-3.410111670157351949e-01,-3.674850442369402836e-01,5.484008062966657659e-01,1.479081243196835871e+00
1.633061168121571205e+00,1.277706181914518790e+00,2.427769670085347942e-01,2.609915616883018985e-01,1.221323854638625805e+00,1.461937282571236896e+00,1.610769200690665759e+00,-1.030404020493862260e+00,-8.451537319183048957e-01,-1.277530246782747625e-01
2.741357898525027537e-01,1.540072301513753406e+00,1.840935786180334821e+00,-1.455643019545107331e+00,-6.447268567429080832e-01,-1.693686792811527342e-01,-5.871980114713604149e-02,-4.452226779002793622e-01,-1.996935180181508063e+00,-1.473814456150291385e-01
-5.973313498294555712e-01,-3.379067415471744829e-01,2.106765219089471453e-01,-8.402674018621545393e-01,-2.978711722345137591e+00,-1.482206763405796490e+00,-6.274018676331716282e-02,-1.835004164088365197e+00,-7.716501643135020849e-02,-1.753565564521343489e+00
5.963272078772137164e-01,-6.459502900503014677e-01,-5.543117099056549257e-02,-8.391026958276277536e-01,-3.049300492664770434e+00,-3.232045680953172351e+00,-1.096254251752133146e-01,-2.614523912668188732e+00,-1.774046945866363245e+00,-8.389659392611161781e-01
9.239301518698725957e-01,-4.176732628547374926e-01,-1.285166685208649406e+00,1.319746529499752796e+00,-2.149373789576736193e+00,-2.380301350959206363e+00,-7.994907666074109187e-01,-4.088412765661197934e-01,-1.065330100485535336e-01,-9.986790142303259010e-01
5.676258062930921167e-01,1.264803942329483233e+00,-5.682287758384860776e-01,-5.399730870554919626e-02,-6.195097450514612802e-01,-2.444134590736003254e+00,-1.200518991307526928e+00,1.286348926199328391e+00,-1.211529501091663352e+00,-3.234526556847345802e-01
-3.931750872504222727e-01,-1.559401341983182920e+00,-1.475077566787188044e+00,-4.733795954668378880e-01,-1.478756592313827500e+00,-3.784064772801790433e+00,-2.156339013291557638e+00,-1.011645742610987941e+00,-3.713573909613759882e-01,-7.401712675461007418e-01
1.431481746486030548e+00,-1.686989753571044304e-02,1.079297358973406062e+00,1.551732935052679174e+00,4.312253165675965505e-01,-2.488657279616933504e+00,-1.616904722706013153e+00,9.474710908522254726e-02,9.242124291860990271e-01,-5.375277110766228938e-01
-2.665552154172669219e+00,-2.092749100535964413e+00,-1.758803769818559681e+00,2.019024797514600844e-01,-5.738039240310898181e-01,-2.372760123023012646e+00,-1.730711910200243064e+00,4.132403110846263328e-01,-5.432071245026368622e-01,-7.497422306584636820e-01
-1.449976125150515216e+00,-1.484306986181331833e+00,-1.463150077818393680e+00,1.393208369112323708e-01,-5.399658861299585499e-01,1.695472649727909342e-01,-1.325341784945532231e+00,-1.503769128399816690e-01,2.396247613531896081e-01,-5.169622857793947368e-01
-1.366264341246613334e+00,-2.456295378664098195e+00,-2.942679227421058918e+00,-5.468820878731395219e-02,-1.974041405567256824e+00,-1.020206021120335871e+00,-1.373532925792760651e+00,-5.808792415539265619e-01,-1.266177622533953606e+00,-1.697777974076463359e+00
-2.387242751499512039e-01,-1.677594508274423912e+00,3.742711287049971247e-02,6.190639833289710570e-01,-5.506906426156780165e-01,6.327004916442171556e-01,-1.441493251759607741e+00,1.566992097481715862e-01,-1.124433935790915662e+00,-1.544004980848826536e+00
-1.693338679590661977e+00,-1.210788379281469318e+00,9.352630325599908812e-03,7.284823072699941893e-01,3.438130177479840066e-01,3.170301841329670189e-01,-1.163728034474735384e+00,6.524716506803668326e-02,4.412839940073389200e-01,-1.283494720974978076e-01
-1.528780837988932273e+00,-1.385166463799625491e+00,-8.228131021097724596e-02,8.284452458908461159e-01,1.873844096043190577e+00,2.908855928012483716e-01,-3.043726404900756743e-01,-1.955908553802499394e+00,-1.619004620281372375e-01,1.009101603438983252e+00
8.206634992434913567e-01,-3.219302535545663924e-01,2.859889010273455323e-01,1.165480261120597216e+00,2.412943004066870234e+00,-3.944766022941859074e-03,1.109615118295780523e+00,-7.153177686006627622e-01,-1.682384171986617050e+00,-3.164718204156269366e-01
-1.201139653714115019e+00,-1.998997725633052225e+00,-1.021092720492367434e+00,9.658082151569870044e-01,1.290611636494394254e+00,-1.381034228614661519e-01,4.601831613467544102e-02,-7.240294767578436819e-02,6.468301912693841249e-02,8.567229382860013231e-01
-5.126972372043910875e-01,-7.879954258308339288e-01,1.491792387141602783e-01,1.484758056112629454e+00,1.882848757248228644e+00,4.443217667430233719e-01,-5.502766527308925459e-01,-1.240254054300235387e+00,1.158262384880551499e-01,1.011958455860082484e-01
-9.424078675999372212e-01,-7.402771495034278226e-01,1.811382197243593506e+00,8.313819564545436025e-01,1.310871436542787594e+00,1.537776078648537048e+00,3.961223037351319087e-01,-8.366444581997162233e-01,1.672219864134697476e+00,8.801478913227727130e-01
2.730124236618314271e-01,7.565430462074627105e-01,1.184592425725240261e+00,-1.564121205516129542e+00,-3.072567149673645082e-01,8.545457387707573460e-01,-1.388525467443688655e-01,-1.107488294295975173e+00,1.742002061273886238e-01,2.146561130044997157e+00
-1.440440596546885610e+00,-1.157396030031281553e+00,-1.306921907468104882e-01,-2.291392535657742702e+00,-1.091729182085785954e+00,7.311177883463932936e-01,-5.241223569333104404e-01,-1.411238202315519885e+00,1.116448044444500187e+00,2.066868484410905538e+00
-1.394404451582727855e+00,-8.570137504299093489e-01,-4.558105617337160909e-01,9.576883050615914161e-02,-1.812703659601132777e+00,3.550457846226521275e-01,2.996347472219332286e-01,-1.859819467694658446e+00,1.491125236890206707e-01,-6.755119809761506167e-01
-6.364234180758301385e-01,-3.955380719121702748e-01,-1.611536599145786952e-01,-1.469236025172692139e-01,-8.529534650328376433e-01,-1.017878915163806131e+00,-6.311388849257069111e-01,-3.294528729984790294e-01,-2.046528067876787760e-02,3.688406524279841392e-02
-5.242392564978465286e-01,-1.025928263479550351e+00,8.158652263588186404e-01,-6.988565199002803041e-01,-3.079712392079626548e-01,8.454108770732998712e-01,1.742960840908891473e+00,7.363602017406787326e-01,-4.091345030015902107e-01,2.077303948711343828e+00
-1.428197813365490898e+00,-6.094430955395306881e-01,2.811886980585605045e-01,-9.052778136084433935e-01,-4.896038129782668835e-01,-3.669842020373403901e-02,2.264517112885856776e+00,-1.646041221164721957e+00,-1.471505187473904908e+00,1.430952628200576449e+00
-2.717144814189801139e+00,-2.997256955430808389e+00,-1.795057943696034553e-01,-1.111606029690592745e-01,-3.208053824031521728e+00,-5.273058766200033887e-02,1.931405461759981623e+00,-1.162263797822403522e+00,-3.112986901362169156e+00,1.138747507919050106e+00
-7.618983585319577534e-01,-1.811627811668933274e+00,1.181555336667507783e+00,2.318358916189098284e+00,-3.276294118293868074e+00,1.860129063566925867e+00,1.556785464463701807e+00,-3.867384872041333965e-01,-9.142495298148247684e-01,-1.221290001022463434e+00
-1.176135715358824552e+00,-8.343878697411122314e-01,1.913069366799028170e+00,1.052207956829264379e+00,-2.675281510025241172e+00,-4.097253474505830884e-01,6.320667181001980994e-01,-7.369291325050872365e-02,-8.503906991878440458e-02,-8.720887269506811812e-01
-1.897163937279909174e+00,6.828133923105939029e-01,8.222004534924005625e-01,-7.708018386825945534e-01,-7.733164711459299401e-01,-1.825669144416813605e+00,1.152517424964731863e+00,8.532803181141416227e-01,3.849157908484229229e-01,-1.311299872266700195e+00
-1.150062816109608255e+00,-1.001021262336221573e+00,-3.001355893763028027e-01,-1.567464217711002084e-01,1.854659256171518611e-01,-1.047171540207600726e+00,2.698112419361318626e+00,4.404482509608493856e-01,4.627309431982865595e-01,1.983582508236502173e-01
-1.316015974691535639e+00,-1.824501515161564669e+00,4.944480123333116484e-01,-1.421800706429567018e+00,-1.280096788959277143e+00,-2.990206560541386782e+00,1.128473342267772406e+00,5.930431689780638616e-01,-7.375068615036237674e-01,1.580249394636044524e+00
-7.948727445584458096e-01,-4.906436413099137805e-01,-3.464539768483829718e-01,1.281614949945058868e+00,-2.265560223354849967e+00,-2.514527602921983629e+00,1.562516047556929299e+00,7.690219486054463705e-01,3.557964760416250094e-01,9.170867698433360360e-01
-7.538494435492926193e-03,1.353558119548558425e+00,1.658540498076842784e+00,9.571791868052448304e-01,1.261446944538682668e+00,-1.640777514936738735e+00,-1.060682670577632880e-01,4.969119072332330855e-01,-6.552032675316930010e-01,7.771072290712262021e-01
-5.348290038510653543e-01,-8.394806734495435796e-01,-1.701360632737447309e+00,6.817686491177210595e-02,1.438973602278753816e+00,-1.342570486484631065e+00,-1.108791136460241411e+00,7.870390245990136480e-01,1.953162868988346235e-01,1.135373800378256304e+00
-1.984031950972990899e+00,-2.174176424267511898e+00,-1.962325391152671905e+00,-1.637086867268290113e+00,1.757963567296429774e+00,-5.460473340334655035e-01,6.950518959970548583e-01,1.318440370813600104e+00,3.632719500921771649e-02,1.352033736034858658e+00
-1.468717397085042453e+00,-7.503033926881881310e-01,-1.024385289915268338e+00,-3.956383815430577044e+00,5.428672596460524247e-01,-7.265794044344267011e-01,1.284904437811490663e+00,5.030743589203700017e-01,-2.113275399499666696e-01,1.000983124938185531e+00
1.205639118717715952e-01,-1.486669743572818891e+00,1.695053118516124391e-01,-3.684181229487593523e+00,-2.553609139858956101e-02,1.490811130896773307e+00,1.659921871562697326e-01,-5.640267547652346725e-01,-4.352611112638344326e-01,5.926843032678376089e-01
1.115318253322414854e+00,-1.010118174999439233e+00,2.312763783464178324e+00,-1.460433314403744021e-01,1.085431013519022825e+00,1.487743588681876172e+00,1.784845483612975459e+00,5.348704307047540407e-01,-9.346724404477211312e-01,-1.999347210068244785e+00
4.730571911610159663e-02,-1.524650865462086946e+00,1.154158130015359607e+00,1.875252676416158115e-01,5.430275814053703298e-01,-2.743863540915156274e-01,5.933756958686913219e-01,4.370424796889025298e-01,-2.328635932517803209e+00,1.019946791932380137e+00
8.333413900144103215e-01,-9.810810163994655442e-01,7.421977971133556506e-01,1.263706103423980487e+00,1.015577217186391490e+00,-9.610169187984207717e-01,6.472940208245727689e-01,1.060633597672686612e+00,-2.227883043151237530e+00,2.399496829202730774e-01
-3.080906441427274656e-01,-9.827187432429523861e-02,-8.669763275645865352e-01,1.167863293422641391e+00,4.562393332326251105e-01,-8.942609463884635401e-01,1.818898675984128133e+00,1.681176537419908357e+00,-1.718702165756154088e+00,6.165215897478415474e-01
1.305163003959211920e+00,2.045721016747854115e+00,-2.832857555385182580e-01,3.194053689305872967e-02,2.045783484536432439e+00,-1.032317675890660258e+00,8.393256788206988617e-01,-7.173407553237720613e-02,-1.131743904405059453e+00,6.327883086406842494e-01
-1.795005350851636372e+00,1.189831204165294309e+00,9.929690121549340498e-01,-1.695949927693826353e+00,1.421931345720886419e+00,-6.097089757762323980e-01,-1.099297472354435090e+00,-1.269865352625171528e+00,-4.531496575576344221e-01,2.285170574119580245e+00
-1.600275791283581217e+00,6.063719720165742233e-01,7.848230135473264202e-01,-3.579659917856369278e-01,2.144161726750308805e+00,1.692421602077720078e+00,1.860697742120025922e+00,-1.160750060306882103e+00,-2.263313006858045373e-01,1.369214398236966668e+00
-1.880517027016115894e-01,2.012366440107825838e+00,6.276133584127815412e-01,2.054402240960020443e-01,1.390233582220226971e+00,2.434282443988830646e+00,1.946214018807356894e+00,-1.451304497582322162e+00,-1.232957963454462513e+00,1.458197821673085093e+00
9.889980645854605790e-01,-2.916904672346798399e-02,5.166246011754616063e-01,-2.116774645278225453e-01,1.112593448400068574e+00,1.953329843718162095e+00,4.791746652590503919e-01,-1.365227878730383093e+00,-5.433547410727515015e-01,6.705474245968469083e-01
1.222553703541969794e+00,4.856265714252528953e-01,1.588602458010774932e+00,3.795232796635742423e-01,1.585971100349555574e+00,1.970784363259413308e+00,-1.291268016267245189e-01,4.607687495671224376e-01,8.660871012675708247e-02,-1.070376458576745460e+00
4.137852735705174201e-01,1.085125890346369637e+00,6.239194745755514138e-01,-1.695267970592490681e+00,1.571065324072997260e+00,-7.319968282451656538e-01,-1.318939229639935595e+00,-7.520395890107275383e-01,8.088001885232016797e-01,1.760818183432674155e-01
9.331918278834308023e-01,3.913582439053964190e-01,1.221664787679811459e-01,-7.163887321509609940e-01,1.267917888413835348e+00,-1.092911700756586280e+00,-2.328841625935125670e+00,-1.795283743479291427e+00,2.160566662854931153e+00,1.810302428133272912e+00
1.296851852407270300e-01,5.223146540850116537e-01,-1.055937875508498935e+00,-7.552802979248600668e-01,-5.016338462426472855e-02,-1.483874536688019274e+00,-5.043663934741838828e-01,-2.751018120726158145e+00,5.514915456178457465e-01,1.208845034094315762e+00
-2.221037164162498634e+00,-1.517839873509531312e+00,-3.910163618547510378e+00,-6.568794844085569240e-01,1.315139748409993592e+00,2.281338311891903947e-01,-1.238154879868447189e+00,-1.461717084499860597e+00,-9.303400666674911390e-01,-1.503891610824588998e+00
-7.823067911597190172e-01,-1.538648454219623929e+00,-1.405790738025820996e+00,-9.461116039021185697e-01,1.265666069438917463e+00,4.784781624981431780e-01,-2.978262698254842800e+00,-1.943220226114840576e+00,-2.758998825299823765e-01,-1.647220065771504593e+00
-1.998453724902557793e+00,-6.260557157758848135e-01,-5.160050614093991683e-01,6.752917602793637730e-01,1.119565149588904740e-01,-2.307427904449205203e-02,-2.525625388798556692e+00,-3.101873262883394489e-01,8.017354843675514875e-01,-1.426782541626104850e+00
-1.795969231988271186e+00,-6.001784970925381213e-01,-1.138627355609930669e+00,-1.079387976371964930e-02,-2.369966078805401555e+00,-5.902271556369512728e-01,-9.084404067714677566e-01,1.221648105440652277e+00,-1.019591041439107393e-01,5.086192961162387949e-01
6.959415148408139018e-01,7.680277218827273877e-01,5.706013557158939875e-01,2.673592187873687021e+00,-1.954667528561013778e-01,-4.066161492364014363e-01,-1.940427690883418377e-01,2.780174564797182946e+00,1.373456603711048274e+00,-5.124163607049410096e-01
5.623889706793986365e-01,-5.696633729816926728e-01,-1.964148220716114723e+00,5.585979330825527889e-01,-8.415783312956672813e-01,-1.033088952016164352e+00,-5.537202124868909614e-01,-5.916241851017891573e-01,1.345171416495060557e+00,-5.699728455755602718e-01
4.249375590424924187e-01,2.998600937213030670e-01,-1.870506154598227111e-01,-6.565658283572727294e-01,1.056150900432027084e+00,-1.516415916922493112e+00,-2.641654800461362917e+00,1.351940614978004884e+00,1.179861406629001408e+00,5.111369142682096189e-01
1.623835909242048903e+00,5.153793768190857438e-01,-1.080910308639889683e-01,1.041877042491560212e-01,6.263045119551197137e-01,2.382038324421088538e-01,-3.242404605490445402e-01,5.058035464187761177e-01,5.929783233926185781e-01,1.777784059696877472e+00
-4.605844439624964259e-01,-5.859244007480112204e-01,3.252530711629101901e-01,-1.736030690880096872e+00,-6.392067258497565740e-01,1.224347791144908548e-02,-1.306949553181847801e+00,-1.957302706262346037e-01,-1.803664953225513568e+00,9.353854056331895039e-01
-1.988535772749526531e+00,-7.560372621610123023e-01,4.181063767778798734e-01,-6.788316581532013450e-01,-4.430568525757960785e-01,-1.145577948755849285e+00,-9.004673146386691363e-01,7.130771246309913769e-01,2.067673971420229684e-01,-3.432239740677209827e-01
-3.133905436084135632e-01,2.197237782910936854e-01,1.335654912453254850e+00,-1.259366695694509541e+00,9.265389551506579835e-01,4.888159733667103990e-01,3.306406542408149574e-01,6.557317906547759367e-01,1.558923180114849316e+00,-1.027698970394851585e+00
6.382616861568055633e-01,2.542283729114634294e+00,-3.819158771088463356e-01,-5.971441201448453029e-01,1.556199840811147483e+00,-1.460846359810894501e-01,6.363037581043531343e-01,-1.800366660958769405e+00,-5.728448113479427395e-01,-4.857176059989059547e-01
3.294411684242376737e+00,2.319264504618831602e+00,-5.965546786697983883e-01,4.524172547070205441e-01,1.716150472840347163e+00,8.889546217456065769e-01,1.672091364345323683e+00,-1.951534960721779122e-01,3.562481316998289405e-02,-3.473526824839636706e-01
