3.234773625812182862e-01,1.786924317346004765e-01,-7.805869211918987638e-01,1.232753714703558545e+00,4.873387436047496024e-01,1.604587772916607591e+00,2.356489513855029028e-01,-8.230605869176302880e-01,1.483012006889544043e+00,1.656277000921417830e+00,1.739017259846109775e+00,1.583846236636194060e+00,8.056602572850832811e-01,1.580746758460183532e+00,-3.417173378820855811e-01
-7.817574229007179243e-01,1.207774622497870709e+00,2.619883168527487038e-03,-2.649565177475804445e-01,1.264864764828248944e+00,2.294662394994261057e+00,1.044950620086627202e+00,-3.187328243867073141e+00,1.872398591278391367e+00,1.914424522711765775e+00,6.694218398912330503e-01,1.796553651609627877e+00,1.102596662724066645e+00,1.614715363736045628e+00,1.316526599033703393e+00
-1.628579173731507401e+00,1.534660263276046432e-01,-1.312235410532258673e-01,1.860125196977268358e-01,-7.113707435816962743e-02,8.040065563417504446e-01,-1.167614297038662041e+00,-3.325609895516868697e+00,-6.498274482009613884e-02,2.071689226565725406e+00,2.400800842970745863e-01,2.290183580198778213e+00,-1.772995102276981871e-01,1.097510385962528145e+00,3.062623679703811996e-01
-2.106664379271889764e-01,-1.541012589806307620e+00,-1.381257187440252165e+00,1.368860831132293621e-01,-1.288469589382685188e+00,1.455992733389568361e-01,-1.287759386914761217e+00,-1.735013982236579544e+00,-1.118580599352882121e+00,1.875676665358901873e-01,3.076383254308292514e-01,1.553611036772768905e+00,6.639095228100608814e-01,-3.069227238744919317e-01,-9.790092359247637432e-01
8.699152996996628584e-01,-1.863022068174314594e+00,-1.075020848800707141e+00,2.352599130768603164e+00,-8.889276867722628594e-02,9.544663343691015545e-01,9.404733417910273729e-01,-7.507907575388128585e-02,-1.642488675748526861e-01,1.702455616701701313e-01,3.720472124444887729e+00,8.747809087567548492e-02,1.977342184473013464e+00,1.744394888273854693e+00,9.111698150056384282e-01
1.398536569573369581e+00,-1.063031984137619235e+00,-1.954019203773647018e-01,1.318159322315122672e+00,9.778665423621973884e-01,1.774690234672969824e+00,2.130781927277662025e+00,2.116271698261656731e+00,8.697458278157637057e-01,7.074441317617565783e-01,2.166666202457156132e+00,3.242879473764260778e-01,1.891634871570170073e+00,-3.983165057473130322e-01,-1.351272083497421672e+00
2.126513379824456429e+00,6.720884334626010537e-01,1.299260383383855411e+00,1.701060155888444836e+00,1.620754735833280336e+00,-1.491273073756961276e-01,1.244444493724129019e+00,2.750041436114702975e+00,1.296862707243538804e+00,5.964659309666886511e-01,2.156218707118567668e+00,6.553881777565491173e-01,3.075332331252963236e+00,2.339260361670783828e-01,-9.083771896846518645e-01
1.786725273901500266e+00,-7.084878151498561483e-01,1.289084332369495822e+00,1.087110845572981654e+00,-1.103792162242571706e+00,-7.737568493092752409e-01,-2.646412838966966108e-01,1.723278247335304769e+00,3.904157223476696359e-01,7.750635560886149911e-01,-3.643120009115737856e-01,-1.078355590868735892e+00,1.523815438731994654e-01,-1.074401142941569520e-02,-2.611051017473051128e-01
1.499345821112306520e+00,-8.947280202629935841e-01,1.414647234642361973e+00,-2.688386983362189842e-01,-3.087566648403228253e-01,5.809763180555524986e-01,-7.203849504108423840e-01,2.312862646282748624e+00,1.443730108612236496e+00,2.353113512872544000e+00,-2.121315272582557032e+00,-5.668060534938854644e-01,1.531899052940984385e+00,3.705649550170631579e-01,-3.800224777626033390e-01
5.162651174167999235e-01,1.187879955390430231e+00,2.346257342712193772e+00,1.440252550135985965e+00,1.773154438194640026e+00,2.046774566453202659e+00,-2.345900974427003405e+00,1.539582766862361840e-01,9.220084778822207339e-01,6.593200704328903150e-01,-2.905244351753293763e+00,-4.894714873007006140e-01,-3.479744368265054177e-01,2.021599903435779222e+00,-3.264857463841858154e-01
1.147602851890561659e+00,1.755898854047486690e+00,2.064035630449176928e-01,5.719262044821266100e-01,1.756916690614295451e+00,-8.833558221891113504e-02,1.102381711605529002e-01,-1.455557386218070626e+00,-3.291163843115697540e-01,-3.796974964483071924e-01,-3.466410487670819052e+00,-4.945563799353271395e-01,-9.523429962369129864e-01,8.658844079376746272e-01,-2.090052868482962012e+00
1.764074944598797323e+00,1.687824032827039300e+00,4.928708032305704756e-01,4.749775665660722068e-01,1.131465158682115391e+00,1.375853921991661455e+00,2.801826733547683634e+00,6.201635635359028509e-01,1.540208051793988675e+00,1.251565762155145478e+00,-1.023739585866940693e-01,-1.517846074633337206e-01,4.752612089664706163e-01,1.165441605965816141e+00,8.018764691295676705e-01
8.988747958792575599e-02,-1.327987136349828567e+00,1.160616177901714341e-01,-5.446368335816779149e-01,2.054545251289873198e-01,-2.425735230077840754e+00,6.531851073354546511e-01,-2.214100289913239372e+00,7.339385348176660218e-01,-4.205749978709582004e-01,-6.893961449706901279e-01,5.150003420253543851e-01,-7.933666269749781730e-01,1.065045126345642190e+00,-2.327952284847323305e-01
-3.696786857357952649e-01,-1.091127257885456947e+00,7.149371522750704866e-01,1.137722745870417107e+00,3.254670879300064490e-01,-1.439372790651896050e+00,1.350510073526705046e+00,2.803085082010902118e-01,2.464834425487549385e+00,4.634728823709240997e-01,-8.138157086138468888e-01,4.517831371582141098e-01,-1.252656089917110194e+00,-3.817143847715724903e-01,1.029573397420963765e+00
-1.044649236914631407e+00,-9.514187514365178844e-01,-1.092336104310893230e+00,3.041486129089369106e-01,3.014012159772911925e-01,-1.550324631002287568e+00,4.127587818556865962e-01,-1.006009356960947398e-01,5.881636965343362000e-02,-9.263531557639543834e-01,-1.116529641624245173e+00,-9.353986396625139088e-01,1.345531062571514447e-03,-1.832949455228860325e+00,-1.271323823935773811e-01
-3.590106555625671270e+00,-4.935801493328114686e-01,-1.154738040107994079e+00,1.166255400441647661e+00,3.365001832060781628e-01,-1.200916612135318307e+00,-5.845238725606290986e-01,3.368778595600936399e-01,2.945433412146033492e-01,5.634654984697391455e-01,6.785760943788107236e-01,8.707922158287813019e-01,1.934197974366695938e+00,-7.255805060836987286e-01,5.542905428972637605e-01
-2.059721153665647897e+00,1.141485393019555428e+00,3.097782406813051059e-01,1.078581599788105416e+00,2.056993427938974772e+00,1.720805591725992345e+00,2.404816101387704297e+00,2.999811708419010348e+00,2.188838711751703414e+00,2.119538302742490110e+00,1.721967748736355386e+00,4.991551371785419855e-01,6.110659200611417985e-01,9.849853658471585671e-01,2.298581367522442243e+00
-2.754226960968067406e+00,-1.467453737028099559e+00,1.261821969460404480e+00,5.253680828808221515e-01,-7.850646917071675279e-01,1.200060219943671624e+00,2.422004700245762310e-01,8.053126622093955689e-01,4.518748381070092357e-01,9.229250515744301664e-01,-5.768961390846032433e-01,5.798888117989127178e-01,-7.884918682933100831e-01,5.475325229039903485e-01,7.256972453384740174e-01
-3.545577972394818644e+00,-1.889681900647907309e+00,-9.198247176174842998e-01,9.583612121629681013e-01,-1.501358778345087686e+00,4.649742678153101494e-01,-2.052272126384596884e+00,-5.076647727112989505e-01,6.603269032232146341e-01,-4.952394310533588806e-01,3.059245862190680398e-01,-2.372181326429244619e-01,1.271028797170536961e+00,1.974703972509684657e+00,1.743601465036338727e+00
-1.137761275911238545e+00,1.919479353225798102e-01,-1.350707627125566024e+00,1.019973023029458803e+00,-1.402305262573979583e-01,6.561731097681193781e-01,-7.796582945514585195e-01,2.548147733809021376e-01,3.367786379159224963e-01,-1.180777793750345417e+00,1.377111051122866581e+00,-2.878173380901172251e-02,-2.892119561966466357e-02,-9.112690393735979333e-01,-1.736474835031187602e-02
1.147322788589362208e+00,1.802354801412246355e+00,-1.606090442451995726e+00,8.539508104558861667e-01,8.940073995557340503e-02,1.513108052030104345e+00,-4.923402462657836542e-01,2.387989929597323702e+00,-2.029263308076015571e-01,-8.922825706261888756e-01,1.028463375413407599e+00,-1.373859881979482833e-01,1.594143630593333416e+00,1.414725393064493186e-01,2.503636905463658135e-01
5.978999321571567549e-01,1.418308850113950914e+00,-3.390575552461051245e+00,1.129562102970982806e+00,6.271240129341242309e-01,1.822084259734198852e+00,-2.297218188124732663e+00,1.548474322807199544e-01,1.014709361580151903e+00,2.361748801763133288e-01,6.240706164155351843e-02,-3.157992317243268898e-01,-8.205503785443073461e-01,5.853295365063972966e-01,-1.951569595762717713e+00
-4.891254416203018041e-01,-2.063786601536738985e-01,-2.076228356789183938e+00,-4.799787172967004967e-01,-1.492799125536605986e+00,-9.997935531330114367e-01,-1.780464244960277664e+00,1.671422746526880498e-01,9.186645237242637707e-01,-1.005085393377872505e+00,-2.318858311526507399e-01,-8.508180939568565915e-03,-2.099796398820043652e+00,2.229336677840789704e+00,-1.817018019542358198e+00
1.198082814023658349e+00,4.277942389464963191e-01,-8.088179113720046498e-01,1.050694885418751223e+00,-2.251404090384945267e-01,1.061816360298154516e+00,2.754614785760145512e-01,-6.826107842210952237e-01,-8.967788943750243380e-01,-1.726075449070564982e+00,8.103006367816295574e-02,-7.267199883524126935e-01,-6.834819097187818659e-01,6.984065904638171451e-01,-4.538538487958417855e-01
-5.222664514067063557e-01,-4.005201420119794964e-01,-1.773758692629238798e+00,8.909822907431683703e-01,-1.057604413224669249e-01,-8.560998483560995354e-01,-1.677901288086931286e+00,-5.609256434250911028e-01,-2.453214785646865348e+00,-1.752837123578478984e+00,-4.534726475830082038e-01,-6.045241958872257237e-01,-1.546183437715201725e-01,6.566033451090885764e-01,2.136042465481977626e-01
6.892486965357331741e-01,5.800672743014485544e-01,-6.181455104660253941e-01,9.485209220947661279e-01,8.875237519538637931e-01,1.475161739559437191e+00,5.700856694554142789e-01,-6.926836819544782697e-01,-2.068845351646833031e+00,5.511989927835669878e-01,-2.792625237213409162e-01,1.447217496063067710e+00,-7.437266407656694112e-01,1.272369183523382796e+00,1.459488624113746802e+00
-8.571776201235754566e-01,7.308420736191574285e-01,-6.206265578341406686e-01,1.273130189914820187e+00,1.079364295515724770e+00,-5.214649352535747351e-01,-9.569208882308266606e-02,-1.752747809200206230e+00,-1.223052474633957720e+00,-1.378131865585498161e+00,1.205577334466659822e+00,3.011998137463611780e-01,-1.563592196620787522e+00,7.905025893922048574e-01,-5.324621171674033260e-01
-2.240953678723240028e+00,1.653383200163447420e+00,9.427822036599204925e-01,3.311825275018840387e-01,1.427776907186609545e+00,3.163994329754938883e-01,6.869880350769399513e-01,-6.350363820776323553e-01,8.499430674184546008e-01,4.679442129825466257e-01,-1.511785017429050360e-01,1.175869628347079310e+00,-1.962133250669341744e-01,7.136450389808451922e-02,6.810849053985562618e-01
-2.453270417692654526e+00,-2.399893109962009774e+00,-5.690230928867081595e-01,-2.851834728965292332e-01,4.240067738505262085e-01,2.049587754204135193e-01,-4.016531127255889011e-01,-5.927673206625010405e-01,-4.866737750431226472e-01,-6.745996800810336591e-01,-4.941058317274195089e-01,2.361357657003942290e+00,1.141107144378280092e+00,6.059199185213693939e-01,1.531604150987865509e+00
-9.299283747166744440e-01,-2.850357924207127525e-01,1.038327545836807753e+00,-5.737058384277784473e-01,-4.136610971201990505e-01,-1.100599773064753206e+00,-4.936971823631799983e-01,-2.843526471542154876e-01,-7.769740006076140126e-01,-7.106944344204112474e-01,-6.206827680356821197e-01,1.319211519366709773e+00,-1.231848848708257282e+00,-1.182124829790372589e+00,9.648087108429430625e-01
-2.785579258690326743e+00,-1.764086710917605050e+00,1.851956539858733430e-01,-1.700968718714859662e+00,-3.061697521795750943e-01,4.854275201076062585e-01,-5.658533081811982779e-01,-5.419079694280468651e-01,5.618522674223824787e-01,7.084579045556066434e-02,-1.605953829116836540e-01,7.554854331330836947e-01,1.190366226498219548e-01,1.017782356452607839e+00,1.533163562311741002e+00
1.680967565223840943e+00,1.165564009958383718e+00,8.333725929400905841e-01,-6.349713851137832599e-01,3.984827683196434100e-01,2.579659402197275186e-01,7.965155371866190492e-01,-9.293281934145454226e-01,1.904585344033560834e-01,3.267165955999658533e-01,6.035220938049558059e-01,-1.174598781536564829e+00,-1.484422546911954965e+00,-1.188820234799963238e+00,3.326351296863002682e-01
7.479973970901238056e-01,1.347573676623597283e+00,6.031115718486790289e-01,1.875894001665025179e+00,1.236613314099802352e+00,7.385288575785052823e-01,-1.051936360668012993e+00,5.068307464146277752e-01,1.298394994771679745e+00,1.088586881550260399e+00,-3.638844725376799705e-01,-1.429229800880685186e+00,4.966219853626769876e-01,-7.261741789243936207e-02,1.289960306228944198e+00
-5.997647818431330879e-01,-5.634987128676447465e-01,-2.001637154428809851e+00,-7.080810717062966386e-01,-1.407993442562124775e+00,-8.340208767364466480e-01,-2.623613648231008622e+00,-8.030112558279808299e-01,6.873948898899040483e-01,6.202117335704530054e-01,-2.537031229537902277e+00,-3.046510143644566071e+00,-5.521152123558505931e-01,-1.132864530643000522e+00,3.016130678562820577e-01
-3.274817117846030023e-01,7.231048500195605966e-01,-3.028674650740587060e-01,1.293853814847809591e+00,4.384432611485516995e-01,5.823128258161218707e-01,6.855365321777830978e-01,8.262293006825633945e-01,-7.014335465393908287e-01,2.396240535069240174e+00,5.930943791863552139e-01,1.845274095463509401e-01,4.481058694386009789e-01,1.320351572606888624e+00,5.593948148587561953e-01
3.424343978086149320e+00,2.221320701285491417e+00,3.237737334051970617e+00,2.124670411982549911e+00,2.222875279207429333e+00,1.677692093957211306e+00,1.715073562969072096e+00,8.088208171847308670e-01,5.098445214108953127e-01,8.011304735549917844e-01,2.966925920682266238e-01,-1.481587354517958977e+00,2.375697650682666029e-01,3.343140396551279592e-01,9.718024668922713438e-01
2.737396822618405778e+00,5.154386311376306651e-01,1.562964110618042524e+00,1.893052767634197053e+00,4.209757159596401621e+00,7.894701734640233726e-01,7.883326223633106977e-01,8.472210250110929763e-01,-1.282183640531523006e+00,-3.767216175729513061e-01,1.517608618165413148e+00,-1.136081239199699500e+00,-2.256351274920277206e+00,6.938559655026375061e-01,-6.427186825790831559e-02
9.569342762784334155e-01,-8.049549299210292386e-01,5.076093650801940527e-01,1.119470440513173903e-01,2.372950085048772806e+00,4.207779455258849333e-01,1.222267392034835254e+00,-8.995125091292899278e-02,-1.012365925890005292e+00,1.128998497740944185e+00,1.117843308207399744e+00,5.252839332772561987e-01,-1.183955598685049182e+00,1.019704126485541984e+00,-2.100591752802676737e+00
-1.292698076717484712e+00,-2.140722092791415010e-01,2.487049290742974428e+00,-7.366704486110180472e-01,1.646528716795808922e+00,-9.161282359070789250e-01,3.814188009419274827e-01,6.623743241180283237e-01,-9.428708326911895421e-01,-3.636446598731031266e-01,4.690607047898068260e-01,-6.790160943340799449e-01,-8.307566533123049712e-01,8.440620703082242215e-01,-2.130298521697861602e+00
-1.193002607092719769e+00,-5.184207787735921613e-01,1.203401529943970871e+00,1.115637602159233799e+00,2.220587569026995389e+00,5.044647601396978764e-02,9.973779542501001183e-01,-2.480843795758154724e-01,-1.079290685323365473e+00,-3.828938506950588794e-01,-2.177067631388971414e-01,2.683981567912802069e-02,2.084119595365082844e+00,1.680104391633450156e+00,-6.506729104556443488e-01
-8.394344104958724184e-01,-2.008035739998028202e+00,-4.136809716195302689e-01,7.785577927083888738e-01,1.028733300545517038e+00,-7.691112453741727473e-01,7.167111461275801343e-01,-9.793705891163755339e-01,-1.013592693992940053e+00,-4.567933528418283151e-01,-1.359748217629804357e+00,-1.393014040212884774e+00,-8.766065989573912365e-01,-6.270838396056502839e-01,2.907577925616305903e-01
1.022737560544588309e+00,-7.993282499848674005e-01,-6.651730294423908729e-01,9.892115061885846661e-01,2.567738232384399133e+00,1.552407105018774880e-01,2.003850181655562501e+00,-5.461501136474428142e-01,-2.053893184404674610e+00,-1.741321855435143950e-01,7.529276313785223662e-01,-4.394450027667173297e-01,5.304756253666231824e-01,-8.069952705002256810e-01,-4.773870979932729464e-01
2.425222306554718266e+00,1.662353902927153904e+00,-1.412274046439715436e+00,1.938799131823946365e+00,1.262900707785516108e+00,-2.626708344842140774e-01,-3.044516004104487195e-01,-6.495359190966383256e-01,-1.416104287751803081e+00,3.688853119399392311e-01,9.515448397259860247e-01,-1.216967868067826197e+00,2.514941783975967127e+00,-8.643660431301949387e-01,-1.930047981654532396e-01
5.816105441876118221e-01,-8.520059410368356900e-01,3.239585586864293099e-01,1.217452443868711320e+00,4.989246913669682648e-01,4.062573648279110827e-01,9.803981268865651078e-02,1.016324134353059794e+00,-1.364252881503823511e+00,2.738952650681579781e-01,-8.186164512288179873e-01,-2.454517672450025501e+00,1.613910883488702819e-01,-8.804188016465702704e-01,-1.122170205336200377e-01
1.839429370652593043e+00,-4.783087992059077975e-01,-2.360760651759113982e-01,6.280328457511074047e-01,-6.800748526013908890e-01,1.365661660209851913e+00,2.073793107099177302e+00,-5.878605142847292964e-02,-1.443623677951462181e+00,1.728982146359545613e+00,-4.324205537419804624e-01,6.262317555538052805e-01,-6.871934884901895746e-01,-1.930937073657609915e+00,-1.001408742928871387e+00
2.828260545014315008e-01,3.582005678792924974e-01,-1.497888508811088482e+00,4.532549319537941268e-01,-5.279253366988329033e-01,-3.557525656072679787e-01,7.828471398045356855e-01,-8.357803990039716080e-01,7.349969109278804424e-01,1.482852284600674420e+00,1.195703129484248395e+00,1.090516601752301806e+00,-6.030529238382614787e-02,-1.221226697966098174e+00,-1.825034803873499367e+00
2.764910280742500781e+00,5.569064371434360172e-01,1.596001340682104308e+00,9.039853191231190799e-01,-1.033654533509024587e+00,-9.244949380041569964e-02,1.399984055173230768e+00,-8.444891499749247465e-01,-2.074109728142285558e+00,3.364616563688764828e-01,2.143242298250159106e+00,1.204222351887977327e+00,-1.087533290832836563e+00,3.486777366123179345e-01,-2.077887860017257449e+00
-5.573642447716296022e-01,-2.013086574910351700e+00,1.471634390656052505e+00,-9.836192947156143784e-01,-7.881931224464111541e-01,7.662677090372838062e-01,5.930684510157427924e-01,2.991381370085357538e-01,4.713008461762321355e-01,-8.371929913602849105e-02,1.938744253714865362e+00,-3.634981514485934317e-01,-1.283701672180936448e+00,1.553850969196159282e+00,-1.550880936534490662e+00
-3.273494728914979057e-01,-8.261282517142454207e-01,8.656236960463736807e-02,-5.061239258266677643e-01,6.762654911222144571e-01,6.109170712502266509e-01,1.250036620514523023e+00,1.184076645488219670e+00,3.862524353655270581e-01,4.341790047828336663e-01,1.387759575466902984e+00,2.694526604158603567e-01,-1.937637631890630985e+00,2.278423581723767022e+00,-5.116324656159743078e-02
5.970806643368223865e-01,-1.050722179567817438e+00,1.055188213742340508e+00,-1.099040216248138968e+00,-1.772765537719350748e+00,-7.494024143891314660e-01,-1.673734637344470588e-02,-2.467812711058920971e-01,1.411650411407337824e+00,-1.316088750330952628e-01,1.117669087685567719e-01,-3.807006207528686459e-01,-1.426040864437140954e+00,1.452273270465122224e+00,-1.349967197325054880e+00
1.015977025386551880e+00,1.337624594772909958e+00,1.223595550081727268e+00,1.500767242463443063e+00,9.939950900132245026e-01,2.426313086600299318e+00,6.773868169651573456e-01,-5.109861579517593899e-03,1.648424233457010057e+00,2.134188416613705286e+00,1.153350852122017267e+00,6.436508410534806934e-01,-2.107050793246729725e-01,1.716820928684299030e+00,-6.465674739263882476e-01
1.432194416505478962e+00,2.811034877815098643e+00,3.082031241408569322e+00,1.257721532810982534e+00,2.666276567802913444e+00,1.618871382690518335e+00,1.717545009009991741e+00,2.405491108842243264e+00,3.702985610100073544e+00,3.024353064058429297e+00,1.873703466916516014e+00,8.087239061154114506e-01,1.649339861415267672e+00,1.792565262844308949e+00,-4.949693385947914748e-01
4.403108338223491458e-01,2.510488869605328244e+00,7.218403744637837960e-01,-1.733932906722528422e-01,-7.646958770906071567e-01,1.631151530823160556e-03,-5.071294751428260250e-01,-5.347532755932515869e-02,1.003051551097287941e+00,1.646844897979080624e+00,1.406380765861436455e+00,6.641807819206800856e-01,-1.092373867450634251e+00,1.117347103151170140e+00,-7.913798940575837992e-01
1.040985914672958090e+00,1.001130495327287040e+00,2.581613998798284904e+00,-6.563395860159695339e-01,-1.416414631580238837e+00,5.064517371792330858e-01,-2.685689016383864258e-01,-1.057152256256548739e+00,1.307822466355085478e+00,3.127466234806015599e-01,3.049633137168972219e-02,-1.027971363063711063e+00,1.632515241877917411e+00,6.003375194395377257e-02,2.464801027066116923e-01
-4.598149664263210812e-01,2.240097563025226224e-01,6.724088038346447416e-01,1.012198036370546839e-01,-1.648111825689574594e+00,-1.142417425446904389e+00,-3.408296386534983569e-01,-1.313054600833476027e+00,-7.078521821850118911e-01,6.163624141410369850e-01,1.035130300769969480e+00,5.391114303133452967e-01,5.570155905251891193e-01,-5.556373042868495427e-01,-4.786706205011989623e-01
2.701015038442905469e-02,9.380007654026341068e-01,3.342168577841451160e-01,2.831542230028349039e+00,6.116288930671350821e-01,-7.799928951186198001e-01,4.284599826086314400e-01,-7.388960422066259692e-01,3.243644709501225520e-01,1.105267738988990223e+00,2.401007000139789571e-01,8.311712151997184828e-01,1.142844912243918154e+00,-6.432936458077047615e-01,9.183204340469373061e-01
-3.032080949171755968e-01,-4.263185621856670493e-01,-7.518223922200881759e-01,-5.641464825598878630e-01,-2.552219057591551987e+00,-1.616612927519292864e+00,-1.487567820494660742e-01,-5.425562459610734356e-01,9.224303039057745179e-01,1.881707625805011386e+00,4.550972191206358319e-01,3.930594689733528657e-01,8.959556433553811372e-01,8.149427897319373448e-01,-6.293956319561263557e-01
6.861739407854881012e-01,1.759482005270367189e-02,3.155674555006513060e+00,7.098996196285907168e-01,-1.594702010851256846e+00,-1.383604260653240603e-01,1.010918290041033174e+00,1.641119322005629932e+00,-8.886615036011571434e-01,1.105836336861834024e+00,1.838034397796584507e+00,3.303270769270770568e+00,5.128174501775286664e-01,3.578432112959871070e+00,-8.292029499917931146e-01
-2.139600859473456573e+00,-2.046666636715985810e+00,-1.270060406862642655e+00,3.697033984740977219e-02,-2.071076048469170594e+00,-1.608052973934544161e+00,-5.294812376577813229e-01,-3.323871948671487386e-01,-1.209256836637496502e+00,1.285323084296505325e+00,4.159821454858434464e-01,2.310711104064422372e+00,-3.337365806004657931e-01,2.306350492463137947e+00,-1.073642735335139875e+00
-2.683273797644074143e+00,-1.990716645707035326e+00,-2.081542772473876646e+00,-3.049517258059855962e+00,-3.419894595474361587e+00,-2.326557178877169285e+00,1.974886771011813980e-01,-1.711375489102976211e+00,-1.028731219829812638e+00,-2.114167561092264780e+00,1.579655724341944567e-01,1.733611848147879719e+00,-1.401942948962404401e-01,1.400358640906007590e-01,-2.151776861008464881e+00
1.035260461176914504e+00,1.975803639528788125e+00,2.783094103590169066e-01,-1.175717973826042817e+00,-6.116261280752264273e-01,2.749706395006488169e-01,-1.520918994080167619e-01,-1.446907411749727368e+00,-1.024072314135130224e+00,-4.415339668955908792e+00,-1.364343014419596045e+00,7.996309334025043514e-01,-1.288426993220168182e+00,-1.504501869261874791e+00,-1.301607182458579981e+00
-1.812185560405388696e+00,-2.393033448088666137e-01,-2.612976647694838395e+00,-1.819425878649171491e+00,8.407418804318863570e-01,1.053105489631402936e+00,5.285694891113250637e-01,-2.499243110323384087e+00,-4.784420000787053540e-01,-2.070400163934221993e+00,-2.634036845905753932e+00,-1.550057684648351586e+00,-1.805729139843116116e+00,6.195751646675504709e-01,-2.568558690165166358e-01
-2.811842744982555153e+00,-3.080558840801977394e-01,-3.396913568907762304e+00,-2.788906577340435344e+00,5.299966793588910541e-01,-3.775288741676182669e-01,-8.602744431624962385e-01,-1.441124367824632380e+00,1.972382327050374029e-01,-2.747302482922888700e+00,-9.560074325823950669e-01,1.815117637227698921e-01,-7.020405076281116541e-01,-1.859626737138803110e-01,-8.829304083456193664e-02
-1.694374484948607762e+00,-3.168545635634995028e-01,-1.255219618309244334e+00,-7.771782130940478872e-01,3.436732807938291945e-01,2.024990135729455576e-02,-4.841952294264257328e-01,9.261159036853205961e-02,7.605981409648125968e-01,-1.383651588165810242e+00,2.717402086238892567e-01,1.099270852233474427e+00,4.924002323330090025e-02,-5.963900094299675603e-01,-7.276893229723547796e-01
-7.821545141019270453e-01,-2.901016426235239365e+00,-7.705608116645451533e-01,-2.687478738314777349e+00,-1.258034182675065837e+00,-3.625434283106963584e-01,-1.435445450408434187e+00,-5.666442036229608625e-01,-1.112737230552538259e+00,-2.161613417650404045e+00,-1.238942540537500747e+00,-9.133968823061335840e-01,-1.779414319887480944e-01,-9.491257473214945728e-01,-1.085475302847401569e+00
1.455187971591441753e-01,9.119257328218122183e-02,1.039208678286872356e+00,3.527556382815428826e-01,-7.822780790320775779e-01,5.129061134134182964e-02,1.301455134752714349e+00,-4.043142831520452063e-02,-4.066059788120280905e-01,-3.605111030201259670e+00,2.992314733201498766e-01,3.582699456436139185e-01,1.499229316311981031e-01,2.004891711920481434e+00,-1.059382843868051705e+00
-1.847739136650880853e+00,-2.070815316005700790e+00,-9.164631895396355699e-01,1.342409313933555226e-01,-6.721477474175541200e-01,9.937833171647972863e-01,3.160932025756318930e-02,6.348165909054422906e-01,1.738516960049549365e+00,-2.230143956668167782e+00,3.029151851078103475e-01,1.698094170061985042e-01,1.288108542415669078e+00,2.810021921884503726e+00,-2.099025528742002322e+00
-6.962644948660037802e-02,-1.909338466923254707e+00,-1.924441285078348773e+00,1.050840828951140615e-01,2.359392403315445641e-01,2.474784628146946552e+00,-5.405301515832059422e-01,1.985815756979113278e+00,2.564934067258388684e-01,-2.577728631140648208e+00,-9.435786588947567832e-01,9.276370530202715514e-01,6.775086136876717902e-01,1.390865160029391756e+00,-9.488919763744134706e-01
-5.043097659796713650e-01,-1.972033409796332348e+00,-1.183809726520497208e+00,6.249077604524422291e-03,1.236846236818154310e+00,3.929789251880075440e+00,-1.740039534957170675e-01,2.200012991255402284e+00,-6.387445248303591505e-01,-1.300721722039943629e+00,-4.951125728431594597e-01,-3.657761620109138412e-01,-3.988282670754101922e-01,-5.706588458685637466e-01,-3.473180721302563390e-01
-4.838755020700473697e-01,-3.317379479362478012e+00,-2.075709954187704209e+00,5.719029878186425719e-01,1.252693665262326839e+00,2.745557800197766518e-01,-1.017785206454946856e+00,-1.441923909777762525e-01,-4.552457553740754670e-01,-1.726318850160424745e+00,-1.594703793590161345e+00,-1.908629658800707229e+00,3.855561967315287442e-01,-1.196248467009154437e+00,-3.191063819515914668e-01
5.756666028144947767e-01,-2.206711200081635571e+00,-2.433359479006704351e+00,-2.471089735739467885e-01,1.961979206625641958e-01,1.750583390025017838e-01,-1.049320334359060691e+00,1.095273180393827817e+00,3.230886131747540135e-01,2.662819924577248809e-01,-1.266606328232553480e+00,-2.124684905209596408e+00,1.238453168752033262e+00,-9.014494485774278143e-01,8.287286475030950506e-01
7.681258982541516733e-03,-1.216837524775564061e+00,-1.556428204199201248e+00,1.991587119782635806e+00,2.216685743933603236e-01,-1.033126518995671983e+00,-1.053580562857004299e+00,-6.970567486107762667e-01,-1.215075218202988472e+00,-5.770518160226792981e-01,-7.265201384819521824e-01,-1.277138784714399122e+00,-1.133839070513759095e-01,-1.377015895464208661e-01,6.279620037284007195e-01
1.242235848629363038e-01,1.295473650784721986e+00,3.376791720533096619e-01,1.752477903788768554e+00,1.989359968905170195e+00,4.404720836934805650e-01,-1.430058340826706909e+00,-8.476964017300330223e-01,-7.948586322545891925e-01,4.056523003231851110e-01,-4.185204325271487114e-01,-1.752737931117437364e-01,5.669570206279715974e-01,2.982055309312792168e-01,-1.466691054481192857e+00
1.092342832707241307e+00,2.974648659074252688e-01,1.136942969148487526e-01,1.134454602527398492e+00,8.788464267837567956e-01,-5.175241418300597918e-01,-6.332912407681546840e-01,-2.076680815937066438e+00,-2.916899777874693012e-02,-3.077667359112811196e-01,2.749215710895347442e-02,-1.534695281093169994e+00,5.390866711202153549e-01,-1.769822041081082487e-01,-7.234198120220047823e-02
5.962038046107176470e-01,7.430924825485646368e-01,5.419614493769493446e-01,2.314154954164773237e+00,2.401219020493108758e+00,5.740440497387926388e-01,1.531273947623985388e+00,-1.905861606145446085e+00,-1.040123270160883129e+00,-1.619796658319375249e+00,5.256112210366499227e-01,6.839238334892999704e-01,2.897577937014595983e-01,1.217912391054686960e+00,-5.718041252097765259e-01
-1.633191720957658521e+00,-8.985766287957105414e-01,7.860555507296728139e-01,2.688467817761601708e+00,6.416204061078731868e-01,1.411528822536493921e+00,-2.246927142205945582e-02,2.494915069985073064e-01,-1.416505919910199252e-01,8.742186486934161449e-01,2.638474901077087598e+00,9.993829492874144460e-01,1.095593477864497789e+00,6.718292400247027896e-02,-6.113631896356883644e-01
-2.807203917105367985e+00,-2.822709476752995328e-01,-8.217525897490519649e-01,1.872227604069446105e+00,5.028233408257942738e-01,-6.450315390553831296e-01,6.821716735637616269e-01,8.409101616397247625e-01,1.441297136953554547e+00,8.696921325758015797e-01,5.838491996234044246e-01,-2.430469834991084155e-01,1.613395117554574210e+00,1.045132027990717472e+00,4.100059473940312338e-02
-2.329994131985410277e+00,-1.831185168061895130e+00,6.758494416218979728e-02,-8.302705524146318794e-01,-1.325585784917722165e+00,1.025658940220534054e+00,-6.029911991255132442e-03,-1.023850657823939247e-01,-6.392265010313064044e-01,-9.374477674331694876e-01,-5.260274074050502735e-02,-1.275304432561255252e+00,8.379513368767517179e-01,1.113408458684167712e+00,1.617408981007454338e+00
-8.688109105096166740e-01,-3.715729745003765183e-01,-9.697679365290198250e-01,6.546936568104625431e-01,2.138980992486962940e-01,1.971368492889598034e+00,2.381682577270997914e-01,-3.538558200979549095e-01,4.560487822691100535e-02,-5.545099392219321466e-02,5.322194856234818694e-01,-1.177235495243268204e+00,1.750080378580252116e-01,6.796886383051592428e-01,-6.720403275980275648e-01
-1.273833037497174026e-03,-3.829956637814168063e-01,-4.011596104606557356e-01,-1.536418105096225561e-01,7.694944485253507604e-02,1.433836463021850083e+00,-4.977155704900171340e-01,7.905606595788540192e-01,3.528945521417547471e-01,4.347157278376039269e-01,1.544492055337617575e+00,1.982282502259611334e-01,1.411906256778434177e+00,1.398081933714245551e-01,-1.857839746499533984e+00
-2.858014307132656917e-01,-1.586761039222323699e+00,-3.325530329160331089e-02,-7.489038802029798214e-01,-7.137892256279075864e-01,9.869976311943763347e-01,-7.359776514479590137e-01,8.271456428162943242e-01,1.001494359722714389e+00,-1.232931098765529393e-01,8.779634117446019070e-01,-5.532028044837890013e-01,1.460216714036932206e+00,3.767372015583527745e-01,-1.481853114870567367e+00
-9.912645312168669731e-01,-2.621365449318533991e-01,-7.975096846001936135e-02,-2.923869167736770081e-02,3.179036776292445410e-01,1.066287431154170573e+00,9.942391965869795678e-01,4.959973328142801008e-01,1.910342771781463167e+00,5.756566978334237694e-01,-3.154334987578116811e-02,8.321029317670853853e-01,1.089590464958580363e+00,3.548645357159529445e-01,-3.012514037583391424e-02
-8.812676474467946441e-01,-3.547745624233180628e-01,-2.659262939140270898e+00,1.244077022787523079e-01,-1.243041299675961664e+00,1.244484221179256167e+00,1.078615587686824862e+00,1.029529224076716432e+00,3.074425504324316272e+00,4.652915151017535389e-01,5.361190253448380183e-01,-1.478608180377840808e+00,5.383421045990688381e-01,6.137709295221618899e-02,-2.989170520603628978e-02
3.090389461402641702e-01,-2.072335902257619877e-01,-1.665209273978796034e+00,-5.492801925421584297e-01,-2.393583463892481333e+00,6.812292030121180897e-01,-1.326433846387593540e+00,-1.285178436320496109e+00,2.282615984800864695e+00,-1.959304690316349129e+00,-6.438153902485208580e-01,-2.688667576109804447e+00,3.180112167718869287e-01,-5.507505926662067397e-01,6.303824310358530081e-01
-6.348395398460849881e-01,-9.956841467440578075e-01,4.808809112054195367e-01,8.004971544585284260e-01,2.062342847885521024e-01,8.007227196274304681e-01,1.312366756406775359e-01,8.237289101062588159e-01,1.504632153294020558e+00,-1.950612216123413845e+00,-2.080736232823884535e+00,-9.449574133298758172e-01,1.570121947894737024e-02,-5.114423484889414340e-01,3.819085861912743241e-01
-5.585385538122406013e-01,-3.679824312624203064e-01,-4.312763963742357598e-01,1.058495893743157112e-01,-8.350259383008646896e-01,1.053776892333383453e+00,-1.151833204944939792e-01,2.216075211620830432e-01,3.900997088483328934e-01,-6.903883686222782590e-01,-9.878401014789264245e-01,-2.035324747302711401e+00,-7.125368383210105572e-01,1.088884914296259332e+00,7.067862764913857010e-01
-1.390067515449855629e+00,3.132667413175952431e-01,-1.859924376322704909e+00,-1.225742149692452543e+00,6.389348281756298542e-01,-9.368574040448509610e-01,-2.688661222311067966e+00,-7.587488505207207190e-01,6.428401312758719177e-02,-2.391377774862654348e+00,-4.523008602398312927e-01,-7.513312122505386714e-01,1.212893023376779400e+00,6.832813870608929196e-01,1.444400751035757713e+00
1.626734562133237194e+00,1.158149112029792205e+00,-1.244662010070743285e+00,-1.104343493512687679e+00,-6.431921487019871542e-01,1.754018015629963401e+00,-7.166566719026871146e-01,-1.327955455210659830e-01,-5.423055667267980828e-01,-1.859558465104925506e+00,-6.971592964101577250e-01,-1.212243979263914362e+00,5.183681319910370400e-01,1.655205622430313772e+00,1.152414906984725818e+00
-4.515422521569975034e-01,-3.071046988415753187e-01,-8.392986364882295547e-01,-1.419956319775497189e-01,1.897022327576818324e+00,1.362230760045831213e+00,-1.469029193771983710e+00,1.332266543953086746e+00,1.962807387720546082e+00,-2.019851834925840528e+00,8.394999125699089682e-01,-1.576182733965438398e+00,8.657817436537229572e-02,1.618020491739604383e+00,1.983352872568029168e+00
-2.002868207342926699e+00,-2.783898033916600845e+00,-1.193925931744261870e+00,-1.106560659154275816e+00,1.718138843338080868e+00,-3.638613330053859785e-01,-3.591093464833687410e+00,-2.943357065740264122e-01,6.913192392583510371e-01,-1.878089916007134930e+00,-5.282066843333379502e-01,-1.504443980761317912e+00,5.004651415219611987e-01,2.323981639995221560e+00,6.767658386592619868e-01
-8.696521143253816977e-01,-2.819411473036351090e+00,-2.199747989748621180e+00,-2.040925500704077411e+00,-2.033714571328713028e+00,1.073886229051729702e+00,-2.364268161241722233e+00,-5.417878344187171402e-01,-4.328465978098349209e-01,-1.127788241664330560e+00,-6.357816051653066847e-01,-7.341578315049863690e-01,1.683339446762038172e+00,1.824067069551448261e+00,8.516131726710356453e-01
-6.044918956185976189e-01,-9.651099963265922232e-01,-1.128840987054468670e+00,-3.488349599640967469e-01,-4.774918810958039828e-03,2.971685947277754813e+00,-1.076247217507921405e+00,1.412252416762794782e+00,2.107183072761320553e-02,-8.517349033952055226e-01,-8.220860275062802369e-01,-1.725294756331380741e+00,5.572957525229127462e-02,1.875680813615928866e+00,2.011703377155791728e+00
-1.319774964304547549e-01,-9.348354790452716445e-01,-1.059091044208448462e+00,-7.211891187722357932e-02,4.138434625094266073e-01,1.533297774746931186e+00,-1.344555594436686929e+00,4.665126308104945996e-01,-1.667082403575405714e+00,-1.023926584038116872e+00,6.123539164929114875e-02,-7.846598373210742494e-01,-4.572984167677133227e-01,-1.179564662963597854e+00,2.822109254685936652e-01
-1.309928225303341520e+00,-2.458466672764568539e+00,-2.095146777240091573e+00,-1.822668522332126839e+00,9.887983973082039579e-01,6.206674010797550434e-01,-2.646257674983305108e+00,-1.744033338215736917e+00,-3.529852560903563585e+00,-5.117083890133253821e-01,-7.006693846619249655e-02,-2.423608830780056955e+00,-1.958345495979331385e+00,-2.441761344670823064e+00,4.998828060683430663e-01
-2.647216459879804251e+00,-8.806456825027995095e-01,-1.671911367165124229e+00,-3.481157752249929516e+00,-1.327134099866534633e+00,-4.884017522954980928e-01,-2.142743196337963951e+00,-1.439749949971217635e+00,-2.986791834702293702e+00,-2.178831426851219888e+00,-8.696314063632817337e-01,-1.758005310682203781e+00,-5.173910045048208950e-01,-4.533035319900724502e-02,1.817595683465215828e+00
1.544314656152472098e+00,6.040812114301301605e-01,-1.602719585189461782e+00,-2.969153576871151223e+00,3.707899933284523053e-01,1.334227680287033646e+00,-1.397932756056665227e+00,1.302575446394826919e-02,-2.793172307534574905e-02,-1.013665359297787560e+00,1.065734628115577731e-01,1.709242753040829399e-02,5.225467383089578144e-01,8.732150892369263673e-01,1.335549722197324929e+00
-1.818221584800849167e+00,1.622701564490520276e+00,-8.039516471177435841e-01,-1.665204619151580356e+00,4.154504233953514314e-01,-1.483028131448652420e+00,-1.425457504612395176e-01,1.720332228316112655e+00,-1.032455102802753100e+00,7.132417004100988223e-02,9.849081035631510606e-01,1.932872170152879487e-01,1.537630699080663188e+00,3.460940784639894297e-01,1.440025591479554556e-01
-1.327995136940931964e+00,6.356741810569888074e-01,-4.981313432924148743e-01,-3.693014639660738285e-01,-9.350770481897722197e-01,-1.288280398843365315e+00,1.608797722473304992e+00,7.420619409228466079e-01,-1.736015877606936764e+00,-1.322537526912672678e+00,-3.545062660271118826e-01,5.821797708308852348e-01,9.430189065842828899e-01,1.245865677850085618e+00,-1.473164329095452141e-01
-1.243913259327030785e+00,-1.189740995842904159e+00,-1.479338679567435033e+00,-7.749149870101428306e-01,-1.658687323848804462e+00,-1.930107275376216958e+00,8.025829087058365952e-01,-1.551255110579923935e+00,-1.548790070422094045e+00,-1.665245101774709635e+00,5.038399284533157108e-01,3.134550269969299530e-02,1.220713052399519771e+00,1.099431299811246099e+00,-2.162347959797983332e-02
4.870562702433689495e-02,-7.373730251350912868e-02,-1.989748200113117260e+00,-1.075833383528671972e+00,-1.882531164527645462e+00,-1.487574951314778238e+00,-4.713837709303393408e-01,-1.904920704507691687e+00,-1.258484994378137323e+00,-3.619985600455766672e+00,1.480166189114015651e+00,-4.125491192531789975e-01,3.478963994098217549e-01,1.968251326991873551e+00,1.495564769032782793e-01
-1.827908898558018580e-01,1.228589770487277466e+00,-2.621916395492569496e+00,-1.499677982612273031e+00,-5.891060431143899656e-01,1.116903014022767593e-01,-4.899526620356927653e-01,9.138188405490883515e-01,-1.587538260599771434e+00,-3.806704907574295582e+00,-4.328629382029536288e-01,-6.850317654483750740e-02,5.690472878044838811e-01,2.145350324421262833e+00,-1.180536796236470454e-01
-7.315151964223458592e-01,-1.949766600544592610e+00,-6.469929085550202963e+00,-3.132881184264878272e+00,-1.857834667358384317e+00,-1.567534040198344414e+00,-1.611870080939804106e+00,-2.306679631259441532e+00,-1.768972635861092879e+00,-1.607101084941927605e+00,-1.922809126351994413e+00,-1.798736317889469971e+00,-1.020572893258473446e+00,3.857365120464000263e-01,-1.136866374871085883e+00
-2.202831926549286834e+00,-1.834542426397554271e+00,-5.737545907514270738e+00,-3.858481513816712116e+00,-1.466595856483738913e+00,-1.080803653666082109e+00,-2.555926019982250885e+00,-1.326021943050964769e+00,-1.365954211669321960e+00,-3.710470564196785670e+00,-5.472627202926372281e-01,-1.030648781459192920e+00,-8.937056096322226750e-01,-4.132044447926050967e-01,-3.108554483502770083e-01
-1.195977490896498630e+00,-6.643602650120630226e-01,-3.442040746905631998e+00,-8.014881195276475356e-01,3.476360642044640237e-02,-5.007017564253083419e-01,-4.007658524359111185e-01,-2.134405732008999301e-01,6.430929445332862482e-01,-3.278190868922648882e+00,9.363418630096393969e-01,-6.987099673012600043e-01,4.464256654598571794e-01,-8.766166951887515157e-01,-8.963339285626383823e-01
-7.484113934762685050e-01,-6.622640065914703333e-02,-3.456682214290200950e+00,2.484307433466568238e-01,3.727126787727357282e+00,1.752273452417468125e+00,3.539938479678556016e-01,1.597235143595881812e+00,2.915626878737026528e-01,-5.078234472787226395e-01,1.706604724886826574e+00,6.534134246419522896e-01,1.249945339712797754e+00,-6.262219900385506133e-01,-1.153020439491296845e+00
1.955043807403188949e-01,-1.671068041617755018e+00,-2.666263151994431979e+00,8.456936273692985395e-01,3.880362638326220193e-01,-2.073589395932205370e+00,4.346147264631479157e-01,-4.198327135309319891e-01,-4.057344273767177212e-01,4.603989755601167744e-03,1.377294212889797809e+00,-1.020976114562260451e+00,1.966341898293646473e-01,1.124488351637385142e+00,9.718898094408341404e-01
-2.312815452210844835e+00,-1.946058079523076412e+00,-3.895498249059630602e+00,-3.781066193621636096e-01,-2.444482806928585106e+00,-2.713110958602263700e+00,-1.531020996736581985e+00,-2.275047188018048505e+00,-1.661426679052965705e+00,-1.229427438345995327e+00,-2.241931286519105448e-02,1.052839406601355776e-01,-4.098228956770469389e-01,-2.614163848271316759e+00,-1.449167664393501642e+00
-4.477963039550544977e+00,-2.165204027333117676e+00,-4.726376133367618415e+00,-2.342728485615589995e-01,-3.770486254950407456e+00,-1.441067347500081475e+00,-6.264251378517972091e-01,-2.449973828140438847e+00,-1.986970708100080474e+00,-1.316944536127881538e+00,5.572117851115552245e-01,1.215110426165624036e+00,-1.528290567649045473e-01,-3.079657838312883644e+00,-1.844833096310194209e+00
-1.949251383535678395e+00,-7.463084234005707973e-01,-3.407804786036306766e+00,1.717525908228302089e+00,-2.438372990774941407e+00,6.825614202521279594e-02,7.433962052209825977e-01,-1.260768390870956379e+00,-1.534589696138342063e-01,-1.309501615637195471e+00,1.655384936717964939e+00,2.548883392115304791e-01,1.169202356403479914e+00,-1.455184115786505750e+00,2.541734084460425258e-01
-2.041715899412400947e+00,-1.834531740191455818e+00,-3.301481289870840552e+00,3.024118729992213428e-01,-3.566718277076139643e+00,-2.092394641402869571e+00,4.341938503023512474e-02,-1.199040033034882935e+00,-1.824605189396142801e+00,-3.321640634237471801e+00,-5.128474167479213364e-02,-1.490172608048142555e+00,-1.353043207632195655e+00,-6.461623979982793475e-01,2.527453656241731572e-01
-1.955179652475028451e+00,-1.408426861472445557e+00,-3.732209258401917751e+00,4.483269003284138243e-01,-1.779391143144636533e+00,6.079485078993218661e-01,1.181249685723406495e+00,-7.716952487910531122e-01,2.386800661183043903e-01,-3.077015079506236983e+00,-1.464563258939581836e+00,-1.681697044239317762e+00,4.697927342563611441e-01,1.600814356126333826e-01,-1.294300341787798736e+00
-1.212562130571205321e+00,-9.873431841578739210e-03,-3.942362859577516865e+00,-1.881744382979402275e-01,-1.841058417952795567e+00,1.366139474809529464e+00,-2.921321294501727506e-01,-7.106221429648851284e-01,1.476363163218715746e-01,-4.359083318865125456e+00,-1.408815248509689644e+00,-1.070415424212430855e+00,4.303777309989046396e-01,-3.904182290499831343e-01,-3.036504355962154289e+00
-2.069224531870528683e+00,5.566040857528096186e-01,-4.916922448555273384e+00,-7.216436243086383762e-01,-4.253487519665999916e-01,2.844235980548979192e-01,1.181538857372299356e+00,8.406235558460726232e-01,1.163556155430685912e+00,-2.206034287923234416e+00,-2.171867832848120294e-01,-1.402668825550334564e+00,1.511438865465361658e+00,1.083845783811689722e+00,-2.362439472222582992e+00
-1.442082590327541380e+00,9.395660245208083960e-01,-3.814469201546376809e+00,-6.447444948892450123e-01,-1.694069459604986561e-01,2.176649193174936547e-01,6.011759075287073095e-01,7.185468842895248454e-01,1.962896509915395660e+00,-3.795804406456907198e+00,-4.883447753263892022e-02,-1.092847641127086211e+00,9.294571623944224426e-01,1.054778832947656619e+00,-2.379359821278603793e-01
-2.643575192070093394e+00,-7.447491527069981521e-01,-5.115597599596849676e+00,-9.694123439755489846e-01,-1.073286005259267650e+00,-2.732061764648507918e-01,-1.820852276153903215e+00,3.029156538137570687e-01,5.612609975185804956e-01,-4.229232900846806587e+00,2.956094276428068435e-01,-9.043397557564281097e-01,9.315794484456318969e-02,2.018668093786335493e-01,1.101823311529380733e-01
-2.522414755259524632e+00,-1.258600379162064353e+00,-4.107043830498724901e+00,-1.760695570375595542e-01,3.036260132597828898e-01,-3.701155202025223634e-01,-3.811276041942098569e+00,1.388534631027418698e+00,1.660186153575191614e+00,-4.530204926890007755e+00,3.262285981234547827e-01,6.697460990489063626e-01,4.738549725296857251e-01,2.297259093833615040e+00,6.824831345873730859e-01
1.464799513630589578e+00,-1.660310045366131249e-01,-3.063197007281234008e+00,-6.334537156620613230e-01,-1.307151821555146975e+00,-7.410885916358131986e-01,-2.845881631738675921e+00,1.463064572292025467e+00,5.101085256644821708e-02,-2.332933637954950790e+00,-8.574323189126136224e-01,-8.393320032560195321e-01,-2.121814234753820472e+00,1.695000694674425823e+00,-1.201798583116897134e+00
6.685461271605097622e-01,2.030928924968463889e+00,-5.225925535969699887e-01,-1.006046696434017562e+00,-8.155136151894166741e-01,5.881596691433566004e-03,-2.417322327638760093e+00,1.094699426795352259e+00,-1.923035499513124247e+00,-1.337803967042474174e+00,-1.735792720453255278e+00,6.491947811618731246e-01,-2.252489441493430888e+00,2.523277784533966006e+00,-2.903863374523495189e+00
2.377972689455500888e+00,2.590437223372242581e+00,1.957913037930473887e+00,-7.544523357448031931e-01,-3.025239237633279288e-01,1.108876137421821673e+00,-1.929866308275427045e+00,-8.244595395765150769e-01,-2.704315189582906065e+00,-1.845429381895193011e+00,-1.953842506822691671e+00,7.809097557806732315e-01,-2.472014873997305351e+00,2.755034334526308193e+00,-3.560953103853738533e+00
9.270832242150763847e-01,7.885353202344624890e-03,2.345324631267506343e-01,-2.397774845441551950e+00,1.301770451277669327e+00,6.816761039529005695e-01,-2.137602665936158886e+00,-2.760590207583920597e-01,-3.330324605969052776e+00,4.991845785262751800e-01,-1.329700676069749177e+00,2.143263374878142447e+00,-7.726013316950239851e-01,3.345511596931592724e+00,-2.017720128212120212e+00
-2.210749053481780857e-02,3.112246038886815058e-01,-1.878096978044088150e-01,-1.659821554063675375e+00,8.133253275678372640e-01,8.060859746694317707e-01,-1.512969263082696969e+00,-7.404463114867754214e-01,-2.277060016964015610e+00,-1.315978421205828142e-02,1.230125953856759491e+00,1.293572654198901883e+00,-2.689211503794782798e-01,2.049394738877910349e+00,-9.237479345944499265e-01
-5.400301790113573031e-01,1.236482400032467455e+00,8.948434617744519537e-01,-1.963204377454335070e+00,2.658747777181551086e+00,-2.338370403234540928e-01,-1.321961893707969793e+00,-3.340747369392021993e-01,-1.939808207923857442e+00,-1.482870125647089976e+00,1.007956201207221181e+00,3.042587118863178119e-01,9.552649677713218601e-01,-9.636941420662958890e-03,-6.686712157259548928e-01
-1.974199270101322901e+00,1.786738651547477019e-01,-7.338980401702546175e-01,-1.355348237037609316e+00,1.873525974225874080e+00,8.963089736444482813e-01,2.184593449746242144e-01,9.031172694740354778e-01,9.484845271140125433e-01,7.434791870970145489e-01,-2.067769718937172430e-01,-4.729807781012779211e-01,2.568804921205193992e+00,-2.306458186271564959e-03,-3.712496523368487011e-01
1.224213636656327209e+00,1.715505086548742231e+00,9.520588077367834190e-01,2.881204090079663160e+00,1.666562207515999372e+00,2.143247228953558126e-01,7.985954877563889998e-01,3.002958478469574199e+00,3.230412197555213805e+00,2.172591238078726228e+00,-1.375526126221165990e-01,5.751835665644764450e-01,1.627471596272609178e+00,1.052315853583294381e-01,5.412359740690455556e-01
3.284989710058721535e+00,2.783024976951423701e-01,2.072741743229884470e+00,2.761150467720559831e+00,2.112851958003187480e+00,-9.840979015840307653e-01,2.524736350185283751e-01,1.213284916950211345e+00,4.449731110201353701e-01,4.016472067897032261e+00,4.346968897491861883e-01,-8.240286792921023284e-01,2.798790990057766215e-01,-8.427624697422277933e-01,5.165801237433681470e-02
3.410133162667925433e+00,2.019709473849633952e+00,3.301767059681647076e+00,1.877617534977401581e+00,-8.681228617698766303e-01,3.067486517009811120e+00,3.444439395716602181e+00,3.394668167944063342e+00,1.396018124670217242e+00,4.955042313489311567e+00,2.361917212729277349e+00,7.817181062293840910e-01,-1.537413898622905783e+00,-2.730281289183155824e+00,-2.210802542626273404e+00
1.216580467866450022e+00,-1.246105914000850134e-02,2.806240404547817757e+00,-5.206700958229197873e-01,-1.306632861684494218e+00,6.810928222970122903e-01,1.495519377482863232e+00,8.435771614105682659e-01,-1.802432775861398273e+00,2.285040021584849868e+00,1.182696958352003058e+00,-1.402489568410310916e+00,-3.403844393636072052e+00,-5.343657251265630848e+00,-6.733131082106799115e-01
-1.393995643347463398e+00,-3.770191187597853322e-01,2.884554651892734967e+00,-6.972978896078432243e-01,-1.486170806536611044e+00,-6.216071866311032590e-01,-4.247337634779433380e-01,3.243582970115560515e-01,-1.428276057382135811e+00,6.500263791706603067e-01,-2.567897416479274497e-01,-1.923758976433270540e+00,-3.229433655354985166e+00,-3.360720626931224864e+00,-7.360762804459254349e-01
1.235640809084606717e+00,1.220863446582613587e+00,4.713126600631473373e+00,1.970105417582124208e-01,1.339242624866047171e-01,4.022788745707531199e-01,1.655503239736526577e+00,-1.314918459977246323e+00,9.012731195707419651e-01,6.488121102638462201e-01,1.139096281712215664e+00,-2.050107364057958570e+00,-1.739376545772854277e+00,-2.459717253527782255e+00,-8.675155029481365077e-01
-2.266272180602161845e-01,1.500609499533376301e-01,3.112147540123962219e+00,-1.676887710607871673e-01,7.924332855382133500e-01,1.168072606384555456e+00,1.740598573107161595e+00,2.826136203078987164e-01,-2.326578453402794733e-01,1.611797149181973587e+00,2.028458668991916625e+00,-3.442540019104325388e-01,-1.794793860584115830e+00,-2.594190297401816281e+00,-8.105567255943828542e-01
-1.555999475852456237e+00,1.098136163615649696e+00,4.025261306016824747e+00,5.108685814959919025e-01,4.248718186960548371e-01,-9.682055503409783825e-02,1.417308357407996322e+00,-1.900991192925110429e+00,-9.840780532394951541e-01,1.648798649301804753e+00,2.935567174695868697e+00,-6.423051641676369439e-01,-5.267622406391599954e-01,-1.749183839923597716e+00,-7.673261491039951032e-01
9.926427104239994303e-01,2.053468825972495360e+00,3.526093685943453515e+00,2.740225978663285655e+00,2.607009277211331799e+00,7.826159428137074991e-01,1.684948153084363520e+00,-7.582899153627179478e-01,5.782029815304624565e-01,2.029696998021934817e+00,1.476067316700604204e+00,-6.205963194857389009e-01,5.254248702313906172e-01,-1.933587765831794592e+00,2.171771723366294760e-02
1.006141738729082968e+00,1.423047672591745805e+00,1.663485740028688209e+00,1.129642430798508457e+00,8.743480227962485696e-01,1.486836011494622412e+00,9.338467536808259251e-01,3.061502610455091311e-01,-1.889592490260705304e+00,2.277520036278543714e+00,8.924545212654853010e-01,-1.050245526003779517e+00,3.379678646676157472e-01,-1.546025946331638368e+00,9.205814379241243905e-01
-7.544657812755767301e-01,2.728521700467347877e-01,2.126425234686326604e-01,-9.396005642079758857e-01,-9.365182704461101348e-01,2.385593362609160772e-01,-2.758110622049798621e-01,-2.258587475508319731e+00,-1.300648084297504781e+00,6.503405856380868322e-01,9.059113127236604335e-01,-4.141279016224892473e+00,-9.142883472516971644e-01,-2.543626840044182380e+00,-4.611408245557642172e-01
-1.262360560527634679e+00,2.612980650259692617e+00,-7.910233583115187095e-01,-1.042861979651644511e+00,4.874114424947474933e-01,1.555256875589029919e+00,6.096444136242358258e-01,-3.259713374280236220e+00,-4.476576973020039985e-01,-1.825526840206918244e+00,1.591484969180810394e+00,-2.580381582296934262e+00,-7.002558606998650070e-01,-3.513414654328055775e+00,-7.254820346108433737e-01
8.227947834558624329e-02,2.342222281603096867e+00,-7.847195604498744537e-01,-1.506823029889357013e-01,1.784033870010365952e+00,1.328040056439864891e+00,-7.320131520721351315e-01,-1.577893217317965835e+00,7.573576655080664910e-01,3.403742944198624443e-01,1.576455616096661183e+00,-9.101879187574544172e-01,-1.784869173057751279e+00,-2.379937855094053312e+00,1.197592429427788208e+00
-1.731920897072860344e+00,-1.822420291946017956e+00,-3.557764206168853027e-01,-1.656299343798655954e+00,1.443528343194532271e-01,-4.561409913443345010e-01,-1.054461571545146192e+00,-1.760054933569407121e+00,-6.888836853841651120e-01,-5.996198497255846860e-01,1.015735591198360543e+00,-8.165101987445728682e-01,-3.826914071491738234e-02,-1.904779764120096974e+00,8.603712397086381580e-01
-1.562504025953018072e+00,-1.467318002109230246e+00,-4.346396258759268605e-01,-1.808731489008942095e+00,-8.821728517718592233e-01,4.823491473275473007e-01,6.308573625934228435e-01,-2.508052052314231339e+00,-1.730066134126576616e-01,-1.938785294044021557e+00,1.637922757557878750e+00,1.599950282839122107e-01,-3.660021218973393831e-01,-8.411087533958230278e-01,5.079346200200033357e-01
-4.051389945304324058e+00,-1.174290145638948513e+00,-2.615297111635130456e+00,-1.144032400153024875e+00,-2.685706596599934937e-02,-3.500430593653083289e-01,-1.452717335228141948e+00,-1.614831578473555407e+00,-6.540941940984796865e-01,-1.775439524696494686e+00,-1.403986940140537376e+00,-3.988162706705495886e-01,-3.450047455066285185e-02,3.956769936403292109e-01,-1.246469429469190260e-01
-2.008708786982950301e+00,-2.608834803189544083e+00,-4.631293362799549840e+00,-2.865646578314588577e+00,-1.783764330846061341e+00,7.194054151412864195e-01,-1.275631080059707045e+00,-1.542736698394658212e+00,-6.963371698278532085e-01,-3.625261155777796951e+00,6.393140568982763616e-02,8.628588984982912269e-01,2.193022594103794631e+00,1.407792197805895373e+00,1.982971560192472449e-01
-3.655784874946978569e+00,-5.180211876055060838e-01,-4.274898799790709525e+00,-2.704830111323360597e+00,6.335199704115453967e-01,7.929544351665145374e-01,-4.075539644853864996e-01,-1.416260629459877407e+00,1.051801815743789170e+00,-4.650746800449788054e+00,8.329475637116220965e-02,5.557586864174338670e-01,1.667146044046777131e+00,8.731654344273284130e-01,-4.872630976187193319e-01
-3.231238170154022704e+00,5.486975372289276676e-01,-5.593224777411609949e+00,-5.939660831797765050e-01,-1.893623986236857792e+00,-1.048654399314792096e+00,-3.496367315523985386e+00,-3.695348482374485322e+00,-2.746830466852845376e-01,-3.225999345864269952e+00,-6.529849881847151760e-01,9.107671983910186064e-01,1.593877829399114709e+00,1.600978685538393398e+00,-4.585245092825604440e-01
-2.178870762217750112e+00,-1.615201620138555283e+00,-6.871289938618536652e+00,-1.721937581007719764e+00,1.229432489845390108e-01,2.142874704169968503e+00,-1.400771723694162585e+00,-4.932594762395329901e+00,-6.042002411943698803e-01,-5.264418578650371217e+00,-4.095204251860062872e-01,1.457713992128881753e-01,1.272259778962975929e+00,1.052379814258708413e+00,-1.782735854605979720e+00
-2.375120883788300663e+00,7.950186755113994308e-02,-7.159249448224181300e+00,6.762896214623634883e-01,3.650919901318042671e-01,2.119415386099504861e+00,-2.504313634023771051e+00,-4.289953817791499091e+00,-2.344955969056988110e+00,-5.005843693619112855e+00,-4.981476384443095373e-02,-1.166202310210095350e+00,1.493625559470097119e+00,-3.978722393897073939e-01,-2.459907603208375093e+00
-2.548893695234380363e+00,2.663038792590075587e+00,-6.647510338091064064e+00,1.117856768185187200e+00,-1.192394816866285678e+00,9.028632348704526134e-01,-8.750106628871674452e-01,-3.514944343925631820e+00,-4.147145714901494529e-01,-1.832990397984328279e+00,1.988570471917480820e+00,7.159300197858394776e-01,1.414953667197842435e+00,8.177523799454200493e-02,-2.225983732862372833e+00
-8.362210289292046905e-01,8.136798842956424194e-01,-7.981123053090092512e+00,9.556065374750212227e-01,-1.685817822365125451e+00,-6.737899300094998267e-01,-8.354367258101705884e-01,-1.471996447303724143e+00,2.595820013194818365e+00,-2.316137172757579243e+00,1.275883452557396991e-01,-4.061763099671231725e-01,1.308296483251110587e+00,4.437239987001391217e-01,-2.544870663216769913e+00
-3.979070906318553091e-01,1.497851363373453371e+00,-8.077463198492296215e+00,-5.171245732811492468e-01,-2.334617606547821467e+00,2.143382623531656095e-01,2.589194163535764037e-01,-8.090700413656558565e-01,1.720075842518342002e+00,-2.813399838534316633e+00,1.555666792884247696e-01,1.125522826574064883e+00,4.002928646724495998e+00,-1.145693953310631397e+00,-2.284123272043572239e+00
3.713615311637935568e-01,-4.019679098948596430e-01,-6.542021606780996201e+00,4.806226976079583935e-01,-2.960329427917347545e+00,2.411811267606354114e+00,1.011105939982259949e+00,-3.939905581357021624e-01,2.249905674619839147e+00,-1.931070977956635959e+00,-1.169442705751384981e+00,2.455849814832559819e+00,2.895996764277324331e+00,-5.993617032187600335e-01,-4.219951985548642259e-01
-7.196167646046658373e-01,3.340264392535637339e-01,-4.993935923460200321e+00,9.864335790707895457e-02,-1.088267229197569907e+00,1.355798515233879842e+00,-1.286938290909121374e+00,1.380318595317514552e-02,9.694586228832169361e-01,-4.067467008151147922e+00,-1.230217804922357772e+00,4.787253922384149263e-02,1.631387002985649204e+00,-2.002120650874262164e+00,-2.172810648454410298e+00
-1.989780681606521107e+00,-1.146369093895281521e+00,-6.447367049878568679e+00,-3.693127260820657787e-01,-7.708810796561026413e-01,7.286328482247235172e-01,-1.934496716088061952e+00,6.321447911018389654e-01,2.015035326095808266e+00,-7.877389575433049185e-01,5.636957596288556527e-01,3.197562066832024263e-01,2.303362175202770423e+00,-3.740442597228439414e-01,1.352466774772717040e-01
1.001764338415986666e+00,1.034793477966610142e+00,-2.535061507786268820e+00,2.099828848096528144e+00,-9.856892539315529334e-01,5.097886066249092130e-01,2.113448558697661461e-02,1.090192369319184396e+00,7.231553259332919037e-01,-7.615012103666549681e-01,8.198730777198380837e-01,7.937341174293411905e-01,-3.008778706306567408e-01,-7.808336172542698073e-01,-8.556611039109356387e-01
1.878377278188036126e+00,1.084804486883983177e-01,-9.913336737876763394e-01,7.986334155303387305e-01,-3.571604116975107268e-01,-9.669283141598346010e-01,-5.836968667324995419e-01,2.122287019545177067e-02,-4.119344701775181639e-01,-1.440598765878944088e+00,2.206380816031949799e+00,9.427776354243730950e-01,-2.246583082993508507e-01,-7.211708264558769343e-02,-3.723638417394465883e-01
1.266855959401439247e+00,-2.982978578435934169e-01,-1.598580448020570310e+00,9.238136302487176543e-01,2.112901504965191801e+00,-1.278665578595614694e+00,-9.713499454835483604e-02,7.390630948896222963e-01,-2.175319854851647250e+00,-1.044872311387459618e+00,1.134586239456913281e+00,-2.895805527622627995e-01,-8.707284036426160556e-01,8.563055844668441274e-01,-2.787585726572706091e-01
1.563958145493642204e+00,-2.836802041839102451e+00,-2.814924719285996080e+00,1.540097585385536316e+00,7.239219019623056584e-01,-2.070026384980371503e+00,1.666053647735877552e-01,2.873034133568347359e-01,-5.271330790829779067e-01,-1.638765291718194683e-01,-3.046625255109813857e-01,-3.953030053585034898e-01,2.108916470507752050e-01,2.825846407256137338e-01,1.155537906660927261e+00
1.494573034395122013e+00,-1.793058595646785491e+00,-3.153864569182918132e+00,-6.700560298319913066e-02,-3.696078953691324553e+00,-1.834834299029866944e+00,8.985443491732745258e-01,-5.390836408372942645e-03,-2.273664299308110204e-01,-5.595961465626875242e-01,3.827572867364843479e-01,-1.892144545465299865e+00,1.094864554161795178e-02,-2.556649107232254359e+00,7.283487189109105753e-02
-1.099084441719764049e+00,-2.125870092430607983e+00,-1.586900995276340653e+00,-1.935631469352677048e+00,-4.686015704168406515e+00,-3.566106210652293385e+00,-1.531818393637031317e+00,-2.820988026821302341e+00,-5.367411137936670684e-01,-2.301264073388342268e+00,-1.977466843047308021e-01,-1.736725364160071061e-01,-6.764376323632728116e-01,-1.706388428325059659e+00,1.337692114910839836e+00
-2.771440908826754423e-01,-1.510932073858551661e+00,-1.457848162636348865e+00,-5.662211447987414159e-01,-1.249834285189140637e+00,-1.424879136553578451e+00,-2.209504074952389208e-01,-1.079760680720868837e+00,4.951555652539418872e-01,-2.850774032148975401e+00,3.769249757790467115e-01,-7.436550890151218951e-01,-4.174579577827345900e-01,3.573539233293117068e-01,-1.041312404732106511e+00
2.480612819864898899e+00,3.640532783143923812e-02,-8.263090045078675949e-01,6.700624883731990389e-01,1.068585316076141156e+00,1.180576012292869903e-01,2.186667226649162465e+00,-3.834590999863596306e-02,5.729198480183650410e-01,-5.107286617246868943e-01,9.856657569592620627e-01,8.396674828669037360e-01,1.994087825165151262e+00,8.849620044794962448e-01,-8.801554663431798708e-01
-4.041008002391266452e-02,-1.070534246528488609e+00,-9.115326111052908242e-01,2.056709260448733589e-01,3.102581393643916163e-01,2.362713162696623015e-01,3.185854309293732367e+00,9.606131960811925552e-01,2.886366972364372563e-01,6.072502674726978356e-01,1.205646214013133877e+00,-7.076210019376472093e-01,5.214477613149077762e-01,1.060969652911913919e-02,3.462514250196989662e-01
-6.698189171836848033e-01,-1.566946806340979270e+00,4.480976100386737659e-01,1.484299240972385969e-01,1.551415229165384879e+00,8.197420245314332998e-01,1.411688998607332213e-01,1.651560939440082976e+00,2.088880671264045752e+00,5.191191793851449576e-01,2.310721182095915260e+00,-6.771393240399462554e-01,-7.509917209339853628e-01,-3.067432493209770739e-01,-1.640314338643430458e+00
5.711452992164314235e-01,1.748097081733557268e-02,1.418178246424266042e+00,3.349176009111730634e-01,1.410049963289559338e+00,2.041139661440710684e-01,1.469525438950357366e+00,1.919875991467202558e+00,2.999375038066617538e+00,4.925412315166066701e-01,2.593786193296935494e+00,2.426912601934853697e+00,-7.562790992706398541e-01,7.790247148068172311e-01,-8.223801219209248003e-01
-7.525918908639557259e-01,-2.198033563073090502e+00,8.066146493542327711e-01,-8.635729684034731957e-02,2.948784495622753354e+00,-6.142901951403458849e-01,6.502620251752193603e-01,2.618364153833958152e+00,3.097159458189863379e+00,2.026588926467012719e+00,5.069760851636877508e-01,-5.071362128007050885e-02,-2.012087074150988641e+00,-1.246655818114891234e-01,-1.486313129669307731e-01
2.457543085150007300e+00,-7.313087051066592403e-01,2.112729391008290047e+00,1.361788004519023154e+00,7.783383807671055976e-01,-1.527919565858724571e+00,6.661453662103340445e-01,1.429096933951688797e+00,2.284243997748212962e+00,2.608234412059500684e+00,6.700287775623017250e-01,-1.872930240304689686e+00,-4.997831347411962888e-01,-9.765570723685113030e-03,-1.476790561701322613e+00
3.991442258964012169e+00,-8.875232745046525151e-01,2.915060695902425003e+00,1.624259828507714776e+00,2.835156204202246677e+00,-1.456403432956009603e+00,-2.645012589326498076e-01,1.380406236717394375e+00,8.784200813441976896e-01,1.750207937715599904e+00,-5.978508247625249350e-01,-1.680825896552633258e+00,6.482659561912965662e-01,-9.989204087236367435e-01,-1.582777681968884353e+00
6.524900665526764953e-01,-9.342392126943132036e-01,2.039959532579998402e+00,-1.330881732868149925e-01,7.977514168463363253e-01,-8.068969258028045877e-01,-3.906367416465121867e-01,6.092486488247770282e-01,-4.477784145829530882e-01,2.208331763713628604e+00,-6.939288708003777950e-01,-6.261586288335485584e-01,-8.742189377002624884e-01,-3.551519694954952122e+00,5.805029104549866981e-01
2.469845563347770057e+00,-2.134098277766606877e+00,2.000525590258070086e+00,-2.249611920859304337e-01,1.568219325409883291e+00,3.610623965852163275e-01,-3.539707569606521664e-01,1.591671892524741949e+00,4.584075198524384387e-01,2.621715423243349274e+00,-5.951963668545918740e-01,-1.552175563409795567e+00,-2.744427365279696218e+00,-5.352395795650203070e+00,-3.729079878451531105e-01
2.468241568893348781e+00,2.436469862412539822e+00,3.832932624590570825e+00,4.600670435365868949e-01,1.477010618546198417e+00,2.050842450070455847e-02,-1.434137972561471797e+00,-1.148870321713761244e+00,1.121344792932508216e-01,1.870456068159386476e+00,2.073692260103529250e+00,-1.099610374136706481e+00,-2.144578323497766004e+00,-3.973888306809858939e+00,-2.719880739872569952e-01
1.348046806806678655e-01,2.114529358824963623e+00,3.578146068877149588e+00,-5.772562499139792802e-01,8.920931306711653574e-01,-6.380544578599756100e-01,-1.476060710725926706e+00,-6.359425234745952338e-02,-1.311331104106341128e+00,2.373719176060450131e+00,1.248992419225302575e+00,-9.899113330602016259e-01,-2.503416359694923266e+00,-2.611771360795241304e+00,1.943910153778215300e+00
1.450201344486658606e+00,1.601593876968689045e+00,4.045500612167289844e+00,-1.154759650962393636e+00,1.811899784668118851e+00,-1.414493822188518601e+00,-1.198161184064726825e+00,-7.282228087023843166e-01,-5.839305488667501098e-01,1.544715247685484405e+00,9.662115829792180532e-01,-3.948631005233079749e-01,-9.493335420818511672e-01,-1.038118443754822096e+00,1.919475184617056573e+00
-1.814828024511838889e+00,7.600723069588705139e-02,2.033485768422697682e+00,-4.760072654211928711e-01,9.217627002798840508e-01,-2.672554648889764906e+00,-3.164432889342250199e-01,-1.789289798273982157e+00,-6.036095763913167378e-01,2.321595715207893651e-01,-1.694428722338718329e-01,8.618785025799241550e-01,-1.783878453998505087e+00,-1.223625906935446039e+00,1.526628893638411144e+00
-3.139817008174826674e-01,-1.296798535856677370e+00,2.618947669777704323e+00,-8.031015858775814031e-01,1.253303557579435457e-01,-1.862305983962833089e+00,-7.111535412577889570e-01,-1.839829863850656055e+00,-1.691435595878329590e+00,-9.209905929056680929e-01,-2.422941750440697484e-01,-7.622966400523194519e-01,-2.241958161986638220e+00,-5.987353311275549483e-01,9.427045528704830479e-01
6.285373361260803149e-01,-1.134200134853639241e+00,-4.829807023396468502e-01,-6.762914971797774344e-01,-3.747188885855985419e-01,-5.261632011999534120e-01,-6.542904111946726275e-02,-2.661488829094937891e+00,-1.049790918608102697e+00,-3.561440162210549598e-02,1.477986426540657261e+00,1.083560593091863755e-01,-1.930073834070496375e+00,-3.389806743028445646e-01,8.453171487100814563e-01
5.738921061156512238e-01,1.484545458682025032e+00,7.150150201263453242e-01,1.732073928928049344e+00,-7.900580545603574922e-01,-7.562514239287463358e-01,3.769017634606857126e+00,-2.433525549391680975e+00,-2.055484183903670825e+00,-4.020177163689797606e-01,3.052530625618807392e+00,1.248787454939675134e+00,-1.396626060809481595e+00,4.758834218839207431e-01,2.274442958768712331e-01
-7.890567773386787387e-01,-1.236525492915302227e+00,8.975969214979560018e-01,-5.843045671129978302e-01,-1.078875364538148141e+00,-1.911205997932666323e+00,1.709084608687937212e+00,-5.299343082130734128e-01,-4.153000923900327379e-01,-1.893736606776019293e+00,4.642678806520765811e-01,3.541785150106790070e+00,3.837618537060791812e-01,6.535673829352552922e-01,4.436753058285899942e-01
2.506678424482028156e+00,-1.393631479520830219e+00,1.955509875395227137e+00,-1.702681737757045344e+00,2.087708818300866298e+00,-9.005986358474715736e-02,1.275885985120645216e+00,1.067062314469419571e+00,3.830692226205312245e-01,-6.407159881308175375e-01,1.020438317144652718e+00,4.164842859671384900e+00,2.535196965440486006e-01,2.213142034171375450e+00,-7.626730613742277454e-02
2.488218375207771782e+00,-8.014257659070804785e-01,3.529033120938553481e+00,-6.456052103296205935e-01,-5.534605772369458609e-01,-7.341793680794681531e-01,5.405026940290462711e-01,4.158464462533345563e-01,7.198021721766106884e-01,-4.349082720492534748e-01,5.402855294812876075e-01,3.182211724724738122e+00,-1.369164739774912487e+00,1.865369511290310145e+00,1.125224039290550149e+00
8.506606048872554782e-01,-7.026337752288983607e-01,3.149901852030745797e+00,-1.398743531518239491e+00,-1.333538705049516659e+00,-5.105549441084168416e-01,2.177123363347817087e-01,5.277237770699356734e-01,-1.554802413444238862e+00,-1.993363224831577130e+00,1.141959365717546637e+00,1.820388163907490142e+00,-4.335295230556426738e+00,2.255102702944228987e+00,-3.943355277544488002e-01
4.101829110397231526e-01,-1.633737913991054613e+00,3.270688839914508872e+00,-3.254492462613916004e+00,-1.698665409919878355e+00,-1.622327883322351560e+00,-1.402067970631177163e+00,-1.489249967626865345e+00,-1.333630387366304682e+00,-9.637966374288310378e-01,1.214302784966077464e+00,2.248516991357637274e+00,-3.917846754212783278e+00,2.918145043511345627e+00,-2.365274817579482214e+00
1.680059595656739457e+00,-1.023990420008486169e+00,1.648547827541727351e+00,-1.607199503500635451e+00,-1.241508966889870447e+00,-9.624690200290375586e-01,-1.854995071919859573e+00,-2.530044956830466596e+00,-8.734169437834806704e-01,-1.963060821186672689e+00,8.371794321973087261e-01,9.999357592415769602e-03,-2.588297200802330611e+00,2.161648071837750429e+00,-2.178101811985705627e+00
5.981112918343977070e-01,-5.485147756587911427e-01,1.379496352900149159e+00,-2.754226043789078204e+00,-2.013715957850685800e+00,-1.547090435475607872e+00,-8.476955221048876332e-02,-1.513451982560146458e+00,6.277742842560134484e-01,-3.357791560372849204e+00,8.093601058809934967e-02,-6.194807893241339736e-01,-3.982867349057247264e+00,1.329059260858331593e+00,-2.736084652101467452e+00
-8.618386694388593394e-01,7.312025647142210705e-01,4.653162121569394127e-01,-3.363600427347191335e+00,-7.282118601213206643e-01,-5.905592446913450200e-01,1.857377288719597175e+00,-5.387951010592437751e-01,6.282856698132258666e-01,-2.979156700449392403e+00,-1.182676850535434032e-01,6.884413930836829065e-01,-2.825478838606930498e+00,1.271123700746531249e+00,-1.670395946495467854e+00
9.609724180948436834e-02,3.927563328009768817e-01,1.221423047435577391e+00,-1.924193351652385919e+00,9.034001393825336068e-01,-1.525459434237566247e+00,2.405892074824125704e+00,1.051540124273931953e+00,6.340341851888333657e-01,-2.974805993261908199e+00,2.801137569118361537e-01,2.334315470167948048e-01,-2.062647401551990889e+00,1.028694123939664307e+00,-1.476111084110434124e+00
7.305691567954939458e-01,1.866788759989478574e+00,6.333770817181541002e-01,-7.908358847912255740e-02,1.443994203542410482e+00,-5.809826169347414027e-01,9.131501119653960830e-01,9.961586872740560983e-01,2.483569680687397474e-01,-1.701177472204709051e+00,-1.592945719804468752e+00,-8.875056897461650607e-01,-4.461293762084230785e-01,-6.882405336261760986e-01,-2.844477362363321493e+00
-9.480193897435995609e-02,7.987811119148529038e-01,1.467852599576453088e+00,-6.709789985848335636e-02,1.666005134520639253e+00,-1.689038065976417480e+00,1.348888604397505686e-01,2.421545767020360618e+00,4.368276033309983486e-01,2.800348197284947549e-01,1.289514355283668756e+00,2.498912591721000886e-01,-5.504109295025323423e-01,1.032374913626086244e-01,-2.013494852100823795e+00
-3.897892273612637570e-01,-7.093402633540639712e-01,1.295184685671628921e+00,-2.574405047977923910e+00,-7.014173534508787444e-01,-7.870258970823714728e-01,-4.984490002621049243e-01,1.554968339553332246e+00,-8.739726782833971974e-01,-4.106920452493709739e-01,-8.900240387310454082e-01,-2.201237347950394607e+00,-1.675347016240910314e+00,3.394672578064958923e-01,-1.755424569881556929e+00
1.175726401914100938e+00,-6.847375464557561853e-02,2.405815834341953341e-01,-4.289976933751237453e+00,3.000218325573576483e-01,-8.286315890964539577e-01,-1.835499693947187927e+00,6.054034010898901030e-01,1.541680010381996091e-02,5.445871112338849240e-01,-2.450526902906497162e-01,-4.445355323763290345e-01,-4.302349443682884633e-02,5.982300959170738786e-01,-1.649316448985537198e+00
1.558318756569030850e+00,9.374117501679823938e-01,2.525304401532791232e+00,-1.438937857491655370e+00,2.176270352992338175e+00,1.174397786448207803e+00,1.097375309835223245e+00,-6.256822033957643026e-02,2.013603994938607755e+00,8.452063351518878109e-01,1.234016060895550382e+00,-3.373483036360943044e-01,8.231252128804336099e-01,-2.098779119211952704e+00,-9.550973489717842213e-01
3.253490724714430127e-01,2.801634944350523959e-01,2.618095288096889739e+00,5.715133124200266757e-01,9.821674009446301756e-01,3.326284836751685625e-01,-5.430140927793292160e-01,2.079709712400613864e+00,2.003021729275292540e+00,2.558971448837379370e+00,-6.911271154079265955e-01,-1.315928076983619466e+00,-6.126643223788695858e-01,-2.635147720697616602e+00,6.038743335827024827e-01
-6.687564868107394034e-01,-1.490185697677540166e-02,1.989267480674660193e+00,5.762120654409356169e-01,-1.178306455452496904e+00,2.968139093115438332e-01,-1.810249658892307156e+00,1.640303822125817490e+00,-9.930836546107886242e-01,2.386762510414649707e+00,6.593186768516701157e-02,-2.209888718806906738e+00,-1.611960807501330084e+00,-2.762258745580847830e+00,1.095894587034613288e+00
-7.286133617489862768e-01,-6.837058407726823717e-01,1.863364173488095910e+00,-1.572704450710371571e+00,-6.220652288104113747e-01,2.602052590990720504e-01,-1.558854817755438438e+00,1.303752872237549543e+00,-1.809630400083257928e+00,9.266267087297813676e-01,1.120952295676415300e+00,-2.847120104828727349e+00,-1.996015916716881833e+00,-8.136926935613837397e-01,6.375321827222724114e-02
1.453731232030091025e+00,3.271437608250670426e+00,2.861336533303759921e+00,-7.647203388642020983e-02,1.975931929403142551e+00,5.706708966722711107e-01,-2.578050772337067365e+00,-1.827968908047992835e+00,-4.957611207271320763e-01,-2.281894027242785672e-01,1.086688615890570198e+00,-1.598396194628287859e+00,-2.129087056874002570e+00,-8.832068072129494185e-01,-1.066172846649230621e+00
8.518291725410728210e-01,2.871675180671569017e+00,3.406275047246359655e+00,1.477604693770828703e+00,2.197727128786532091e+00,-5.961512137081870222e-02,-4.963799069592791380e-01,4.657239895036044963e-01,1.667928369319557680e+00,2.867969771738399842e+00,5.798501050248915378e-01,-1.422778179454786907e+00,-1.474645274831454689e+00,9.771273464504437456e-01,-5.054614359039832916e-01
-4.833778375776309755e-02,-3.449176255225110399e-01,2.740201901717664867e+00,-9.812019808986152114e-01,9.176757258636742964e-01,5.997094225255228395e-01,-5.741372705178402480e-01,7.252271439111712681e-01,3.038931473218969836e-01,2.791745176965506836e+00,7.825478895767154497e-02,3.948254321484712115e-01,-2.572748827309085939e-01,4.069627324884383945e-01,-6.796327213417291402e-01
7.692710650118084192e-01,3.497041503187653944e-01,3.667800050087068442e+00,-4.480304164751203189e-02,1.495732138317387827e+00,8.562877386132943247e-01,1.401689673185757101e+00,2.901767926999203606e+00,2.546266696506889193e-01,2.835508475726702393e+00,4.416685868295229800e-01,-1.377852555930592526e+00,-1.270514061700488639e+00,1.703196206903860199e+00,5.548759186587599590e-01
1.263545561638724113e+00,2.283072619546748783e-01,1.662031968051791875e+00,1.232814590963544066e-01,1.032922424347847867e+00,-4.167122331876838004e-01,5.952896593205462272e-01,-1.248387088662711975e+00,6.870982045591744747e-02,2.288520817627381909e-01,2.058120648856170964e-02,-9.588600419569760502e-01,-1.318606447541059934e+00,-1.230170348276764525e+00,1.150936642229049012e+00
-4.396307665588896629e-01,-1.118661284888084362e+00,1.208267546810576132e+00,-3.303692342754629419e-01,1.012171126711463032e-01,-7.875736903093939478e-01,-5.637050502618342618e-01,-4.733344165460421360e-01,-1.113942364396652174e+00,1.311575956472103011e-01,-9.273527119497526616e-01,1.215610517360594667e-01,-1.083807378505942554e+00,-1.774558047516996417e-01,2.111955918529117682e+00
-1.408504526648336919e+00,-2.967089349884125760e+00,-4.807202674722539371e-01,-2.316027954604352956e+00,-6.387289050722828598e-01,-1.248652155442684819e+00,-2.746469866309592778e+00,-7.138287753559253712e-01,-2.237694831629206682e+00,-1.501408309092992610e+00,-7.030268646328894366e-01,7.252409386742290076e-01,-5.348058288033303853e-01,3.533293589348572294e-01,6.655500446506114054e-01
-8.464829359324347324e-01,-1.214700956415705413e+00,-4.006046725138621145e-01,-2.624128306817500089e+00,-2.339336203350842691e+00,-3.925489341009991140e-02,5.848860480683584218e-01,-1.790630785522866475e+00,-2.360694718509297907e+00,-2.476145074371887578e+00,2.777373228497204138e-01,2.526107075964051596e+00,-7.620447101737937157e-01,1.241366410820974764e+00,-1.477786962615190935e+00
-2.861985184344612243e+00,1.660041947547689078e-01,-1.418137824366828781e+00,-3.720658316445256020e+00,-1.953076069392036151e+00,-9.489374285497427230e-01,-1.611140409119489192e-01,-1.488622162336360244e+00,-7.966035521479093440e-01,-4.634109173231137468e+00,-2.219716494071740431e+00,2.281610193584091562e-01,-1.458406375318191506e+00,1.480235035313257619e+00,-1.512075938811522802e+00
