-7.883782514433421706e-01,1.595925363877304104e-02,-6.501769709630791372e-01,1.839451869895621927e-01,2.370550940004830798e-01,-6.413156059712432633e-02,1.188943243458236321e+00,-1.345784257026669373e+00,-1.551059220998562971e-02,6.416389829557429536e-01,3.966430211421529406e-01,3.002768049953052354e-01,9.800320073808885812e-01,-1.062790248489172917e+00,-3.266460140028513148e-01
1.858863788192560262e+00,4.048139994625969407e-01,-7.371590894856532294e-01,7.713958819167208159e-01,-9.245326523558166087e-01,4.248830787828131728e-01,2.158550499350899265e+00,-7.909025054296248136e-02,-1.502184007146108780e+00,-1.562277742019007265e+00,-3.057687707987966630e-01,-6.050274304347013077e-01,-2.719813100031970299e-01,3.052763383333095271e-01,-1.382338218272463726e+00
2.525204622356902462e+00,1.296994332491826274e+00,7.742492817447693687e-01,-2.465727509835556330e-01,-2.240567287917759831e+00,-1.638459696062036230e-01,5.934713497624815037e-01,-3.093379078076082256e-01,-2.137123354633674310e+00,-7.408844085828921733e-01,-8.794843945063801627e-01,-1.927391952769740957e+00,-5.897320777424752691e-02,1.004001903328220147e+00,-6.796513138551439903e-01
2.291257873924852362e+00,-4.142946219458779611e-01,1.058213569117097963e-01,2.790764363750011801e-01,-3.531026031164612444e-01,3.606781613231753725e-01,1.917538813200909242e+00,-4.493623686712178156e-01,2.553141711281601278e-01,-1.261977293565126779e+00,-3.864823182574814164e-01,-3.234548789628961529e+00,-8.259356103490375078e-01,3.364977424872106493e-02,-1.872592130320769321e+00
3.242118915628148246e-01,-3.170454407904894634e-01,7.899432516380832103e-01,-9.661986139888000258e-01,-1.251908954819155984e+00,1.753204191607844020e+00,1.180062378670942103e+00,-3.445193346244086463e-01,-1.922841357406418483e-03,-1.089989236568614794e-01,2.287655245460911146e-01,-1.773618558343107887e+00,-1.326253472849122428e+00,-1.442258938287210634e+00,-4.038157676607679214e+00
4.772277289263567868e-01,-1.198894321752211889e-01,-1.419303641955707906e+00,4.160024841304510446e-03,-1.334970537050113482e+00,-4.320093036749422799e-01,3.126247813256355368e-01,-4.724858304450370583e-01,1.255403274536150526e+00,-1.036833019080426188e-01,-5.847769186255562524e-01,-3.201061068754396111e-01,-7.174203765229542062e-01,3.866372207142843020e-02,-2.156290965435797347e+00
2.345069883537999722e+00,5.850404563520188450e-01,4.790625825055553344e-01,1.284131780275016954e+00,-1.848214049681499160e-01,5.341953610362917271e-01,3.062657525357004307e-03,-8.089661175597417930e-02,6.552008952312435852e-01,3.671846529891382716e-01,1.077883964498840497e+00,-7.277563222316902891e-01,3.239284296858241374e-02,-7.941053421420177227e-02,-3.103869077055679826e-01
1.210937289331306621e+00,9.614000466776972953e-01,9.246913623935327786e-01,7.879120794505907188e-01,2.405457401973802867e+00,2.861498125719378560e+00,1.385477922178733889e+00,-1.847951584415264303e+00,5.914454131540670678e-01,2.634092230220606567e-01,-1.280007124012358277e+00,4.907822134721332996e-01,2.376220381627498490e-01,-1.128870386500879119e+00,-2.009807113732176909e+00
1.418414807357688767e+00,8.748953901409739498e-01,2.587695865064412182e+00,1.749872892179821449e+00,2.431333912872289282e+00,2.284329208339086037e+00,1.351562652763718564e+00,-8.574397214605070650e-01,1.450843648839276190e+00,6.802859892055032609e-02,-1.406954605825697868e+00,6.287314926827796135e-01,1.127626943810855487e+00,-1.646038915900711164e+00,-2.186705278558382481e+00
2.679914051898651284e+00,-3.866593641830433636e-01,1.830572319926923708e+00,3.177157258895300984e+00,3.078397376336786451e+00,-6.244824859464876976e-01,2.048091425488804074e+00,-2.082749884183368594e-01,-5.481277620661246797e-01,3.002456855508902067e-01,-9.148611910843943429e-01,2.542427913189551081e+00,2.356716209021343822e+00,4.793232810008525302e-01,-6.766548101948841598e-01
2.929866111045421384e+00,1.856639393904542246e+00,2.265607514240500553e+00,1.612381319631960963e+00,3.786569201176947175e+00,5.472800611205816401e-02,1.199994771254830894e+00,2.556579515206503506e-01,7.713964539730011616e-02,1.908525025086509341e-01,1.479180577585606171e+00,1.799824996032667546e+00,2.068996493839784456e+00,-3.284803505534092949e-01,-4.269643940565565066e-01
-7.408375268548204051e-01,-7.527572871465122439e-01,-2.180791053257058465e-02,1.022664800504765825e+00,2.631852065401253604e+00,-4.546943434418571628e-01,1.251027599365798881e+00,-4.569343237229184229e-02,1.402081447855158647e+00,1.421893645095449576e+00,1.530050340320368463e+00,1.014240826096110215e+00,2.426866814193094690e+00,1.786633907924425613e-01,1.678239638126423294e+00
-4.492745987863687174e-01,1.005290506677981588e+00,-7.871443615792386161e-01,1.586390943370177831e-01,8.410971429217011242e-01,-4.822529618740961643e-01,-4.813120231872713983e-01,3.210799170929098945e-01,-9.237824318682275049e-01,1.949543907522056641e-01,2.208260942025142892e+00,1.320595617515111009e+00,1.467258651962428662e-01,1.249335036750522043e+00,-4.293054335722157333e-01
1.057089487611488021e+00,1.266242292566071903e+00,1.965123018527916710e+00,-2.039801124231406249e+00,-1.813387183940753933e-01,5.105404179471224602e-01,-2.807800613297870562e-01,6.350096541286629481e-01,-1.026413209306725194e-01,-2.125665714550586394e+00,1.007427819815821302e+00,-4.165403789945021362e-02,-1.884521096210763913e-01,2.037870906668402871e+00,5.621636610376405940e-01
2.688142727177001312e+00,2.312952577689428857e+00,3.713526530390066860e+00,1.303856799741509365e+00,9.520475679768791721e-01,7.050235200098800004e-01,3.065995358620831612e-01,1.350637575234002741e+00,8.338702423084871640e-01,-1.024356452111628180e+00,1.747381173452413172e+00,2.656848671327226574e-01,5.024313355832955574e-01,3.182375966497566822e+00,-1.191489663905019314e-01
4.148121211059199176e-01,-4.048660911117674122e-01,2.479803631884534898e+00,-3.493603877784490219e-01,-1.443291077201060424e-01,7.677331201687886963e-01,-9.953417492777695275e-01,-1.967564632178850914e-01,-1.846946869955951032e-02,-2.236176875064178060e-01,-3.284407645774251039e-01,1.017134463468366556e+00,1.681589725636771337e+00,4.821024269537394602e+00,1.379336758357134762e+00
1.277747740455515757e+00,1.695243559870388994e+00,1.792961851938086770e+00,1.005786767705884488e+00,1.028267393869373603e+00,3.107737950841081620e+00,7.878421093501069006e-01,4.437624986415937833e-01,-1.163247071099359875e+00,1.639381628095095245e+00,9.897020261666055196e-01,2.216537017475483040e+00,1.293453702149071294e+00,2.464135367462105375e+00,2.639016532610519050e+00
1.869465867659909630e+00,1.125336685973195472e+00,1.250346640041339219e+00,-2.370961691202041477e-01,1.387621176821115521e-01,2.729133802768442862e+00,1.615009561462174892e+00,7.364923474609020859e-01,-6.982597475127443332e-01,1.983307088359853143e+00,2.467085663987947930e-01,8.721764559939901851e-01,7.013933108345999923e-01,1.008921910963864965e+00,5.965513514809380746e-01
-7.535025125061480811e-01,3.698244610279263767e-01,-8.098814084733755303e-01,-1.246607571223208755e+00,-1.293229225091578227e+00,-9.422460962560943454e-01,8.723328654018908113e-01,-1.638383910785888298e-01,-2.407224049292234991e+00,9.729468003605512560e-01,-5.513581606781029487e-01,-2.389853235533386133e+00,-6.454346364584383489e-01,-1.412884315204667729e-01,-8.279735267156517198e-01
-4.234803563383555680e-01,-1.313435206625447105e+00,-4.195039743543576005e-01,-1.533791554922915967e+00,-1.386470438193968757e+00,-1.991582110343772527e-01,-5.852897520451235680e-01,-4.111722738596228499e-01,8.038659324950825358e-02,5.685608750836501635e-02,-4.248372558522944820e-02,-1.910893739717796969e+00,-1.525639796286863081e+00,-1.561290654396824684e-01,-6.146385755241081661e-01
3.794850348514992033e-01,4.404479177881974739e-01,1.519106445734000443e+00,-3.993181968615202582e-01,-1.172630518378319886e+00,2.032297077126143936e+00,-3.877244651037383694e-01,-1.629886610535432379e+00,1.218280997630772688e+00,1.680294152664817409e+00,9.547930917397216000e-01,-2.294653916036457186e+00,-1.184683636870015322e+00,-2.216574560085174672e-01,-2.273397834105505222e+00
-6.748770698886439323e-01,-2.000643569997329507e+00,1.079219600907098453e+00,-9.388954095090733531e-01,-8.772096734916476901e-01,8.488788596678755738e-01,1.464937395181609148e-02,-1.851338982160055657e+00,1.611579383486348993e+00,-4.566199158752222154e-01,-1.368264080508480474e+00,-2.041027675015276266e+00,-4.224814367664257997e-01,-6.659689955582663856e-01,-5.200691873287845990e-01
-2.098500517124590736e+00,-1.574150742328062957e+00,-1.178318933602313656e+00,-1.671033735645032881e+00,-1.561590615681128780e+00,-2.448831557516186197e-01,-4.491014388970805404e-01,-3.142348682762134082e+00,-3.129712427249701223e-01,-1.947212727716604030e+00,-1.112995284550470920e+00,-2.016780459477454990e+00,1.227617556422746503e-01,2.089722996812961586e-01,-4.420334094677329934e-02
-1.099298400739137760e+00,-2.615838247742410694e+00,-2.721520438155458521e+00,-1.009579346150205392e+00,-8.801789506115904604e-01,-1.043951058841201984e+00,-1.229198870866458904e-01,-2.041432622338394509e+00,-1.469677687728868642e+00,-1.710124074486320866e+00,-2.095330213506958472e+00,-1.970999599101702859e+00,-8.245720815423860373e-01,9.306517061563222004e-01,4.870341006157886676e-01
-6.342463559520175043e-01,-2.187248350034485700e+00,-1.603394092524726533e+00,-4.457040032863123225e-01,-2.960620161096984559e-01,-1.598970092946423227e+00,-2.373527017725145960e+00,-2.700930215842802795e+00,-1.420700480932835630e+00,-8.645843765637071243e-01,1.408316032407153084e-01,-9.286722248214461795e-01,-2.151228700213793310e+00,6.001872415492941482e-01,3.202573114751359196e-01
9.871083949155046167e-01,5.367434459632343113e-01,1.202618354894993580e+00,1.267767627605035807e+00,9.673210477616567271e-01,1.754061975797960082e+00,-1.003226926837736954e+00,-7.829444571138097775e-01,1.539259404234659012e+00,-3.226998052261292882e-01,-8.830974002350094887e-02,1.200735307057858026e-01,-2.595679417453614413e+00,3.118775740326490964e-01,-4.053606823764372979e-01
-3.672253477371947294e-01,6.967635398201401653e-01,2.442190530281386218e-01,2.056871243450014042e+00,3.257174746609520222e-01,1.080948508689579146e+00,-3.716143848819707940e-01,-1.841704616725071686e-01,1.088930993625451205e+00,-2.752163501807036727e-01,-3.431583713928850754e-01,-9.796934868571066657e-02,-8.716459723587615116e-01,4.180190921889700983e-01,1.332904115658409383e+00
-9.319559949462340454e-01,1.138817027937137349e-01,-8.211299412513227702e-01,9.550219450848540514e-01,1.737486561523423623e+00,3.105035318473856609e-01,3.344332897874512378e-01,3.926814985737658859e-01,-8.626994569927777246e-01,-6.298650135641623571e-01,-1.479382714075949679e+00,-6.923473543177904865e-03,-1.479002347389489103e+00,6.071149675901323928e-01,-4.430637524706222408e-01
-4.196810915276061316e-01,-6.572757939808138161e-01,-2.092827984259355567e+00,-4.098139002856174828e-01,1.448858363852011610e+00,-6.950590859358580786e-01,-9.385906243966413154e-01,9.270091170724035212e-01,-1.122676469710939540e-01,1.791099737206061637e-01,-4.631267320125902476e-01,-2.480868476616840124e-01,-7.384957867210952820e-01,1.239285483730548920e+00,-3.730815789207895250e-01
8.353011892198936028e-02,-1.412508257057805139e+00,3.111586520492288788e-01,-1.046085966252600974e+00,3.730599507339584786e-01,-1.817231193511698262e+00,2.562844549761919555e-01,5.536348956971641755e-01,-3.065537947734078283e+00,-5.770494297402559702e-01,-4.277229506145114324e-01,-1.535910407596688287e+00,-2.265764524807975189e+00,1.237435262867664587e+00,-9.170185491763843677e-01
-1.589819003806202113e+00,-2.275923298425809538e+00,-1.742413990589161799e+00,-1.830853527339981746e+00,5.611619581651124955e-01,-1.488042270913301879e+00,-7.778004602541290780e-01,-1.118100659970604482e+00,-1.404265567650838431e+00,-2.395685273212459221e-01,-6.737570104027346130e-01,-1.142140669815874920e+00,-2.032294220654985217e+00,2.587140131440674451e-01,-3.449694339934825105e-01
1.115019701840789246e-01,-1.389870842920284844e+00,3.080480992319616362e-01,-5.215739372311480881e-01,-1.614135805310809024e+00,-5.213180823754213211e-01,-1.580254052897844819e-01,-3.053496913908645638e+00,-1.977223342683610330e+00,-7.915612076516240769e-01,-1.551630320581497413e+00,-5.015376985679567134e-01,-2.030453855241824979e+00,-6.930118400062674766e-01,7.387602934027757140e-01
-3.523016723651615223e-01,2.658694954856299919e-02,-2.341580583626700296e+00,-2.056739546812589303e+00,-1.802095739115021633e+00,-1.530047874501610394e+00,-9.673057138919718412e-01,-1.800500344742856917e+00,-1.867638308906871547e+00,-7.378347860955543069e-01,-6.691981370553929942e-01,5.318843633464134246e-01,-2.988982025564357325e-01,-4.637426904361827140e-01,7.198922950745867411e-02
-2.258094476178694521e+00,-4.644221194132021058e-01,-1.305584720606240978e+00,-1.039864487272428972e+00,-2.775013035140633022e+00,-1.211970453519141566e+00,-3.156013334984665519e+00,-3.133556026061284250e+00,-1.405539026481640530e+00,8.044675671085361746e-01,-1.808658277277126469e+00,-5.750408594925674466e-01,-8.189467371616185876e-01,-1.744521388865812872e+00,-3.652811588154088462e-01
2.001459770588243092e-01,8.721816602281067254e-01,3.056412635431520197e-01,1.361844087104379764e+00,1.493104992809233256e+00,1.628317720754379749e+00,9.350533612922704574e-01,1.974028522939619279e-01,2.518452761015603336e+00,2.704091122235063871e+00,-8.861710352402862867e-02,-5.047116459517438924e-01,-1.540530294204598416e+00,-6.904349123956643464e-01,-4.411223203933288817e-01
2.873573078858424057e-01,-6.729934053025448115e-01,-2.183834986592114724e-02,-1.025024509823099228e+00,1.895540098379346894e+00,6.755323977168093963e-01,-1.081833726905290005e+00,5.289718488200179092e-01,1.148688639920157906e+00,1.281819693744997712e+00,-1.150751830738207110e-01,-2.516711288122717161e+00,-1.085577723355872104e+00,-2.653738761648798850e+00,-1.364326855280105555e+00
1.044718601866282182e+00,1.096027274264595119e+00,3.321240752717539158e-01,9.037793768853643606e-01,1.987233152702897243e+00,3.009248405723673470e-01,8.544782556147352270e-01,2.168861783266138321e+00,2.370852260493283126e+00,1.491012359241124519e-01,8.977413019024421681e-01,5.124563167761773119e-01,2.553791237195747188e-01,-1.412072619661558281e+00,-1.459612667398256791e+00
-1.762110546402499978e-01,3.023464355832001793e-01,-9.351476667269957854e-01,7.386772915467707534e-01,2.073844496010191385e+00,2.296143711560282075e+00,1.375199543647010358e+00,1.657862191762524695e-01,3.241547941954441292e+00,-1.430270586759838092e-02,1.661013482900745686e+00,2.895906111388213411e-01,-3.256443042959052403e-01,-1.925142320086773218e+00,-1.564294600832895288e+00
1.211107508596071858e+00,-9.611252555326534885e-01,-9.403474265868435600e-01,-1.605068146499954773e+00,1.476913441304016139e+00,1.485152698783781533e+00,1.154623605161587019e+00,1.402304370976464654e+00,2.668974581313552363e+00,-8.378932940361671911e-01,1.946510850512400026e+00,1.914696178999409693e+00,1.727892420454583411e-01,9.731982186792208500e-01,-4.028776468008652412e-01
4.325397938523859453e-01,-8.650165589726019899e-01,5.757846639325213678e-01,1.062627336491073216e-01,1.789983252230313848e+00,2.653453739729525473e+00,3.072294239801486970e+00,2.806061417806364755e+00,3.270987473547135149e+00,-1.738996450677232630e-01,2.766376925078257276e+00,1.869516172027716916e+00,-8.698132849880491069e-01,1.288572412886564766e+00,5.303588901702624980e-01
1.033166014961131918e+00,-1.168947766639635510e+00,-2.237105149564793671e-01,1.149701774842637192e-01,3.307737256238363344e+00,1.778995213518684171e+00,2.153491039373329308e+00,2.853345824973893219e+00,2.395037962402502885e+00,1.999044218482585622e+00,2.013223488542417172e+00,2.812539996274989296e+00,6.184586746221847342e-01,5.954669892544566245e-01,9.266946762604415522e-01
6.258458629976456633e-01,-4.537966108807180987e-01,1.435053516637455839e+00,6.420245166951408233e-01,1.439846303064037158e+00,2.025265849106120619e+00,1.193762822313257477e+00,1.274388410530439053e+00,1.018961496087404495e+00,5.522277692005248539e-01,3.917456502559852893e+00,4.189076342700681188e+00,6.635518172956138550e-01,1.797720074655519418e-01,-1.044115037711210725e+00
5.122253773048246472e-01,9.853203161757392303e-01,8.224328666655376097e-01,-6.538994547827893244e-01,1.601341327106642343e-01,1.605442418331415100e+00,4.138819362521468648e-01,1.364601077212585167e+00,9.304365054015988346e-01,-1.557799349205344352e-01,3.221343502232477007e+00,1.389993119360175333e+00,9.149299793191990604e-01,-3.661634689197145187e-01,-8.212451407521844660e-01
4.188890458935458638e-01,1.302097561239568657e+00,-3.712413930292998709e-01,-1.278109784925128167e+00,-1.072149497991425449e+00,9.319970954051376433e-01,-4.278549901692441648e-01,-7.156625953129922557e-01,5.653707284198979943e-01,-1.430513557243572875e-01,1.613659686991004927e+00,1.060037278072293310e-01,1.528668434050488578e-01,-7.255255345447494952e-02,-1.200320622408895810e-01
1.786927167141198813e+00,1.027909102315994749e-01,4.696389746958476441e-01,-2.044916121288005595e+00,-1.938696841077410804e-01,9.378533786103605552e-01,5.782357579074555165e-01,-6.055510501327091566e-01,-3.197221590311793982e-01,-5.258871989103695022e-01,-3.342572653475921474e-01,-7.329306946703044723e-01,-1.506616035013303101e+00,-8.711256049609172880e-01,-1.507723238005287680e-01
1.144300513732568803e+00,-9.553828053972972523e-01,-4.884995377171984510e-01,-6.445899726091314230e-01,-5.941206824955456156e-01,-4.526947774720642692e-01,3.920301332953986528e-01,-1.533631572430694145e+00,-1.499049876525040181e+00,9.201526341699028944e-02,-7.762360040801561389e-01,-6.378552727748225681e-01,-2.427652937097590780e+00,-1.046250658247878329e+00,5.189094812593086914e-01
2.428929719551947974e-01,-1.885378726243972736e+00,-2.267486995536633909e-01,1.022182250145479143e+00,-6.158939665334219049e-02,-4.666312247319015505e-02,1.359549619498603201e+00,-3.120313221622199595e-01,-4.988540010697327665e-01,2.233608506502609281e-01,-9.520312079549230200e-01,6.646273737452850217e-01,-1.981377636189242786e+00,-8.679266675420826971e-01,1.994136704935636217e+00
5.035537595103651842e-01,4.704039796437720078e-02,-4.218763601338937352e-01,1.336537643270459430e+00,7.107417092644201517e-01,9.573982845494766192e-01,1.529758700588183418e+00,2.547864927728173523e+00,8.304420925205329151e-01,1.136057449013212040e+00,4.845312886063980473e-01,1.548185485700863229e+00,-1.310519332877951415e+00,-7.738592873215377477e-01,1.392123624023652972e+00
-1.173248268504082648e-01,2.388453592467032482e-01,-2.771071735830813454e-01,1.229117758610196454e+00,-1.043741504960640887e+00,-1.021189179230294952e+00,4.292709481054048926e-01,5.393910811233348923e-02,1.453063888116850944e+00,-3.866306226223858999e-01,2.916507505518288190e-01,1.815593179362140930e+00,-8.672295783183170403e-01,5.107852812897447636e-01,-3.852923852414489314e-01
-6.681486723777471104e-01,-2.354408789634463428e-01,-2.481541240316411101e-01,-7.554314963236912206e-01,5.756259642855776626e-02,-1.332229097829859654e+00,-5.238650867289332269e-02,-1.567635437336111437e+00,-1.318734687426375451e+00,1.351359470081033631e+00,6.848754359971565009e-01,8.112490731557764345e-01,-3.241154573027545727e+00,-5.798764034367713815e-01,-9.639322942943145955e-01
-3.658231879596959280e-01,6.993187964449535388e-01,2.219033138060723109e-01,-9.444375072057024090e-01,-3.932506528073662078e-01,-1.669955339337216849e+00,2.404138609118902092e-01,-1.967704491879968542e-01,-8.309216340280840551e-01,3.014431561343325683e+00,1.688699884143277874e+00,3.726881611432485975e-01,-1.499188838393835876e+00,1.859855637550608121e-01,-2.981424177140880594e-01
8.246163548607614580e-01,1.800071277804311531e+00,1.773169485756106667e+00,1.767019839868033015e+00,-1.583767415255436795e-01,8.212588531140223580e-01,-6.325560252832036490e-01,-3.840500561831899362e-01,1.476844073435965854e-01,5.561640449356750615e-01,2.728095984047168576e-01,-1.195630870306915394e+00,9.046086449434320720e-01,1.850878508596695227e+00,9.123261232267009246e-01
1.870351841010304828e+00,3.084565898900214265e+00,2.700607376636818824e+00,1.768041724053782682e+00,1.344251279667682208e+00,2.443447873946554161e+00,4.473408571579272630e-01,4.029959814997426393e-01,-3.778091449698738891e-01,9.363259751570879308e-02,7.275746928098559829e-01,1.350851317249434524e+00,7.081444182836827972e-01,5.738067309905202640e-01,1.534845494401016364e+00
1.010662112163799087e+00,1.494540576443685875e+00,9.807432294057811806e-01,5.145041185434268138e-01,1.971538066589817673e+00,1.883116887925361915e+00,1.231629139642951065e+00,1.394866763787635300e+00,-7.727090639696505558e-01,-1.899135380547862573e+00,5.621692706687030361e-01,8.440512873840716468e-01,8.972384809945033179e-01,3.641860417640274683e+00,2.153934348890071071e+00
4.803456014412061492e+00,3.014092452166572400e+00,1.583580044124622832e+00,3.012886705580602342e+00,2.391821731754546931e+00,2.827582872080755649e+00,1.917694819837999054e+00,2.865755937759552285e+00,4.196834029542985123e-01,-1.125444633264305327e+00,3.240731735568124217e-01,2.714516931656101750e+00,1.132367596538311982e+00,2.798531624780861371e+00,2.589300438784039926e+00
3.503603542460551168e+00,1.158457063055512881e+00,6.422809874261357077e-01,1.231790061856236074e+00,2.642630497310302751e+00,4.536857564937944787e+00,-5.098507631072637380e-01,3.433008046118513512e+00,9.901470738731082966e-01,7.488579764841752917e-01,2.692611891843148975e+00,2.219616664386342642e+00,1.341705942965756515e+00,2.331678187281860826e+00,8.646240955382984428e-01
1.992954007788779958e+00,-2.522405706010853454e-01,6.036696150958364981e-04,-8.069326184823096826e-01,-5.467610624292531529e-01,1.381212718323878041e+00,-2.251655938407278956e+00,1.446337459154891869e+00,1.010296082519262839e+00,-4.176623230197271663e-01,1.731624924953114819e+00,8.848200311297499399e-01,2.136252029680898445e-01,2.072511916718513980e+00,1.509812019981695563e-01
3.760840589750873431e-01,-1.636788551942625625e-01,-2.876181424962071520e-01,-7.178556014748057601e-01,-8.028899452875588594e-01,1.049414954793221222e+00,-1.800101996366555213e+00,-7.927939435487232345e-01,1.057060802049747839e+00,-4.724195151590585007e-01,1.715205373392625798e+00,5.081854816725539514e-02,-9.610732534502848257e-01,-5.602561687987197558e-01,-1.675395067993785680e-01
-1.818425387663690773e-01,-1.957262419900267725e+00,-2.159190408762721169e+00,-1.106997160432600102e-01,-3.103141959463880717e+00,5.817811809725819128e-01,-1.375761960600539346e+00,-1.191819592407822315e+00,-8.846224502565008807e-01,-2.156700847160710310e+00,5.601737845611334254e-01,7.880402310694428758e-02,-9.635002954757363458e-01,5.565615178767677751e-01,-1.413292838511641669e+00
-2.259680032016996076e+00,-2.952482574769755175e+00,-2.622623881445778071e+00,-1.824862550610926171e+00,-8.713279551725152672e-01,-1.963966238644373474e-01,-1.786639220231909020e+00,-1.170196780723919305e+00,6.398545810347886498e-01,-5.630770861677480976e-01,-1.141836005834848233e+00,8.935893984178459870e-02,-1.014783837946525269e+00,-9.358932481455838337e-01,-2.337271355473866663e-01
-1.790381681250807322e+00,-1.686180289764566131e+00,-1.467877867622837673e+00,-2.071473203101088512e+00,-1.578287876085547214e+00,-1.346563499071926184e+00,-7.395583428436394158e-01,-1.694009317708609963e+00,-1.490169424936561349e+00,-1.080760942218568665e+00,-9.381568790658179058e-01,-3.232289896761466164e+00,-2.096493094862157847e+00,-3.552867852057676856e+00,2.682777193951144667e-01
-1.445263388904840518e+00,1.038469359614527798e+00,-8.444538722409902221e-01,-6.326666034038854747e-01,8.151152178577210083e-01,-8.147688605288785357e-01,8.400154937720466508e-02,-1.866424323516118200e-01,-2.977673834114424878e-02,-3.125041383835676090e-01,-8.710510868789721473e-01,-1.935519148847055781e-01,-1.178977814469396979e+00,-1.459295483988848119e+00,-8.887630134319904340e-02
-1.268381978738202909e+00,-6.434503695305560100e-01,-1.480551195347598048e+00,-5.395358865832806661e-01,1.197807451817840541e+00,-1.825533185204363251e+00,-7.209593197407754284e-01,-1.097820227730951670e+00,-3.682459926970963471e-01,-1.507982722492954952e+00,-4.158943096023274277e-01,-5.913261932562826617e-01,-2.336054147206476639e+00,4.544842042173383723e-01,-1.488500175006197690e+00
8.992010449958580676e-01,1.474822884742273743e+00,1.382593233772591579e-01,1.796298443041639270e-01,9.559633422906443911e-04,-1.447757011310464748e+00,4.202493276355762086e-02,-1.510942825548246438e+00,-8.272161332763212638e-01,1.716498352872317668e-01,8.705805613058138492e-01,-7.585296179933997962e-01,-2.917469858661054793e-01,1.734513727797968974e+00,-1.191657205970940492e+00
2.467216235604929864e+00,1.535968997249709478e+00,1.731431664000552040e+00,-1.325608226119327382e+00,-1.728695854220622330e+00,2.779979484948341684e-01,5.520832429508519823e-01,-1.112214151649041360e+00,-4.312749450575450449e-01,-4.166291067686671568e-01,1.288133371455018050e+00,4.409178535007221011e-01,-1.166563734320956058e+00,9.175815091085286479e-01,4.556557673203194270e-01
2.935682311661875765e+00,2.330735544035314799e+00,2.915855777105738511e+00,1.134204999425224569e-01,-2.132546842897889317e+00,3.583279128835125782e+00,-3.057792725363002728e-01,-1.798841908055730077e+00,-1.939551856091491944e+00,-5.168469537718687334e-01,-1.422873063971157315e-01,-4.867456637607717740e-01,-2.638534161570907255e+00,1.826517957984048923e+00,-1.802808999210840923e-01
3.458740382684091230e-01,5.606507744246271852e-01,1.704590363712823020e+00,-5.864874892683680230e-01,-1.200869789608363547e+00,4.040680097919342018e+00,-1.001790679516935123e+00,8.009657814260060515e-01,2.514438378181591549e-01,2.838433898509227782e-01,1.487715916256657334e+00,-1.528633812452343532e-01,-4.997157301142076680e-01,1.415728663021369238e+00,-2.725515483798879313e-02
-7.394597768870380117e-01,-1.017820403553680308e-01,3.545612119884579139e-01,-2.291947384393998810e+00,-1.430363913543203580e+00,3.619624839352889811e+00,-8.620105163839330009e-01,7.072055078362142755e-01,1.253042717302938813e+00,1.027962499366237292e+00,1.836434531003905413e-03,6.127452985456730561e-01,-2.144118133815749339e+00,1.090190055377918243e+00,2.026346833406295289e+00
8.990619897932222715e-02,1.576869337624330125e+00,1.908475517048042747e+00,-4.355206273105943771e-01,5.772178406181499577e-02,2.751216740893885238e+00,-3.124276336350310768e+00,-1.369322709936249494e+00,-2.152196573808559110e-01,8.536019914722897672e-01,-4.889714083271380352e-01,4.790333910129501716e-01,-2.334592762107390307e+00,5.913814484797987880e-01,2.730314379853481022e+00
-9.311226368781536644e-01,-6.931803196798556055e-01,-1.035386854934026157e+00,-2.168961895347676361e+00,-6.630931602498408850e-01,7.958013983524045987e-01,-2.490024039759064944e+00,-2.356410225748703180e+00,-1.828018408384980198e+00,-4.351926543599993202e-01,2.898065117828196868e-01,1.989686400707968206e+00,-2.779788959236113577e+00,7.990672346142262406e-01,6.658513755342296836e-01
7.149068636107583918e-01,-4.920315561326643605e-01,2.006179270921863989e-01,3.091707667328595921e-01,4.589714834864877524e-02,1.097099644894139470e+00,-2.695406701555551621e-01,-1.700397526827572614e+00,-2.256715809706405507e-01,7.441169307338371119e-01,-2.947242196449060270e-01,1.201494741895333451e+00,-8.852735136341622901e-01,7.081905130656227509e-01,-1.571697026747275627e+00
8.929855173262365442e-01,8.494920528016662864e-01,7.748748290528491012e-01,7.614163175317170129e-01,5.602371366541660791e-01,4.724579700212852007e-01,1.597668731895508953e+00,-2.387020392462092744e+00,1.496240893057405819e+00,2.524382917347876454e+00,3.716171049341105426e-01,5.027003003114243196e-01,4.281279037825110323e-01,-1.101093731327286385e+00,-5.626745735741010002e-01
2.625489214012330375e-01,-3.535505157591323222e-02,8.809667284793988307e-01,4.119092224465551455e-01,1.726416569224036579e-01,6.031390548408641639e-01,2.732273750450136873e+00,-1.615159615228008549e+00,3.512296078475034000e-01,5.732734918044202210e-01,8.323709985794172095e-01,7.346183751292383324e-01,3.210628299930536333e-01,-7.527021676535305961e-01,-8.614066974943431765e-01
-3.523510053590714342e-02,-1.534826522386552594e-01,-1.117959599808290516e+00,-5.452665230584510248e-01,-1.264877064827808484e+00,6.795056848011566952e-01,-2.548909978748352678e-01,-1.205292059533326077e+00,8.673201500758631610e-01,-2.598984247447321261e-01,-7.359218519175134698e-01,3.364835016722721450e-01,-6.783466981396386597e-01,-5.557467721515489956e-01,-4.991023115183270686e-01
-1.309098491097176575e+00,6.160148603462709538e-01,-1.785523789916627857e+00,-3.984168707400117526e-01,2.792847740796302602e-01,-1.799491647094563218e+00,1.018696870818381894e+00,5.397878276887855264e-01,1.969067024259867349e-01,1.212579749889675540e+00,-1.413875086475642195e+00,1.461730562884321127e+00,-1.847066616159558805e+00,-6.982229978837871665e-01,-1.229501057287557098e+00
-9.319833575036143847e-01,-6.888538826631360745e-01,-1.960605404837783006e+00,-2.451745027437814084e+00,3.896639570941229369e-02,-2.437762056274768607e+00,8.158432028251145773e-01,1.368597864953620957e-01,-1.000399407281093556e+00,-1.705837335740921779e+00,-2.343976385808352880e+00,-2.093479956127005437e+00,-1.300732116604444766e+00,-1.266660350978908056e+00,-4.216508411111192789e-01
-2.290636193028499967e+00,-3.993246176232138067e-01,-3.348483501605694634e-01,-4.152371452290867238e-01,8.671512994590354628e-01,-2.341063829587889167e+00,9.634323648291167608e-01,-1.849030439069074383e+00,-7.609670020692044234e-01,5.845043195252006551e-01,-3.202183599766916799e+00,-2.548761052085688039e+00,-1.426260513732854562e+00,-1.319544411051543520e+00,-1.447737560905081100e+00
-2.023727621953502087e+00,8.435514335544134212e-01,5.827446690156969922e-01,2.233851436089382414e+00,2.097151435281497722e+00,-2.688829232929022872e+00,1.976295854720179213e+00,-3.180138703530434041e-01,-6.234702554675916053e-01,7.358974289517770107e-01,-2.208026277883964106e+00,-1.064467547401237724e+00,-1.506617970850241850e+00,-2.750951064521345302e+00,-1.068351035565309193e+00
-2.651862024930466966e+00,1.832087530817153032e-01,-1.738484197135086173e-01,4.345259719926823916e-01,5.724134093176240778e-01,-2.460182030013538856e+00,8.109164688877337213e-01,-9.955446431483030434e-01,-1.481947761523960017e+00,-2.031478327623160052e+00,-1.656566709810859184e+00,-7.922219466105672181e-01,-7.919893197212267699e-01,-1.833238659130239645e+00,-1.299909055685144921e+00
-1.356770394370599764e+00,4.854733067727520224e-01,-1.177985738052052644e+00,-3.296390333367889003e-01,-4.873229754871235553e-01,-3.480197505279495118e+00,-1.649974756830783207e-01,-7.887183056295823391e-01,-5.982135063949729492e-01,-2.308028362660921484e+00,-1.821476548775589066e+00,-5.960247341375088936e-01,-3.204336738851718547e-01,-2.746750221512491485e+00,-1.372403900707007240e+00
-7.159771532487602119e-01,-5.332442109568937827e-01,7.796659885503258725e-01,1.817149988885224055e+00,5.328866083481547111e-01,-2.568799247743267511e+00,1.718008075069866081e+00,3.579710220144786126e-01,4.720774971963174194e-01,3.957920222494661910e-01,-5.730548611755836852e-02,-2.767855931731890706e+00,-1.071841179964683421e+00,-2.470553358806796940e+00,-4.424893705967793966e-01
3.753297244957345402e-01,7.555012331253903035e-01,2.755754652457265697e-01,2.773248716384072665e+00,2.200841711881201146e+00,3.620475717682349881e-01,2.594456495903561866e+00,1.776625722523355044e+00,1.942555204766478694e+00,1.153043919692292030e-01,-1.259745274382832569e+00,-1.779275049154039667e+00,-1.630660208976481007e-04,-1.786235846325619159e+00,-1.117064344897521266e+00
-2.341216714223513407e+00,-6.582966818093227701e-01,-1.507184506209367170e+00,-1.404886146251708823e+00,3.801358587644332321e-01,-2.032295787055551806e+00,3.048461360950958099e-01,-8.264746676623957455e-02,-2.106124607006929494e-01,-1.168500078832004796e+00,-1.386106957571914489e+00,1.678699686368563260e-01,1.977667324718967556e+00,6.489701516361283673e-01,-6.555221148351544347e-01
-3.827744452098838845e+00,-2.474249355162650765e+00,-9.874466789439338976e-01,-1.142089341698174110e+00,-1.212668221639936927e+00,-2.266817908627029698e+00,-1.025185708755183889e+00,6.331447929754543957e-02,-8.498381308718556681e-01,-9.362682642949611278e-01,4.085418772794487952e-01,-1.638797154947691403e+00,1.123013786113604917e+00,-1.225297674866882014e-01,-1.130159166634323586e-01
-2.843447650375984015e+00,-8.117055353658096939e-01,-2.659823777029399317e+00,-1.988413982667524005e-01,-1.120999504180205109e-01,-3.304729424929682580e+00,-2.051767989294954297e+00,-1.231926832201878597e+00,-4.454108160019165652e-02,2.311000415566948352e-01,-1.894883999371951289e-01,-2.291046041628765906e+00,7.360462919688082195e-01,-2.103429974182739137e+00,8.025741974497604403e-01
-1.272821230124187908e+00,-5.267965893260195820e-02,-1.075864955728270900e+00,9.611963991672408669e-01,1.418029567483177766e+00,-2.809657969679903111e+00,4.161777961520483071e-01,-1.854337271371274465e+00,-6.491466113274285687e-02,9.456578287629453516e-01,1.463970156616359874e+00,-2.240995031133224291e+00,3.628839896522766395e-01,-2.150298676534978970e+00,1.088372111683231447e+00
-5.660112056240325096e-01,-5.477144494428367594e-01,-9.745702667192777113e-01,9.358239320094287050e-01,1.096881151151089195e+00,-4.447861296909164430e+00,-7.344625660009216350e-01,-4.602700723208908995e-01,-1.180454873764880785e+00,-1.059958518079630263e+00,8.445682407389285551e-01,-1.718011309019275679e+00,4.459181235232914098e-01,-1.102127096983723575e+00,-7.944333092902797766e-01
-1.778901315292740204e+00,6.006024453180048850e-01,-6.177630004953116316e-01,7.940236017506070443e-01,-1.066651728694900658e+00,-2.833337197178960487e+00,-3.721687659326613939e+00,-4.641812120325267133e-01,-2.828529993001433596e+00,-1.209525300990839103e+00,1.090077142460706972e-01,-3.163327186833301496e+00,3.509986897573513787e-02,-1.480886460450884456e+00,-4.522387271933558939e-01
-7.062494623962722873e-01,-2.065886727176928783e-01,-1.320538468893816431e+00,-1.029040995188965635e+00,-4.366544928854854124e-01,-3.837586417963262164e+00,-1.785273901003913366e+00,1.666463321420186272e-01,-1.429005219680578698e+00,2.722107476771055135e-01,-5.782908883014289958e-02,-1.643412247947345417e+00,8.205726896663149139e-01,-3.421407991384297076e-01,3.113447040566563739e-02
-1.637853458576250976e+00,-5.132778634191057510e-01,-1.599535719743792717e+00,-2.027165696303654840e+00,-7.089870284422269409e-01,-3.098519215399806015e+00,-6.271454743493714012e-01,-2.115031392498339269e+00,7.723392465941461005e-01,1.340366845548828900e+00,1.094749111993296165e+00,-1.591626957161053291e+00,3.585519580573789389e-01,-1.181830348508592810e+00,8.845674633572169210e-01
-1.002743093425748189e+00,1.546805982800412149e+00,-4.496010897889799462e-01,-1.022687571885499747e+00,-1.306166393010121940e+00,-2.113903058988861439e+00,1.761159057717014420e+00,-1.654101687697984824e+00,4.667113530251460474e-01,1.881065603075243953e+00,-1.121737448487615918e+00,-1.499711864490650637e+00,-3.872126608342885135e-02,-1.712340348079049335e+00,2.346031166164496695e-01
-1.268127321189013834e+00,1.918978909537323307e+00,1.840357211117545688e+00,1.456908402542501646e-01,1.039088032427348818e-01,-3.655819711312709330e+00,2.015008915402553669e+00,-1.417395645387622860e+00,1.671761717530833913e+00,1.623928962554417099e+00,-6.788783704063779956e-01,-1.199155968490397850e+00,-6.705044643013682304e-01,-1.848415134303083907e+00,-1.892362307716478620e-01
-1.581700794612487027e+00,2.466858682663973568e+00,1.115290622398761311e+00,1.725271828683890285e-01,1.779717679753659354e+00,-2.586047630345591486e-01,3.102612950119648660e-01,-1.674023059826574844e-01,-5.912790510740795202e-01,1.857510934464221997e+00,8.099246380608802198e-01,2.835093841614849675e-01,-1.595202461272535177e-01,-1.613666785311148377e+00,9.021679495766432577e-01
-3.567391553172388097e+00,-6.223196937122104089e-01,-2.420805217920047880e+00,-3.602906702206786882e+00,-2.821114983067849025e+00,-3.018111003815617366e+00,7.500246608972309659e-01,-7.017289383764342414e-01,2.332076299908336647e-01,-3.673386069785085084e-01,-1.390628090838688324e+00,-1.132829391519480478e+00,-9.741548767185836954e-01,1.232004146228111274e+00,4.629985941037552677e-01
-1.383442786251271261e+00,8.670159289449015372e-01,-3.836758240757267568e-01,1.183098840759226889e+00,-2.479983559716224306e+00,-3.978415693331253777e+00,1.412822458481359789e-01,-2.950218583013370921e+00,-1.271167506390299407e+00,-8.914829926445224650e-01,3.390750059260327909e-02,-1.966681466694631286e+00,-1.092690843531858080e+00,9.593929686058171313e-01,-1.092954249360162500e+00
-3.393720052828806288e+00,-1.303814361106614195e+00,-1.247239019235312441e+00,-9.840053632917484805e-01,-1.451435378850332469e+00,-4.594369652808675930e+00,-1.414742982725595732e+00,-3.532206097835942415e+00,-2.261726420874206944e+00,-1.667984708800969162e+00,-1.684365279687638939e+00,-1.312037172426446796e+00,1.333334887762797072e-01,-2.856690272590447499e-01,-1.237127715379274795e+00
-2.232218266753662306e+00,-1.813170738913584712e+00,6.307214403856440388e-01,-3.893335718277338708e-01,-1.970372662828285382e+00,-2.376975161421112315e+00,5.157513032004974463e-01,-2.571361384438912268e+00,-8.901402556602133753e-01,-1.055140931058540232e+00,9.541491786319600266e-02,-7.290422426477713991e-01,1.109218991481944361e+00,-8.467818671171323253e-01,-1.020226127906800340e+00
-9.667492037309524111e-01,-4.404582634194808000e-01,7.230443470925851379e-01,1.824695478891039113e-02,-1.204580052577718829e+00,2.019543686895697299e-01,1.393779922016118666e+00,2.676343498984883329e-01,1.160203101471754872e+00,-3.209502377122724903e-02,7.033402585628886206e-01,-8.504382882997560955e-01,7.910567378050479270e-01,-6.481102539190289891e-01,4.613220208050526905e-01
-9.275999195200235192e-02,7.761364881068636423e-01,1.689518845988095652e+00,1.592391959102841259e+00,1.562260117131946791e+00,-4.042701839311347856e-01,2.275973352217316670e+00,1.940074168717748904e-01,-2.515725120159809647e-01,1.300647569129046666e+00,4.420827705596186985e-01,-1.098032095138870012e+00,-2.506708776692490037e-02,4.495710135352735115e-01,2.277491735094617775e-01
5.780725426601761585e-01,-8.651760195841906587e-01,6.788913935294756952e-01,8.840473308911225292e-01,3.308072662658396168e-01,-2.611647677120311761e-01,-7.334260567060708613e-01,-9.268305928588871367e-01,-1.633561154583742292e+00,-7.192859210549416016e-01,-2.352994472198982834e+00,-2.738588978006553543e+00,-5.174148120223176495e-02,-3.239840235348023789e-02,1.537202170964269365e+00
1.523661729572432177e+00,1.037602430217608784e+00,1.940940099387425066e+00,2.804553125127626334e+00,1.642125381926506922e+00,9.669957798996813014e-02,-5.718969065904578875e-01,3.579963961563326080e-02,5.679509566067878490e-01,1.209618057129346891e+00,-9.993908817716230519e-01,-1.076433496090506203e+00,-3.471295548663917430e-01,-1.898378236209050218e+00,3.816391582116208658e-01
4.510534176726496702e-01,1.487365397574666570e+00,-3.174727092918301352e-01,-2.431867053460610162e-01,1.741478922591470413e+00,6.839615348280988494e-01,-1.642790957270894525e+00,1.259989026703285386e-01,1.149530597138235910e+00,1.658812227120390670e+00,-1.301462047407254241e+00,-5.252732735389036289e-01,1.028214915539175323e+00,-1.375064520497809362e+00,-3.519268764592151655e-01
7.751213526615038929e-02,1.236120205016769891e+00,-1.639273409453716468e+00,1.646972428372943664e-01,1.563616902359155958e+00,-1.550928140246953690e+00,-8.497975881066609505e-01,1.626316266391172327e-01,-1.282330398546899008e+00,-2.867601754386261970e-01,-1.771802172353594829e-01,-2.958495610194174508e-01,-9.567343753409099927e-01,-5.067873134955931391e-01,-1.958898095157096009e+00
-4.510876967229016099e-02,9.362728465405141254e-01,7.176199460426024856e-03,2.928699837896046709e+00,2.956590266251185817e+00,-1.517600757663696731e+00,7.352729608588008947e-01,1.258385440196499117e+00,7.218615930349356891e-01,3.006506661781649381e-03,5.510042065468215844e-01,-8.241187516957655390e-01,-1.145547095397541959e+00,-2.362199939158562689e-01,-1.652534194883613861e+00
6.001605171985127107e-01,-1.425089877541275696e+00,1.137494994231799117e-01,4.484411787784297054e-01,2.260289464891112043e+00,-7.327785906490347223e-01,1.668379255487580703e+00,3.123937279998973970e+00,-5.155693118681980991e-01,-7.891824293446634275e-01,9.187320167681722882e-01,-1.077597231864645400e+00,-6.198355579772245605e-01,-1.066571687168401450e+00,-2.296757461471317985e+00
-1.100038638263751700e+00,-1.562474179546065045e+00,8.551587097692137096e-01,9.167465728666754909e-01,1.314469470061287559e+00,-1.190143432982929017e+00,3.997317291400742656e-01,3.151182078242451112e+00,1.667857482054213580e-02,-1.170151433446639411e+00,7.269120489213330982e-01,-1.950279516831768811e-01,1.339982378659395068e-01,-2.091197896429686509e-01,-1.783930761475016613e+00
-7.270241957313359205e-01,-1.829320747457988450e+00,3.347403678736374566e+00,-1.669613474455800439e+00,2.608392168558335555e+00,-1.750595081106992357e+00,1.703495854333925585e+00,1.088313319038814120e+00,2.083680060450464055e-01,-1.196872012089245985e+00,-3.945557659329890221e-02,7.038298501239671490e-01,-3.713749966939157154e-01,-9.277124760792121450e-01,-2.232733916220100312e+00
-1.386856691113607543e+00,-1.838254671330667112e+00,1.264992951604344551e-01,-4.058342896389788290e-03,4.341879173069654207e+00,-1.727131707474239386e+00,1.617963539760540748e+00,1.022186378990365130e+00,8.909661459955431351e-01,-1.811919717133771535e+00,4.031027491046377809e-01,9.625312595474078137e-01,-3.150373963653214093e-01,-1.279716342918291172e-01,-1.358659695880861440e+00
3.700602245617251040e-01,-5.969944669618485467e-01,1.816973536665570155e+00,1.964365485981521164e+00,2.347503788318333839e+00,-7.503345419682955209e-01,6.415647067458025710e-01,2.056871073451711052e+00,-7.564058916278135758e-01,-1.001345059908826940e+00,7.021161034343451623e-01,4.011515953924482680e-01,8.075072824864856225e-01,3.200217276151167134e-01,-2.622651680186557144e+00
1.326493788944290708e+00,6.412553881128386646e-01,3.833075272025890712e+00,3.123191213300952285e+00,3.219444729612120248e+00,1.364360058672545506e+00,2.835720132370767477e+00,3.356805736932084283e+00,-1.410526663543689052e+00,1.003578691004324286e-01,-3.459662587324594529e-01,2.894352689929327038e-01,-3.908083834959708014e-02,-2.324680075761251796e-01,-6.738570894390540911e-01
2.269935487453316192e-01,-9.035128395093027232e-01,2.433688170500379222e+00,1.740655325715286805e+00,3.554611348739638466e+00,2.651690637750432789e+00,1.221047429919472460e+00,2.830519630997294644e+00,5.429957960524234295e-02,1.471025386635531618e+00,1.651257729700638999e+00,3.145962295623708549e+00,6.193921737189762577e-01,8.819561458222706651e-01,4.131002347981798661e-01
-8.674299725032559305e-01,-1.774235446968118968e+00,1.683779673490268580e+00,1.093964570700314276e+00,1.742883321506011995e+00,3.593090984509814234e+00,8.653257733830116427e-01,2.899152028223024757e+00,1.141137675887552660e+00,2.569077011884581818e+00,2.044740553488922252e+00,1.914352486934814745e+00,-7.509790591475090649e-01,6.602285893387536131e-01,9.624467944108500150e-02
-2.375996691505386949e+00,-4.088053642665108178e-01,1.026286763489399512e+00,1.491689240675690309e+00,1.782857829241005110e+00,3.626578335355970850e+00,-3.095032153741731906e-01,2.485061518036857375e+00,1.910456434343684451e-01,1.955615718243000511e+00,2.764992220543800894e+00,2.742296184934807535e+00,-2.283284003221456304e-01,-6.308874869207712344e-01,-1.765345817765009984e-01
-9.230835512207169469e-01,-1.531333445413107786e-02,3.539559212515334674e-01,1.575605079318848745e+00,8.978957956747382063e-01,4.291353735640527134e+00,8.523531660436672874e-02,2.519212761554677105e+00,-4.878427981313078199e-01,2.263034451783245693e+00,6.989447816041404193e-01,2.819427045810517285e+00,1.675020673227846313e+00,2.049528554563111893e+00,9.633048057930746477e-01
-1.166188561722106276e-01,-1.342585054919401388e+00,1.572616953063564083e+00,-5.937865801811526012e-02,5.956909757649830883e-01,1.554540885600599553e+00,-8.734629535195594929e-01,1.473732298824206310e+00,-1.267610183877866614e+00,1.636160621406289373e+00,3.974331251009641797e-01,2.106482707483749994e+00,1.830919958531361580e+00,1.552434090783311404e+00,1.746208903256691425e+00
8.670561957981953727e-02,3.606045589067212731e-01,-1.698979542438007195e-01,1.967211898478866239e+00,-1.593164225629696285e-01,1.523195361546578308e+00,-3.171443417871271930e-01,-3.267257840391136758e-01,-3.712710057340755654e-01,5.078866076018778708e-02,-5.000039700484412153e-01,1.106547210641661172e+00,-8.288766149936857008e-01,-1.583528225981280624e+00,1.092254860935137684e+00
9.193267222730888699e-02,1.163492462769342595e+00,-6.361127435777294004e-01,-4.718429197335939351e-01,-7.383112763073577112e-01,6.464528512150129469e-01,-1.132142201097509737e+00,-4.166586817888124905e-01,-1.118239054197996962e+00,-1.026233765799086983e+00,-1.026685324571331437e+00,2.810933596801378220e-01,3.003926955883697847e-01,4.382483845718765370e-02,8.565811645396552709e-01
-2.103251786954193570e+00,-1.052955637209313622e+00,-2.289257735864564935e+00,-1.272089089207867119e+00,-1.512172460433291565e+00,-3.973532502984742365e-01,-2.041330082559560388e+00,-1.533762766779445785e+00,-1.493296317399849249e-01,-1.913172226849503832e-01,-1.846621982236840376e+00,-9.604921470382182802e-01,-1.265136889591099489e+00,-8.029962392952192385e-01,3.388982777948519320e-01
-1.565440627037650856e-02,1.056381233044588086e+00,-2.522095270240213960e+00,-2.063398901041088251e+00,-2.010984591619991768e+00,-2.209370480916894586e+00,-2.544036781755473431e+00,-1.173278388285737384e+00,9.273069487367414654e-01,1.873367609092992270e+00,-9.234427107806753021e-02,7.694541795680343022e-01,-3.430575712123882237e-01,-1.028016272027245215e+00,-1.111513289580197794e+00
2.030618383654041459e+00,1.552985712015816144e+00,6.306265185967285802e-02,-6.759340884496303214e-01,-1.197237804057069699e-01,-1.993142975037903275e+00,-8.170714569230028701e-01,-2.398442762379915827e+00,1.506557543647116582e+00,6.057686916510023334e-01,8.670178684434277638e-01,-1.140750374817070201e+00,-5.004147439819044418e-01,-1.086143833745534470e+00,-4.893517835622536172e-01
5.385701255678010391e-01,1.784225988297518661e+00,8.179177726938546833e-03,-9.996008274417746975e-01,3.416062046425827892e-01,2.392832246835847609e-01,7.636295973988279639e-01,-1.340592665585190080e+00,2.457807220543848370e+00,9.114700469225227586e-01,4.378031355276569281e-01,-1.767217473355036095e+00,-1.235030600308993476e+00,-3.182857770429747823e-01,5.181737063599753945e-01
3.198326645587567518e-01,3.779921019864465492e+00,8.928441765937843444e-01,-2.684501024224695609e+00,-6.260617155082772722e-01,-1.271533674028649141e+00,-1.357625073699808560e+00,-2.347320286915280718e+00,3.326432251617744695e-01,1.260504507538689367e+00,4.847557931669609910e-01,-2.011928764092774102e+00,-3.377344665708820415e+00,-9.231613971596700496e-01,1.654751629621742381e-02
2.438778148137747515e+00,7.383783167207075060e+00,4.630122825762693628e-01,-2.102736117766336399e+00,8.057463748761515276e-01,-2.356227367806955630e-01,-4.909699705823824534e-01,-1.008126054897009682e+00,1.453451102365589609e+00,2.070176203323240038e+00,1.793199682373267378e-01,-7.816111119378896799e-01,-2.277186814499254197e+00,7.543314681052835091e-01,-6.798620587171997354e-01
2.843620453586417351e-01,4.554247489383362435e+00,8.741243596187802112e-01,1.741320836933857308e-01,2.848051488545048082e-01,6.442807793371568836e-01,-1.136624843167571397e+00,-4.338946046486049091e-01,-1.065616338096300630e+00,2.021785055956136556e+00,1.311630401001122825e+00,-2.947339101872836764e-02,-3.640709381934688071e-01,3.507158470370984382e+00,2.339700902385908332e+00
-1.630955691571562394e+00,2.922395813346378546e+00,2.168038978178202125e+00,1.479923440786721667e+00,-1.160051833217856654e+00,1.843088696216994116e+00,-3.076840566441587654e+00,3.830098264806991448e-01,-4.905091279670993343e-01,1.362457081964553396e+00,-3.186174473769266546e-01,4.951460345883705316e-01,-4.980419506449237366e-01,4.104360165200580113e+00,1.284099476200010859e+00
7.057119331383733263e-01,3.895454639611738656e+00,4.293812864089996850e+00,8.336400869604353447e-01,-7.551035025464769568e-02,3.380697078172589798e+00,-9.466378925214824491e-01,1.795133702616914795e-01,2.461310429726478732e-01,3.544046117533448115e+00,5.821605513987417879e-01,6.224908829428610346e-01,1.388703761031865103e+00,2.632426423916745861e+00,1.244795743791017539e+00
2.039591295279532090e+00,1.074835317747642627e+00,2.461408722458760856e+00,-5.530103390626845972e-01,4.975384194994756371e-01,4.409153718586258819e+00,8.435318172078571930e-01,1.861688002305428080e+00,-7.621908736402311924e-01,3.011953631662453112e+00,1.054291331096184781e+00,-1.498762282485365804e-01,-1.896732166302796951e-01,4.017858837799465732e+00,9.677776070201035141e-01
1.103206641272933108e+00,8.201041266490343151e-01,3.451669093855392667e+00,-4.026621267922422254e-01,1.637083422001334165e+00,5.542276589300633383e+00,3.970583959191857359e-01,1.590837679981568442e+00,6.833875302489860193e-01,1.380676087652515482e+00,1.339909200927712707e+00,-4.729577339650122281e-01,-1.159580912714746503e+00,2.131007107029457615e+00,3.432523091442069685e+00
1.420672984370096037e-01,2.315870767216654080e+00,-2.484504929848216914e-01,-1.410627835246703654e+00,-2.005068802812419726e-01,3.792429987618628484e+00,-1.749603924304005131e+00,-6.268408348064032909e-01,9.729533104612536620e-02,4.832382220422647423e-01,1.722083119892512393e-01,-5.789742520092813205e-01,-3.134173114000761373e+00,2.356177678736001369e+00,2.199770748635864859e+00
2.269092527883425525e+00,1.656778239121611040e+00,3.431690331458449705e+00,-1.715646846846159645e+00,-3.787167803524793541e-01,3.431178082836270349e+00,-1.624754578363812207e+00,-3.489328049793740116e-01,-6.750529633592980971e-01,6.018434526441081012e-01,-7.051185554669849864e-01,-1.635889831967148211e+00,-3.263141974140323143e+00,1.293702516695649951e+00,1.624175778580831064e+00
3.662083908899640416e-01,2.017629317654660248e+00,1.203727073319423857e+00,-1.363336049603232736e+00,1.496029572958301523e+00,3.212207699889980006e+00,-1.577968573395013507e+00,1.840233888609662527e-01,-1.374594957677352514e-01,1.683010227266170666e+00,8.129424559456053245e-01,6.030231482553367606e-01,-2.685198328928083633e+00,3.832935082661160564e+00,2.766686980273394880e+00
-2.608901617347906821e-01,7.839555107998780192e-01,7.573328601787071568e-01,-1.142637700962648717e+00,2.919900242213800956e-01,2.658989003855689148e+00,8.567973804056698839e-01,-7.529886087687607255e-01,-1.338921227818950399e+00,1.433281758427731090e+00,6.251469088004082408e-01,3.271252939935148651e-02,-1.779368547733107153e+00,5.229684478718022334e+00,1.086396269289523708e+00
1.712727253133229599e+00,2.299896301263203213e+00,2.054542638387733433e+00,1.078407642475025074e+00,1.140141278952270909e+00,3.517382238203476064e+00,7.603440662012528328e-01,-3.521627696015831033e-01,-9.035137364417800132e-02,3.076229874175280710e+00,-1.528996817692892807e-01,-2.665685520567960820e-01,-1.485422756099076480e+00,2.770655146308931283e+00,2.357433207115519735e+00
1.513076710553272086e+00,2.427752696054914949e+00,7.401511012183690230e-01,1.340181077309233970e+00,1.892459825891088743e+00,5.163761153486694511e+00,-6.404536599507237860e-01,-2.875827818395096380e-01,-1.238559004308239064e+00,8.784774671273223312e-01,7.353637706697391252e-01,-7.866619681004034526e-01,-6.291596442047152626e-01,1.757732105902187314e+00,1.234275620006020535e+00
-1.593676517942310134e-01,1.538907240525623221e+00,8.206225088510035182e-01,8.717620807284468532e-01,1.752592108446795915e+00,3.191285088175699336e+00,-2.683063623121032748e+00,-1.941894235102665567e+00,1.192446243486774415e+00,-8.827309908790564874e-02,8.860960973714944178e-01,-6.436814251108760043e-01,-5.015556739442961209e-01,1.813385395493783525e+00,1.619598094414595568e+00
2.000212168582770289e+00,3.187912093309726913e+00,1.786304154039102032e+00,7.048257663353514335e-01,2.521267374318494348e+00,3.277568040040400810e+00,-1.363839354003414606e+00,-1.330482445782695811e+00,3.165681319341182021e-01,2.546335009702775376e-01,-7.024230656958541097e-01,6.785720383577960035e-01,8.264469954447066780e-01,1.879964503835766187e+00,1.826879535223868034e+00
9.923847899328673838e-01,2.494050913715924356e+00,7.022496710714321022e-01,-5.157628618336616011e-01,1.183624951119290003e+00,2.610012467980851181e+00,9.620594302792917496e-02,-6.609804883623088267e-01,-1.206199998698273657e+00,-1.221316270369426915e+00,-1.360056941876657266e+00,7.532289158347851288e-01,-5.010613916848817295e-01,1.932122507501367714e+00,2.492762422201056705e+00
1.104858515585365630e+00,1.826884510338480316e+00,1.503233190083514081e+00,-5.337121170989577168e-01,-1.742113827360177947e+00,2.973756420682744928e-01,-2.737209787959892893e+00,-9.769837233288651834e-01,-1.880910519715634610e+00,-2.813603281075788054e+00,-1.800039980241953774e+00,1.598535279896241557e-01,-3.250619533927369353e+00,2.664403525069836132e-01,5.538382443073706085e-01
7.448961752037912554e-01,2.277542920662310788e+00,-5.945962576715762005e-01,2.432531745435417836e-02,-5.265228946440927427e-01,8.965959406126025044e-01,-2.353995035343658504e+00,-8.695727748812638325e-01,-1.614438893564865918e+00,-1.327416882961242495e+00,-7.825782241770375958e-01,-7.951143469014755327e-01,-2.718480441453366314e+00,-1.612964283043363811e-01,3.208613211427939760e-01
-2.092747407102298673e+00,-4.447763087700651319e-01,-2.963779801289431859e+00,-7.555320047493159219e-01,-1.009918511278575570e+00,5.093648153649208421e-01,-4.125904521082587983e+00,-4.573911872147816693e-01,-4.833598743016059851e-01,-1.449866451508094456e-01,-7.883442643507645453e-01,-1.446277888378599830e+00,-2.485746923907008910e+00,7.057718578576540613e-01,7.035025222072120721e-02
-1.785391837020652073e+00,2.058008293770633657e+00,-1.729889500380195066e+00,-1.685839339944734228e+00,-1.117875674092137839e+00,-1.434245354394204419e+00,-2.744509923360230808e+00,-2.362020636693560771e+00,-6.426250491782233842e-01,1.127404326864460682e+00,-6.249176119683119701e-01,-2.640463441671010436e+00,-8.573507339183032983e-01,-2.767406074550846640e+00,-4.006484482221994714e-01
-2.232245750605479806e+00,3.832060859890018545e+00,-1.254114451339155778e+00,-1.476236995673702035e+00,8.417690755397297941e-01,-1.900245041330133056e-01,-1.864467498651472432e+00,-2.493546127209196772e+00,1.730812687243653558e+00,4.336740415271216342e-01,-3.427102528190771880e-01,-1.233575713054146261e+00,3.992695808935623480e-01,-1.161024172567260759e+00,-1.143548266244250877e-01
-1.147024823997660370e+00,1.323952617191447523e+00,1.009554458816190881e+00,2.198049809935711529e-01,1.638179218714948870e+00,4.359909011667875145e-01,-1.642301346708520349e+00,-5.906817077129291604e-01,-7.711179208363174720e-01,1.063756760287521752e+00,1.513778363056478504e+00,7.062016474983225933e-01,1.998889169269468580e+00,-1.971023894851915426e+00,-2.303952228173846706e-01
6.872845087540511155e-01,1.049640549624133223e+00,-8.979464827073904143e-01,9.377885958351545037e-01,1.522702107818632022e+00,-3.850148755772674902e-01,-3.071131765924328683e-02,1.431959966400811801e+00,7.041461007757969792e-01,8.765919071990527778e-01,2.063726789815871765e+00,4.859849243323205448e-01,2.409972604216868763e+00,-4.039653996437120309e-01,-1.038034549289429176e+00
-1.129516076033827643e+00,-1.921670789674982283e+00,-2.455065617193009864e+00,-2.394274723341437205e+00,-5.263008682409474615e-01,4.988060742812774340e-01,6.317720870317740101e-01,1.499368387298702032e+00,-8.836211112924038380e-01,-5.542614697005677771e-01,1.400351101901268880e+00,-2.879151687494739820e-01,1.733731720154648048e+00,1.403106185317466448e+00,-2.209523934473179851e-01
-5.057434374842659786e-01,-1.208035841665677124e+00,-2.141866968498604695e-01,-2.877030399790415416e+00,-6.622781146789327722e-02,1.501920926871685769e+00,1.252006884017549115e-01,1.520678676690008446e+00,2.334929407955791181e+00,-7.693698027349068491e-01,2.729567937744262096e+00,1.435833738403449633e+00,4.611893778770459473e-01,1.604072362552456221e+00,2.105978090896362342e+00
-1.069217087315883497e-01,2.317000208029782460e-01,-1.240789531462268336e+00,-2.423778320404105457e+00,-5.285170183946021893e-01,3.731024209003738212e-01,-3.252661550903837018e-01,1.412029365243149925e+00,2.053508380785968868e+00,1.601617444446092886e-01,1.014489855957394049e+00,2.410082784291278202e+00,-1.122038574811611289e+00,3.849929122895105138e+00,1.381793529857180181e+00
1.694708492897285534e+00,6.557471013236140234e-01,-5.126871325766213516e-01,-1.636076719613636765e+00,8.171590274924577235e-01,3.542854069513921900e+00,3.049255230393235205e-01,1.552839847337307067e+00,4.698379001718424597e-01,4.296845711090355735e-01,-1.478067940930779756e+00,3.908835604030050925e-01,-1.792855635966154715e+00,2.762365901938298229e+00,2.121572886063406216e+00
8.170391126844375185e-01,9.860829202506169455e-01,3.179719931470926797e-01,-1.441540166287192948e+00,-1.208578436987282068e-01,3.244173776122930342e+00,-1.066611943135144625e+00,2.352160741212997730e-01,-1.460447525659842316e-01,-3.088148706282120015e-01,-1.709561002055653756e+00,-1.182647234548511506e+00,-2.982307528114855444e+00,2.166287397820362060e+00,2.324711589444577786e+00
-3.438396172809072837e-01,-5.440908088861022840e-01,-5.762784254336194012e-01,-2.423844675054454001e+00,-1.225492212127492486e+00,6.229684074566419483e-01,-2.229139694087953316e+00,-2.077254121618066218e+00,-1.249791501751188028e+00,-3.071852151967688016e+00,-2.776559183736868164e+00,-1.743262219886583253e+00,-3.601614727787571191e+00,-2.829216592314054424e-01,2.636026712615782586e+00
-7.804302348495497643e-01,1.273304353645453801e+00,-1.541160907018020776e+00,-4.151780244855208801e-01,-2.232665856885533984e-01,3.717328237088179388e-01,-1.394787929050405495e+00,-2.155483012771943763e+00,-1.451918800398965592e+00,-2.344802025378643684e+00,-1.315828537354814642e+00,-1.834412371608307835e+00,-2.397357485913617303e+00,5.233448851458550877e-01,2.726095660028725831e+00
-1.420951706432576067e+00,1.023020499451381404e-01,-1.508078825497250808e+00,-1.764056900556729257e+00,-1.527163539850523222e+00,-1.648096732046209434e+00,-3.041026726457196627e+00,-4.132467690417012562e+00,-2.281835534533936283e+00,-1.829398147734038860e+00,-4.128280055146300032e-01,-4.484904810915957274e-01,-1.487113118324947525e+00,7.788901971970976224e-01,3.444211685184921379e-01
1.016489832925675740e+00,-1.377488866516878296e+00,6.262372795871606890e-03,-1.047252388742919704e+00,4.670625883127854094e-01,-1.886212676568816971e-01,-3.897470668720434350e+00,-1.631426269723922573e+00,-2.002321598346187947e+00,-5.726069373340962887e-01,-1.544305142696728694e+00,-1.747322846299273813e+00,-2.700420202942958703e+00,-2.736022301380731214e+00,-7.558829588416376977e-01
1.231208654104754885e+00,1.981207005192371362e-01,-3.155710149080437343e-02,-2.686006961569117113e+00,2.332516977653996681e-01,-2.267551320397977133e+00,-2.817936604632865105e+00,-1.425906170934392092e+00,7.123467643610470468e-01,-2.538859554849577371e-01,-1.621844360671850449e+00,-8.676412982406964680e-01,5.402585448785131028e-01,2.383138485763840464e-01,1.174340439955028348e-01
2.966725306264716089e+00,1.857560443999691113e+00,2.506676980495035068e+00,8.945577865668994377e-01,2.868040770638982551e+00,1.000997683917289605e-01,-2.421363621425656198e-01,-1.188648054009580068e+00,1.683269450045327797e+00,3.276008671609694778e-01,1.257107703767175622e+00,4.702330371289253907e-01,3.175705350145590078e+00,1.218431308502915256e-02,-1.127471774892780942e-01
2.332170985287347342e+00,1.377012940902919702e+00,2.253841652860279599e+00,1.181591960784658113e+00,1.944912011391085382e+00,7.485315014416807911e-01,8.451580648002969820e-01,9.279674850134924657e-01,7.841576404639252207e-01,1.794664241493173051e+00,-1.354591999950168768e-01,2.494691107627627247e+00,3.045766714998574098e+00,7.635544737731456699e-01,2.403240289659395401e+00
-1.767161584681664621e-02,-2.238222737031549947e+00,-1.524331919857282447e+00,5.666686456801485194e-01,-1.470058150362288707e+00,-1.381476774914148553e+00,1.276965753412107052e-01,4.140712678141702519e-01,-1.747622429691558121e+00,1.235572336137389371e+00,3.468249294627076540e-01,3.347174525557812252e+00,1.865133257082463691e+00,-1.433992810084171676e+00,1.780780361639998199e+00
-2.007743649878858672e-01,-1.891011699282631575e+00,9.685340998963434256e-01,1.688745670116018394e+00,-1.035790261874021123e+00,-1.457488230973628340e+00,8.914903005042490447e-02,-1.086399684663544196e+00,7.227156160786757377e-01,-2.647080384877410764e-02,-1.851594307626783509e-01,3.213426460038693477e+00,7.660252201182586873e-01,-1.758321253693043040e+00,9.116217557772958724e-01
1.187520335592297194e+00,-2.821936979601623374e+00,-9.154623890448694290e-01,3.238548057389687429e-01,-7.391446816745039783e-01,-9.376094016773387496e-01,-9.837909209352728723e-01,6.188546096625815451e-01,1.613809787400727891e-01,-1.746599084845674998e-01,1.208281901025556992e+00,2.924623005521492125e+00,2.533454512214194931e-01,-3.882104919810589472e-01,4.751109107737828130e-01
-4.023603537868492008e-01,-1.147223997185439881e+00,5.075565675492446083e-01,-5.679575062497099758e-02,1.828152903922223071e+00,-8.553624909616902583e-01,1.044731175515178467e+00,1.455137928956651505e+00,3.537181020135369280e-01,5.888366397862625501e-01,3.576965283384925254e-01,3.224448295325004654e+00,-5.346971881663999948e-01,-4.305744549697206325e-01,-1.636153743527553051e+00
2.157969675394974529e-02,-3.296283997073989447e+00,-5.373102544060390784e-01,-1.001450167672485847e+00,9.621774197501605785e-01,-9.898661449461744199e-01,-1.756921516475340228e+00,-8.458830834464947657e-02,-3.128848336666456120e+00,1.371809741522562076e+00,6.999854009276176292e-01,1.052368451893860746e+00,6.842747484519134948e-02,1.645471057337934417e-01,-9.805335171639983916e-01
-7.199606606861905789e-01,-2.450493163114181527e+00,-1.188666509638760083e+00,-1.725366137590109261e+00,-1.510799952041935734e-01,-3.023966919962078670e+00,1.981211953774286716e-01,-8.470032345015601205e-01,-8.020078783095179187e-01,-1.048185504030859638e+00,-1.436956377347076597e+00,-2.005192738667403995e-01,5.208649254060804257e-01,2.432700691915703484e+00,-7.008761461692467609e-01
1.844560247387004637e+00,-1.573471330913331467e+00,1.468324787707895984e+00,-2.892077725610090466e-01,1.669607071589473413e-01,1.458017172275321016e-01,2.989260560863634675e-01,-6.886937733318065913e-02,-4.695039952853880538e-01,7.763738698477908873e-01,-5.923141094169147580e-01,-1.911443429944051919e+00,1.353860106892004644e+00,1.417831881581006925e+00,1.458043426911660667e+00
2.023136946205564612e+00,7.678233297317367256e-01,1.492332437958693969e+00,-3.838493943200944614e-01,-1.200880669765368669e+00,1.064223006448121733e+00,-5.889274869772158638e-01,1.601945644966569215e-01,3.312743126831069196e-02,-1.256150953058150943e+00,-1.237062117737726341e+00,4.680940586561301853e-01,4.405213992089113684e-01,-1.523584769538097183e-02,1.309418304593962690e+00
1.748448707676306668e+00,2.852834739995225855e-01,6.336470392129069928e-01,-7.104911563707538846e-01,-6.636812578221594761e-01,1.881123946850381756e+00,1.369496471846591845e-01,-1.519523494446239020e+00,-2.123119349237499454e-01,-4.244571778162542497e-02,6.904817492726397221e-01,-2.801085604942077367e-03,8.458939590988810986e-01,-4.632211803264323358e-01,-7.004768983296210116e-01
1.388121253234308572e+00,1.144730042513392165e+00,-1.434001528202805797e+00,-2.958398432836216063e+00,-9.832950325014919724e-01,3.138888108779153141e-01,4.157335785573880171e-01,-1.335535884416699792e-01,-6.741621357851523832e-01,-4.522329248455358441e-01,-1.347592634746986651e+00,-6.839815567133753493e-01,3.702886863637360748e-01,-3.217944011606955756e-01,-6.382674929316876078e-01
1.482279023321313005e+00,1.389140255902993504e+00,-7.860615746327326292e-01,-3.101262312836156276e+00,-6.471519510663523711e-01,-7.329359230266636605e-01,-3.323306275883930461e-02,-1.936574511642101148e+00,-1.478092398554132103e+00,-2.245597915855515492e+00,-1.260534186690209779e+00,-1.485675075916326859e+00,1.264696239382811394e+00,-1.217017451056159327e+00,-5.157981757378728993e-01
2.161798855693287003e+00,2.965821941842386344e+00,1.354656747400812655e+00,-2.465414478873295678e+00,2.124660046185592233e+00,2.033121301906033462e-01,1.203269710642548063e+00,-9.848543706282444354e-01,1.744116905385576954e+00,-1.010793947846845731e+00,-2.057877014728900722e+00,-1.593670947892071865e+00,7.094358390473035070e-02,1.202121772170339220e-01,3.858559301599457370e-01
3.472235449981218025e-01,1.074228741084937155e-02,1.722699718001101665e-01,-1.780908528527678447e+00,1.288596167753061739e+00,-1.513006241055324663e+00,8.167160162149689207e-01,3.571825187786272782e-01,-7.455576025533137141e-01,-2.492802829693621991e+00,-1.059223570341705445e+00,-4.126878875068774599e-01,-1.469939687789156846e+00,-6.892604049203253647e-01,1.758851026836840248e+00
1.732452770230791028e+00,9.127596784897361593e-01,5.757686953084947823e-02,2.544076961300221207e-01,-8.063305306368777625e-01,-5.236393235976699589e-01,-1.062081784599278045e-02,-1.551485173077202795e+00,4.401697298505495848e-01,-9.497422063757021693e-01,-1.283413966614983970e+00,-9.505570762688850817e-01,-2.135326624672875262e+00,5.970295074750429087e-01,1.548183815005216957e+00
1.845040023488492498e+00,2.259137290286193256e+00,5.078906377902803193e-01,1.060038564911002013e+00,9.300869375147939877e-01,2.295806240991425384e-01,-7.960292682796694663e-01,-7.686746213905402136e-01,1.937815805675179526e+00,2.026379049208129501e+00,1.435222198344310307e+00,1.208997933961259097e+00,-2.138703151912653144e+00,1.105807083186926221e+00,7.270342651466167316e-01
3.466352333622077619e+00,2.337956145645113004e+00,1.118839086566974617e+00,-2.641862407086374986e-01,6.708500002875007473e-01,1.300296156064485231e+00,-2.370865922140029447e+00,-1.365849238537834687e+00,1.927648060858542789e-01,1.062884980361301412e+00,2.064405008213107129e-01,-1.007308483613748695e+00,-4.080900176269615098e-01,1.080613852923731244e+00,5.017952553967555129e-01
3.102802307168400553e+00,4.197785690554083793e+00,1.191266346699644485e+00,1.623425509581057469e+00,1.682025690127174344e-01,1.997137112822491511e+00,-1.964242253579608910e+00,5.991710205343081519e-01,1.901899130674868377e-01,3.021986297640101071e+00,8.425491099447666166e-01,9.319978183818100614e-01,5.378917742040272287e-01,4.964412093107261059e-01,1.583420416513718676e+00
1.190259052507042448e+00,2.420791850485088936e+00,4.037484378514227812e-03,1.072153844999974348e+00,-8.033035047537725459e-01,1.070902642577371999e+00,-2.647782318827444747e+00,9.950243010443263758e-01,5.741590937101150871e-01,1.567146172805627957e+00,1.110920911007401424e-01,-3.695035739128149643e-02,2.589175601425561357e+00,1.589697512623930775e+00,3.432317803533024847e-01
1.634919493847588168e+00,2.087141942323185173e+00,3.583579734768238545e+00,5.798274065759985163e-01,-9.961566555437939563e-01,1.976462637466305683e+00,-8.567012122486206138e-01,-3.328599772839035964e-01,7.105576054685608378e-01,-5.167374865866887212e-01,-3.225136607870309202e-01,3.316394866810969955e-01,1.693797249994547949e+00,1.464546945027304314e+00,1.560779206329345192e-01
1.536404716183834562e+00,3.574003887068082363e+00,2.731862493360889488e+00,2.010776637895741015e+00,6.125518121978286157e-01,1.953506585686299646e+00,2.391678386338710327e-01,-5.041048119742883582e-01,1.124335543779746871e+00,2.015981573876096888e+00,3.008605433563947829e-01,-3.031841589406503168e-01,2.491444971353651727e+00,2.479304494980203444e-01,1.574074221472365753e+00
-7.861987451660623627e-02,1.460629498124437653e+00,2.229905407530607064e+00,1.035047132872168651e+00,-1.196019413373291318e+00,1.327414219084782854e+00,5.438213000783282958e-01,7.260796942566467571e-01,-5.808852041404565236e-01,1.772059618146652582e+00,7.073738020642775792e-01,1.275111013996149900e+00,3.806683550193564081e+00,6.410217594410458908e-01,2.526031063438197499e+00
-3.622372497423440585e-01,1.862609550230013067e+00,5.448490477527406783e-01,1.459353916256016515e-01,-2.494186811426279959e+00,2.182041207887243317e+00,6.274614027425230445e-01,-2.091259147003537433e-01,-3.547465279017443240e-01,1.856706412833604602e+00,8.901906028215482714e-01,3.189928092368141677e-01,2.186139586601999252e+00,4.316852487467704447e-01,-2.758707279146914715e-01
-4.544413897131988622e-01,2.035781244347588004e+00,8.922711723880648593e-01,-5.584601224295606681e-01,-1.147762666756991123e+00,1.252776297939810046e+00,1.761990272755403764e+00,-1.569726930527547970e-01,9.949810180181006825e-01,2.001469151884748943e+00,1.397523211334050997e+00,1.100037955023954073e+00,1.820076278750692556e+00,2.048362139037432250e+00,1.405813409375655798e+00
7.130687429933135757e-01,1.256956564258643994e+00,-2.003642217006971205e-01,1.882729120627500308e+00,-4.804074823785585702e-01,2.452311622057928631e+00,2.761068477454031722e+00,1.879149572789784450e-02,4.043833356515357247e-01,1.288015181966377654e+00,1.118476302285931867e+00,1.486431610382358048e+00,1.201664027981228511e+00,-3.032734304145090487e-01,2.321161028996435949e+00
-5.795538854339129520e-01,2.194260485001943817e+00,-1.719978455130636963e+00,2.088490521238548503e+00,-1.209996232672998051e+00,-5.061131395170037628e-02,1.446661318772402227e+00,3.936992264961544086e-01,2.392725084767383659e-01,3.301070096652241048e-01,9.725961583308468938e-01,2.467740613365090319e+00,2.173770327569633842e+00,7.493033014146719406e-01,2.764098219491839092e+00
-3.471013915222549873e+00,-1.203449871367531010e+00,-4.780968942819671774e+00,-6.143946530624353475e-01,-2.953841050711534244e+00,-7.646570873640237131e-01,9.388265313744331708e-01,-1.945437008128523715e+00,-3.281408818193723320e+00,-1.835883789575654790e+00,1.944981488665590508e+00,5.716969471596698993e-01,2.357741751683167131e+00,1.121368917073958027e+00,6.856755069567516125e-01
-2.131316022744058181e+00,-3.018160214448872836e-01,-3.074274712096727313e+00,-1.169065547553398421e+00,-3.044147676616131726e+00,-2.107200924108775464e+00,1.933583374720953874e+00,-2.368975688010508840e+00,-1.465779499749062964e+00,-2.235135943764804622e+00,4.307753701130628832e-02,-1.848975396737416177e-01,6.749103846807615881e-01,1.232120485704841784e-01,-2.335329993076980415e+00
-2.150999938392833322e+00,-4.148381829237313689e-01,-2.765755347805072262e-01,-7.886998492030092844e-01,-2.487467047392605046e+00,-7.462017995836736084e-01,3.511458549613063695e+00,-2.298568095487797613e+00,1.572826062710153128e+00,-3.465735989494303504e-01,-1.105865166506501351e+00,-5.892533589977986264e-01,4.309190743575225246e-01,3.522033141241446286e-01,-3.525964967712618581e+00
-7.102210836788926951e-01,-1.606336378151662081e-01,1.665390909490099380e+00,1.307442850231378184e+00,-2.472192769311645222e-01,1.145978420821704979e+00,3.608373148189233603e+00,-1.478175484634979053e+00,2.529179820008357282e+00,1.738199153185770340e+00,-8.012097176996718639e-01,-2.175019118782047123e+00,6.804326516537841929e-01,-2.668787867855537232e+00,-2.956919340970693533e+00
-1.306993755640157850e+00,2.078358980894393637e-01,-4.240093426809171673e-01,2.733805107476838803e-01,-3.149694439904323628e-01,8.065408423869964150e-01,3.333509763565011053e+00,-5.246300659616857098e-01,1.051912369509506950e+00,-5.840978177364710699e-01,-1.389511848205974842e-01,-1.335902783035441965e-01,5.724260671832104297e-01,-1.186922103212848301e+00,4.860273957184513272e-01
-1.953267864853384550e+00,-1.145302172715890743e+00,-3.991011397083175094e-01,2.902405668807459094e+00,7.860067413388119872e-01,-5.587603451056410986e-03,1.774129888654053300e+00,8.442526470215849788e-02,6.394403101944234891e-01,-4.481151187143230241e-01,2.556875011091522265e-01,-5.307195463915733713e-01,-1.946751657877346720e+00,-1.132012865470643614e+00,-1.373857347894916980e+00
-1.308122594045172837e+00,-1.276143619569525711e+00,-1.087873010116826800e+00,8.592328735615410995e-01,-1.650361737219051106e+00,-2.601047152525049810e+00,5.857820930783121938e-01,1.270222088604451294e+00,-6.371455114529622765e-01,5.616003210536688606e-01,1.313403874683133910e-01,7.394751932217068502e-01,-7.065438050531788194e-01,-2.785321600926197405e+00,-1.158862463665504716e+00
-1.143287368539117832e+00,-1.952051889387571570e-01,-3.844995512492230816e-01,3.910387103590394986e+00,3.210822418714002202e-01,-9.522653600788000272e-01,2.366655690952941815e-01,1.255752727689607440e-01,-1.340893067273599415e-01,-2.258130256775122691e-01,-3.352550696943679132e-02,-6.800087241232405377e-02,-6.689621894428632309e-01,-2.398877105479479965e-02,-1.475008068933105543e+00
-3.833592131406569625e-01,1.659923995919985629e+00,2.201478085841645616e+00,2.008410676991755572e+00,3.002927110744717076e+00,9.149520330527203260e-01,9.178243388519384816e-01,2.125611677145246237e+00,6.881531593497747235e-01,9.851532710269759185e-01,1.320114570455212188e+00,-4.128919324777701738e-01,7.448151158461879806e-01,-1.676454010130225880e+00,-2.592822957786835580e+00
-1.703542997968899630e+00,9.433399404806641630e-02,7.692597537584509038e-01,5.035639612352442729e-01,2.841319166557600084e+00,8.427557649743860901e-01,1.599332216335677570e+00,1.405892748358162025e+00,-3.106567916157033649e-01,4.336540119008095440e-01,3.836892780446464757e-01,3.832564988806708706e-01,2.616202173752386173e+00,-9.752769879264004960e-01,-6.356530456011547647e-01
-2.884414595194641606e+00,-1.736610253337907528e+00,-1.375973734251351166e+00,1.006730071116062469e-01,4.361040402973159757e-01,4.906189419696808107e-01,-9.988086581290873678e-01,1.398850917245080705e+00,-8.559985811932457889e-01,-1.659367632507193990e+00,3.798579615369437890e-01,8.894480876753063647e-01,2.656840088423532809e+00,1.719109130268973162e-01,7.129882878903881505e-02
-2.400128126220792524e+00,-3.049195209811109919e+00,-4.982315405865900271e-02,1.129995147864839122e+00,6.230327419112266507e-02,4.391751945366173526e-02,-3.610813661284550391e-01,1.533889004880418128e+00,-8.403239756685644268e-01,-2.650802618464006333e+00,-9.907733481299471068e-01,1.025221267186981144e+00,2.465802463370859954e+00,-2.160277890264439282e-02,6.919220370657988006e-01
-2.668493612884468291e+00,-5.749663426822305468e+00,-1.555649353174854976e+00,-1.417205410661215303e+00,-1.385696124546197616e+00,-3.977165911695881295e+00,-1.488798938723269627e+00,-2.631304556454082899e+00,-3.112756820377416744e+00,-3.508439703621175632e+00,-1.829602722649397606e+00,-1.433733425714670551e+00,-7.493801601156868664e-02,-2.756603414357529758e+00,2.789958967093560949e-01
-1.826716218979283379e+00,-4.260314795684001510e+00,-5.337597156004274090e+00,-2.226998388505530446e+00,1.245394665634305342e+00,-4.926810039398320740e+00,-1.965868702309549576e+00,-2.801623222351322440e+00,-1.250998672312768623e+00,-1.716046982149427524e+00,-2.280017738018485396e+00,-8.653154630859245522e-01,-3.399971069985014971e-01,-3.127247826773939199e+00,-1.187340892684728200e+00
1.274398281029468505e+00,-1.560483151174477889e+00,-1.334207463699818685e+00,2.457910831377223548e-01,1.540536335932525258e+00,-2.036572404430310179e+00,-3.651038778720981925e-01,1.086267899006339022e-01,1.662146430870524050e+00,4.848782712069796830e-01,-3.132006987191383818e+00,-2.341192783201875294e+00,-1.663696221944873876e+00,-2.492127164901871694e+00,-2.663970331600039820e+00
-1.896386213289303235e+00,-2.496901715547954481e+00,-1.513797253669304288e+00,-1.311081946764576456e+00,-1.013333319133252530e+00,-3.382600304195272578e+00,-1.471898938157232717e+00,-1.231235272554884297e+00,-9.255732529847634504e-01,3.022180334186223005e-01,-2.899021713420752100e+00,-4.884669077432008066e+00,-1.421356972094306226e+00,-1.635338135454484920e+00,1.227068567807179544e+00
-1.691779980039634923e+00,-1.281625758528542214e+00,-1.027493249870312653e-01,-4.674438316292724438e-01,-1.142102980636520382e+00,-5.958263312936420419e-01,-2.828425636229783713e+00,-1.939930596943542529e+00,1.104610007621106282e-01,1.684471205858581122e+00,7.520469749872481513e-01,-4.012399955985878286e+00,-8.515583321334063704e-01,-1.596607021119633929e+00,-9.163475692954700103e-01
-2.580671800399869653e+00,2.194621158671159034e+00,-4.464120551655865188e-01,-1.343688382532603587e+00,-1.090976046916883435e+00,-1.826426475697445095e+00,-4.266555278805526541e+00,-1.276095759030430488e+00,1.156740914521393382e+00,8.055121176080995982e-01,1.266193351135731282e+00,-2.825471845541106308e+00,1.493958293895558231e+00,-1.073130936963711424e+00,-2.070856514529244130e+00
